results/color_evolution/CMFGEN_1.02.ecsv
# %ECSV 0.9
# ---
# datatype:
# - name: obj_id
#   datatype: string
# - name: u_g
#   datatype: float64
# - name: u_g_err
#   datatype: float64
# - name: g_r
#   datatype: float64
# - name: g_r_err
#   datatype: float64
# - name: r_i
#   datatype: float64
# - name: r_i_err
#   datatype: float64
# - name: i_B
#   datatype: float64
# - name: i_B_err
#   datatype: float64
# - name: B_V
#   datatype: float64
# - name: B_V_err
#   datatype: float64
# - name: V_Y
#   datatype: float64
# - name: V_Y_err
#   datatype: float64
# - name: Y_JH
#   datatype: float64
# - name: Y_JH_err
#   datatype: float64
# meta: !!omap
# - source: CMFGEN
# - version: '1.02'
# - bands:
#   - !!python/tuple
#     - csp_dr3_u
#     - csp_dr3_g
#   - !!python/tuple
#     - csp_dr3_g
#     - csp_dr3_r
#   - !!python/tuple
#     - csp_dr3_r
#     - csp_dr3_i
#   - !!python/tuple
#     - csp_dr3_i
#     - csp_dr3_B
#   - !!python/tuple
#     - csp_dr3_B
#     - csp_dr3_V
#   - !!python/tuple
#     - csp_dr3_V
#     - csp_dr3_Y
#   - !!python/tuple
#     - csp_dr3_Y
#     - csp_dr3_Jcsp_dr3_H
# schema: astropy-2.0
obj_id u_g u_g_err g_r g_r_err r_i r_i_err i_B i_B_err B_V B_V_err V_Y V_Y_err Y_JH Y_JH_err
2004dt 1.0876592913266176 4.560820577950249e-07 1.9178142544143937 2.7593963054615494e-08 -1.6110101859017862 2.23898355742302e-08 -1.2308014583475158 2.3816664327747424e-08 "" "" "" "" "" ""
2004ef 1.048714331101024 5.5132164538709255e-08 2.2674448170462056 2.9606938994264987e-08 -1.811933323524491 2.5219433537207256e-08 -1.2463595720278335 1.8226027130734175e-08 "" "" "" "" "" ""
2004eo 0.6979465807576117 2.4985889259360807e-08 2.1045948687608034 3.008546868687697e-08 -1.7026758693720514 1.971184372221984e-08 -1.1726198342699707 1.534008640506025e-08 "" "" "" "" "" ""
2004ey 0.6450210638975128 1.2432168752952987e-08 1.894576495135811 2.1274269533379144e-08 -1.9184541689454184 2.3960795668243158e-08 -0.6985632822803847 1.4894015566089735e-08 "" "" "" "" "" ""
2004gc "" "" 2.4468892421884685 3.6347622876978124e-08 -1.8846816168316047 2.4673491543841034e-08 -1.4174603998472894 1.8653960657807312e-08 "" "" "" "" "" ""
2004gs 0.9474874357209779 1.4377727563130312e-08 2.1500643299216375 4.730900025525043e-08 -1.6997207044804714 5.0556034814967884e-08 -1.3842852199224474 1.7536149560548337e-07 "" "" "" "" "" ""
2004gu 0.7659809212830293 1.0725081893185418e-08 2.1934546938155703 2.5152024923828316e-08 -1.9330148403728549 2.354257530929966e-08 -1.0956836548750772 1.4998946177322056e-08 "" "" "" "" "" ""
2005A "" "" 3.1304676310285062 3.748961250121301e-08 -1.4559179253128005 2.0079476614354956e-08 -2.3041322846808154 2.7177916126040382e-08 "" "" "" "" "" ""
2005M 0.6438997543028611 1.4682181471645753e-08 2.06260080494861 2.488702926909904e-08 -1.8470021387736468 2.5489713673425713e-08 -1.0136788233856864 4.241094287091432e-08 "" "" "" "" "" ""
2005W 0.4603952446420237 1.0946505570382527e-08 1.7075450839772754 2.2272844652465747e-08 -2.00798663372748 2.6595511332767814e-08 -0.3703653333702404 1.2938310295740846e-08 "" "" "" "" "" ""
2005ag "" "" 2.2380809028590845 3.085596056254053e-08 -1.69944540225946 2.107491186479351e-08 -1.3194269773364662 1.6588589930533556e-08 "" "" "" "" "" ""
2005al 0.9179722193853891 7.625224706423213e-08 1.9087754892464122 2.4928724606653668e-08 -1.847297649971637 2.4031518112276584e-08 -0.7950362403236336 1.4434584838790415e-08 "" "" "" "" "" ""
2005am 0.910659926103531 1.5995456677520243e-07 2.1651308015595476 3.058059688307838e-08 -1.7887718325166093 2.2683885296962406e-08 -1.2296918818076708 1.7191039001640548e-08 "" "" "" "" "" ""
2005be 0.8678347389835983 1.1876699016714739e-08 2.2503820211823413 2.2772642944826627e-08 -1.8124783596999503 1.1447177027896266e-08 -1.2369709383408625 1.5394003566135768e-08 "" "" "" "" "" ""
2005bg 0.6458716131451249 1.0815719288696008e-08 2.0917209363382163 2.9335745246156794e-08 -1.969684919079649 2.247810471089906e-08 -0.7961008990274292 1.3314146952206728e-08 "" "" "" "" "" ""
2005bl 1.1434583213199918 6.646539319333474e-09 2.222921872863693 2.0479514718349326e-08 -1.3040974368120337 1.7917419090825462e-08 -1.5682233908088499 1.4950057723279177e-08 "" "" "" "" "" ""
2005bo 0.7553011358920875 1.100341711269696e-08 2.154004672950228 7.758167644686298e-10 -1.775936796520402 3.7146555292191674e-09 -1.2754266968952455 9.872381596219811e-09 "" "" "" "" "" ""
2005el 0.7633335019078247 1.4770191504934581e-08 1.8604710562834774 2.7705279520533657e-08 -1.807181427869499 2.2527146765746664e-08 -0.7997862172338006 1.2191325746535903e-08 "" "" "" "" "" ""
2005eq 0.8115771921303847 1.4096229733247016e-08 2.081436271099278 2.7869109956088166e-08 -1.9170369748715055 2.2331662660675735e-08 -0.9528025565875912 1.4865039382231631e-08 "" "" "" "" "" ""
2005gj "" "" "" "" "" "" "" "" "" "" "" "" "" ""
2005hc 0.5366333028953627 6.920787837451368e-09 2.1829083377747622 2.791815721540607e-08 -1.905448108192727 2.227881728344693e-08 -1.0543467183008863 1.3521724903234715e-08 "" "" "" "" "" ""
2005hj 0.1430107405559704 5.47551821416684e-09 2.23763318277649 2.5074122815776236e-08 -1.899523314226038 2.564478647464834e-08 -1.186674302369895 1.5566217021110498e-08 nan nan 2.194360766317648 1.8305528656795767e-08 "" ""
2005hk "" "" "" "" "" "" "" "" "" "" "" "" "" ""
2005iq 0.6901916776826134 1.4633495117191553e-08 2.0675640421931836 2.5913282885005036e-08 -1.8491240563607603 2.0457682944349464e-08 -0.9634606487994485 1.3176574496815683e-08 "" "" "" "" "" ""
2005ir "" "" "" "" "" "" "" "" "" "" "" "" "" ""
2005kc 0.573156529959747 9.720565547076973e-09 1.888271238365783 1.0659308442951769e-08 -1.834939260308689 1.0464065017216095e-08 -1.0724694307861242 1.4589295347410536e-08 "" "" "" "" "" ""
2005ke 1.4167736610541601 1.9660965287042423e-07 1.7639475157824633 5.6869375390958534e-08 -1.2156726856503357 1.59022442949273e-08 -1.4118730265336827 1.6921701339777016e-07 0.5493943466285479 1.1525045314231926e-08 0.6315303423721973 1.1682623786903754e-08 "" ""
2005ki 0.7606219986242849 1.6338356558940355e-07 1.5900808590900286 3.4709905835339766e-07 -1.7328726280729612 3.4391702870051906e-07 -0.6683015745000367 1.907200842802011e-07 0.4545579691134531 3.549363722554547e-08 0.9975437436302594 1.1489003842705008e-08 "" ""
2005ku 0.5608990093085924 6.758120519424742e-15 2.1813678870193787 4.728717086355798e-09 -1.869416826427836 2.656610456820563e-08 -0.2979860992192982 9.339558991481427e-09 "" "" "" "" "" ""
2005lu 1.0719973062210881 1.8030055555553158e-09 2.441127073523138 2.237712090458678e-08 -1.7731893382348658 2.1196584114139345e-08 -1.5319748109001377 2.196289459908445e-08 0.8886538036731498 1.1455004726543541e-08 0.8758962956089851 4.384859496957017e-09 "" ""
2005mc "" "" "" "" "" "" "" "" "" "" "" "" "" ""
2005na 0.546274037454243 9.853277908663463e-09 2.143114978548048 2.4106846747112053e-08 -1.83014962600648 2.411278540350025e-08 -1.0694745992337438 1.3868484407466431e-08 0.9065367449078815 1.0007499752091398e-08 1.1265358238780452 1.625954279801887e-08 "" ""
2006D 0.977323108070934 8.245242115694625e-08 1.6664608750291732 2.766507280136966e-08 -1.7090812754451707 2.6385946201896634e-08 -0.7609031006154183 1.1363141155468708e-07 0.6895272166919376 2.7110762734960222e-08 0.9407277128382209 1.2243125329655227e-08 "" ""
2006X 2.589857222508153 2.7455785966331727e-08 2.9649644829316286 1.9388771792918866e-07 -1.3619542001558536 1.8254492202659575e-08 -2.8637642795368725 5.267567194747865e-07 1.6847960553328674 3.194358487937644e-07 1.9101344633507134 2.4789426893214472e-08 "" ""
2006ax 0.676993040491446 1.213041244931983e-08 1.9215388514377512 1.551779083008853e-08 -1.8673197855971035 1.743045380194757e-08 -0.7511697285060831 1.4620860419189069e-08 0.5936598398769406 1.2506116569419265e-08 -0.03366163851862187 1.2405452889607539e-08 "" ""
2006bd "" "" 2.6191038055267772 3.1044804945083756e-08 -1.3676214826415394 1.8917349521614938e-08 -1.940001573580212 1.83485619167988e-08 1.0928958745986643 1.2905453655004908e-08 0.7604070967868432 8.442214669411231e-15 "" ""
2006bh 0.7450635314463075 1.457713252318293e-08 2.062893559589141 2.1547834660022296e-08 -1.8165331760976116 2.2492471338929605e-08 -1.013102362606723 1.3601648235691899e-08 0.7697074977880125 1.2680302703957489e-08 0.16605849584993881 1.1141292024318373e-08 "" ""
2006br "" "" 3.148994285542031 1.7254502910926282e-08 -1.3964817110190837 1.102525080150452e-08 -3.0823826501312768 2.2888526045485367e-08 1.3738431568701341 8.674236063628938e-09 0.8468362710820677 5.693316870956741e-09 "" ""
2006bt "" "" "" "" "" "" "" "" "" "" "" "" "" ""
2006dd 1.558681499294324 2.1641698178582702e-08 0.9931642300164952 1.4855526602872948e-08 -1.492024288083317 2.187938682774841e-08 -0.33105044873357015 1.4606032031606841e-08 0.4489758557000774 1.734158290437854e-08 nan nan "" ""
2006ef nan nan 2.274832982049353 2.2652093000570506e-08 -1.7681542188552946 1.4388286157862584e-08 -1.262987376662589 1.6060520539410016e-08 0.9090016395587653 1.2662317029464183e-08 "" "" "" ""
2006ej 1.05791483248922 9.282495198953255e-09 2.3176657561406624 1.732672496567345e-08 -1.7524516947295399 6.7866497725878275e-09 -1.3952641532975136 2.2418029553420155e-09 0.8262062180619895 1.3719336755572854e-08 1.0900257876802306 1.2101717269177643e-14 "" ""
2006eq nan nan 2.5903502567329766 2.8066779319030226e-08 -1.5322714948177283 1.7412668609890157e-08 -1.8540395206264721 2.0764158461424524e-08 1.0356994673789475 9.308773861474754e-09 1.0773849260475785 9.484487103504244e-09 "" ""
2006et 1.074936517035054 1.2303210375510425e-08 2.170413789964649 3.201769936269021e-08 -1.7960716628981688 2.5304247147923298e-08 -1.1732497054066728 1.74738182561744e-08 0.7639647969943932 1.1969871988835951e-08 0.6975557147242236 1.1998579965008988e-08 "" ""
2006ev "" "" 2.4374669688593245 2.633476690147369e-08 -1.7612400131130967 2.0234013457415515e-08 -1.3984221753823274 1.2691996760938703e-08 0.9837081415148318 7.601766265521118e-09 -0.007906446827246155 1.0906455243501145e-08 "" ""
2006fw 0.43409961447467704 6.150838748806404e-14 2.1549957491042173 7.558315931380606e-09 -1.354879978940513 1.6883500302159503e-08 -1.1819710691330512 6.929783980067972e-12 0.6183230224393971 3.083902154582525e-12 "" "" "" ""
2006gj 0.6970127437411673 1.1665082091211921e-08 2.314953681008357 2.6906291078108084e-08 -1.549305006005615 1.9808437644555238e-08 -1.877636546397355 9.922450094438336e-09 1.1319662584295018 1.5115167243919327e-08 1.0706394548406024 1.4153542182901983e-08 "" ""
2006gt 0.6750231514847947 2.1202050673620662e-09 2.3277723621640276 2.3379979769921627e-08 -1.5680984558537934 1.912469822062444e-08 -1.6164738234142648 1.7798360315889285e-08 1.0045158624778459 5.784280387312106e-09 0.5317150275256833 1.3993411550457642e-08 "" ""
2006hb 1.0861453144475564 1.1231010306599199e-08 1.714409451827143 4.4223430219505726e-08 -1.5011070299056777 7.374053104148332e-08 -1.0383825169867307 8.36475501176978e-08 0.7205491176904819 3.7938799966275584e-08 0.8387881448661927 1.4837187231246576e-08 "" ""
2006hx -0.01154351612087802 9.156819684252762e-09 2.320736250739719 2.2794406942445504e-08 -1.580725449686269 9.976315760544849e-09 -1.085234578123167 8.717064397332755e-09 0.6535210591857101 7.842180783798258e-09 "" "" "" ""
2006is 0.8597576511488804 1.1220834140454548e-08 1.9324633662042194 2.401562470161203e-08 -2.0700033466963905 3.644614829305376e-08 -0.6648443493882866 2.4915379652043263e-08 0.5926624484034674 1.8648785771859635e-08 -1.0573971518809995 1.1361141719313058e-08 "" ""
2006kf 0.6482664836501901 1.1582747986328313e-08 2.080490908697957 2.8160926223419908e-08 -1.7924883789655914 2.5836489822593285e-08 -1.0950691539577035 1.5646485710773995e-08 0.9184581691953799 1.4179936425748883e-08 0.5128428685383892 1.4413176889901147e-08 "" ""
2006lu 0.7562343449253125 1.2844994967927728e-08 2.122005789004082 2.7690956171749746e-08 -1.9044962587524281 2.578321547732068e-08 -1.0894366937114282 1.2571147806046953e-08 0.8293884288596295 1.3801783468388822e-08 -1.110366438825716 1.125033059345049e-08 "" ""
2006mr 1.4653680613634978 1.910485253222479e-08 1.8890088626352428 1.1774284565295171e-07 -0.8568650129691449 1.860252835968445e-08 -1.836106416143717 1.483440240297091e-07 0.8912403074078246 2.3630861935030037e-07 1.1029831169628492 2.8726728497875427e-08 "" ""
2006ob -0.28678712389888306 3.1839766811856744e-15 2.141106478976767 2.0444718997398992e-08 -1.6263455634848685 1.9140979977403847e-08 -0.4421015320318292 1.367822628396997e-09 0.39899825554505686 1.08215748657831e-08 0.9148238680049399 1.4133157192519285e-08 "" ""
2006os 0.9075462053616987 9.273308858179377e-09 2.6239905866216517 3.6798487911261956e-08 -1.6038292513779593 2.3750041315281996e-08 -1.3388132114208242 1.8936930585801528e-08 0.9118747931704145 6.887960038849374e-09 0.9416588072456858 1.2260240968491019e-08 "" ""
2006ot 0.4849930753259477 1.3211300944831876e-08 2.300709520488518 5.4566007847349035e-09 -1.5325965998712048 2.1440962586416266e-08 -1.7047756294949732 2.3284688038225505e-08 0.8549154886491582 1.2227220347763035e-08 1.2233139627878682 1.3791341406757467e-08 "" ""
2006py 0.1544466818146235 4.488914804048057e-09 1.7016964680844813 1.960594422511598e-08 -2.0273485935506486 2.6692552358837437e-08 -0.25188657352205807 1.1112475147662616e-08 0.3426854148661582 5.544358009130813e-09 "" "" "" ""
2007A 0.15425702722982257 3.3764666384540283e-09 1.7754912501695492 1.6285976693068903e-08 -2.02167106131553 2.081165760892734e-08 -0.3126607503366564 1.0474316793944035e-08 0.40008088082215276 1.454736362177391e-08 -0.49380004243303627 1.0166071706198671e-08 "" ""
2007N 2.7533968739590264 2.7781720919381995e-08 2.2084542944444063 2.7658574862947075e-08 -0.9890400582222924 1.2987635527473798e-08 -2.1794100664600426 2.9821264308023985e-08 1.1171387600507214 1.4646003510281405e-08 1.448861549921097 1.928962496699783e-08 "" ""
2007S nan nan 2.3814936221610448 3.291022626429614e-08 -1.7063230780629597 2.1801392233254137e-08 -1.5477936602608295 1.8867703599791367e-08 1.0011143639242759 1.3369627648373825e-08 0.6319126755094535 1.2194448065686572e-08 "" ""
2007af 1.0358904024777458 1.3569203856424954e-08 2.0452014116289656 2.5546170385842814e-08 -1.7665278728616673 2.570608379308719e-08 -1.1169061691334503 1.3801804124590341e-08 0.7851452742478631 1.1629919214686196e-08 0.5609996705913421 1.4561669993198731e-08 "" ""
2007ai 0.49979707436797777 1.3564908752430643e-08 2.486112944524779 8.521760093565276e-09 -1.7330856344883012 1.7386076887688013e-08 -1.4641243126455705 1.6593833908427294e-08 0.970326029226303 8.949884281043926e-09 -0.5945378278208522 1.1278182482410041e-08 "" ""
2007al 1.582855227132557 3.977257000863298e-09 2.3082933928686917 3.3811654698761445e-08 -1.2305973613957955 1.628884992380051e-08 -1.9249525758922585 2.3331389515081004e-08 1.0847579037555157 1.2942493583624973e-08 1.2622276122246565 1.3115385646022418e-08 "" ""
2007as 0.8861827474627098 9.30295601905683e-09 2.14879883651533 3.10571252181602e-08 -1.9204589838700414 2.610385011590264e-08 -1.0336796879034447 1.4657312797949855e-08 0.8580418901484127 9.243263840475966e-09 0.4415083819567949 1.4500273112754543e-08 "" ""
2007ax 1.3670100871760764 1.999312776876776e-08 2.3639949891248886 1.8024672207673803e-08 -1.3520308649500554 1.8605818006392292e-08 -1.8823273169379573 2.214676827907697e-08 1.0652921233885606 1.2725136392554753e-08 1.070795006197108 1.0828984273159197e-08 "" ""
2007ba 0.8471954114067934 9.148591936401961e-09 2.4140322963192475 2.8049112866929792e-08 -1.5288102837377784 1.248525919329928e-08 -1.748474066680038 1.8877402663518978e-08 0.9025395710787775 1.1567173674277273e-08 0.9627116497020973 1.0094710170517118e-08 "" ""
2007bc 0.42494375432517434 6.498016949709012e-09 2.2130959548235727 2.407478726225384e-08 -1.7912057212246595 2.5659381342602597e-08 -1.1317331037413048 1.3789489836169413e-08 0.7753408511697402 4.701914782631031e-09 0.5791848340915322 1.1319639521468256e-08 "" ""
2007bd 0.6487684891546421 7.299598277768082e-09 2.03048818541825 2.052512974297483e-08 -1.843302971362973 7.873948521144596e-09 -0.9266301416655052 1.108754582304601e-08 0.6445605039131277 3.6736066470509934e-09 0.23910559749962548 1.1385814449298847e-08 "" ""
2007bm 1.7504880463914314 7.558242171585752e-10 2.4829209862377537 1.5203890460294763e-08 -1.5999902354682494 1.3734830988841048e-08 -1.7227773174780876 2.2573937315170445e-08 1.1169939926664558 1.1847471442440386e-08 0.38863371754503856 1.1724945305310212e-08 "" ""
2007ca 0.9089006003808194 1.4364459132489105e-08 1.9676462524245582 1.754103770581892e-08 -1.8623628321431451 1.6059513220517732e-08 -0.8878791891587304 1.101117660208134e-08 0.6794382002188666 1.2675598352127501e-08 -0.006947099477898334 1.3629142829188401e-08 "" ""
2007cg "" "" "" "" "" "" "" "" "" "" "" "" "" ""
2007hj 1.065866887183028 1.362867597116112e-08 2.1087607782607916 2.6869489770646028e-08 -1.6221226179102632 2.4123180272077784e-08 -1.3367805312415841 1.9859471021069674e-08 0.9268614280930779 1.7946108661477137e-08 0.8553843429629374 1.3280408838350646e-08 "" ""
2007hx "" "" "" "" "" "" "" "" "" "" "" "" "" ""
2007if "" "" "" "" "" "" "" "" "" "" "" "" "" ""
2007jd "" "" "" "" "" "" "" "" "" "" "" "" "" ""
