results/color_evolution/CMFGEN_1.04.ecsv
# %ECSV 0.9
# ---
# datatype:
# - name: obj_id
#   datatype: string
# - name: u_g
#   datatype: float64
# - name: u_g_err
#   datatype: float64
# - name: g_r
#   datatype: float64
# - name: g_r_err
#   datatype: float64
# - name: r_i
#   datatype: float64
# - name: r_i_err
#   datatype: float64
# - name: i_B
#   datatype: float64
# - name: i_B_err
#   datatype: float64
# - name: B_V
#   datatype: float64
# - name: B_V_err
#   datatype: float64
# - name: V_Y
#   datatype: float64
# - name: V_Y_err
#   datatype: float64
# - name: Y_JH
#   datatype: float64
# - name: Y_JH_err
#   datatype: float64
# meta: !!omap
# - source: CMFGEN
# - version: '1.04'
# - bands:
#   - !!python/tuple
#     - csp_dr3_u
#     - csp_dr3_g
#   - !!python/tuple
#     - csp_dr3_g
#     - csp_dr3_r
#   - !!python/tuple
#     - csp_dr3_r
#     - csp_dr3_i
#   - !!python/tuple
#     - csp_dr3_i
#     - csp_dr3_B
#   - !!python/tuple
#     - csp_dr3_B
#     - csp_dr3_V
#   - !!python/tuple
#     - csp_dr3_V
#     - csp_dr3_Y
#   - !!python/tuple
#     - csp_dr3_Y
#     - csp_dr3_Jcsp_dr3_H
# schema: astropy-2.0
obj_id u_g u_g_err g_r g_r_err r_i r_i_err i_B i_B_err B_V B_V_err V_Y V_Y_err Y_JH Y_JH_err
[from data line 77]
2007jh "" "" 2.866532142641719 2.8145809251652325e-08 -0.9104832901471287 1.0198118573331483e-08 -2.8173129947258198 2.429907250010251e-08 1.2386889019198577 1.2253140116504064e-08 2.3714017523363577 2.6327848260802675e-14 "" ""
2007le 0.8252876478000908 1.2203676706868427e-08 2.5791268774264227 3.657524705535811e-08 -1.1949681585114103 1.4142690754112993e-08 -2.2796299515700014 3.028152710542423e-08 1.037447135926058 1.3628297104224542e-08 1.1984292583607508 1.4187819871475045e-08 "" ""
2007mm "" "" "" "" "" "" "" "" "" "" "" "" "" ""
2007nq 0.26256292856591174 5.529798852688036e-09 2.575141905746852 2.9420255004332937e-08 -1.1571098298893747 1.6334114734335884e-08 -2.25286659398817 2.9156182484414117e-08 0.9050563665537871 1.3324263619591887e-08 1.4097825703206515 1.935432323566331e-08 "" ""
2007ol "" "" "" "" "" "" "" "" "" "" "" "" "" ""
2007on 0.6359387205507943 1.048492182686214e-07 2.2246577689476847 3.260796373390338e-08 -0.9393980293580177 1.4511093412193848e-08 -2.0701002632951333 4.48626206731015e-08 0.8192098093969368 3.2605612222330865e-08 1.1433767521738498 2.985669836144917e-08 "" ""
2007so "" "" "" "" "" "" "" "" "" "" "" "" "" ""
2007sr 0.7108279069255633 9.550460717458395e-09 2.1656365204701444 2.8756319969802034e-08 -1.2430763513639747 1.5503357944727436e-08 -1.7958328065068234 2.440527337951299e-08 0.7988399279220894 1.1756167452406481e-08 0.8130975442500462 1.4003428364435287e-08 "" ""
2007st "" "" "" "" "" "" "" "" "" "" "" "" "" ""
2007ux 0.5956554802626004 1.0634584700437748e-08 2.6252203165346897 2.9120232768390567e-08 -1.0250082941740248 1.3995182325842155e-08 -2.482519928287409 3.047275439719293e-08 0.9248613229890862 1.043695524493729e-08 1.7254727307466005 2.0394565548250683e-08 "" ""
2008C 0.346574598679262 1.0171703235342886e-08 2.452131683443873 3.195660715694839e-08 -1.0421203367433904 1.440262677278764e-08 -2.0171945819231123 2.5258442461440232e-08 0.7168424450551715 1.3663242153064228e-08 0.2921052421954765 2.51098987072853e-09 "" ""
2008J "" "" "" "" "" "" "" "" "" "" "" "" "" ""
2008O "" "" "" "" "" "" "" "" "" "" "" "" "" ""
2008R 0.5853695300079873 1.348374560179403e-08 2.509445227688257 4.819634483219891e-09 -1.0596599248601235 1.5024273985703802e-08 -2.2882656196914914 3.213269631840827e-08 0.9448774851308323 1.1820956528207567e-08 1.371418910349522 1.8297899128745614e-08 "" ""
2008ae "" "" "" "" "" "" "" "" "" "" "" "" "" ""
2008ar 0.10384473994474204 5.228324131081842e-09 2.448502110103908 2.26792053953665e-08 -1.2482570355847937 1.3896685226763352e-08 -1.97159696396923 2.22209397624765e-08 0.7989183453735675 1.415715364914053e-08 1.0429239249865345 1.1864961551796707e-08 "" ""
2008bc nan nan 2.1502258412180213 3.075558102949623e-08 -1.299041611332009 1.8186577330504146e-08 -1.5796654439635087 1.8630751722763946e-08 0.7247356403904441 1.2461194027668876e-08 0.6493040640055033 1.3530372092329747e-08 "" ""
2008bd "" "" "" "" "" "" "" "" "" "" "" "" "" ""
2008bf 0.26656857124239774 1.313136491586481e-08 2.2557069993053833 2.677444156297892e-08 -1.3051143586987055 1.867312914267081e-08 -1.7348729522236817 2.483746054015772e-08 0.7179044601199653 1.3162645789953438e-08 0.47029229436005304 1.4213259535894038e-08 "" ""
2008bi "" "" "" "" "" "" "" "" "" "" "" "" "" ""
2008bq 0.6573413172875038 1.4802288924914062e-08 2.469640802412844 2.207822246150784e-08 -1.3124360243370474 1.657247367030274e-08 -1.8056576200619685 1.8202941913955484e-08 0.76069789775847 8.856121149515537e-09 0.727828384396278 1.1465878808720395e-08 "" ""
2008bt "" "" "" "" "" "" "" "" "" "" "" "" "" ""
2008bz "" "" "" "" "" "" "" "" "" "" "" "" "" ""
2008cc "" "" "" "" "" "" "" "" "" "" "" "" "" ""
2008cd "" "" "" "" "" "" "" "" "" "" "" "" "" ""
2008cf "" "" "" "" "" "" "" "" "" "" "" "" "" ""
2008ff "" "" "" "" "" "" "" "" "" "" "" "" "" ""
2008fl "" "" "" "" "" "" "" "" "" "" "" "" "" ""
2008fp 1.0793847851661897 8.739954120332812e-08 2.568590961490758 3.2938809791040877e-08 -0.9804795546005062 1.3519287727250596e-08 -2.63566580731825 3.475709673559294e-08 1.251583864562846 5.193533226012703e-08 1.409138660623587 1.883159856170839e-08 "" ""
2008fr "" "" "" "" "" "" "" "" "" "" "" "" "" ""
2008fu "" "" "" "" "" "" "" "" "" "" "" "" "" ""
2008fw "" "" "" "" "" "" "" "" "" "" "" "" "" ""
2008gg "" "" "" "" "" "" "" "" "" "" "" "" "" ""
2008gl 0.6357327591601956 1.2973401206951085e-08 2.5253391502346085 2.9787132279649287e-08 -1.2571907199624988 1.658242091179454e-08 -2.11046091728182 2.93534281202166e-08 0.8532548216380129 1.1634393437936764e-08 0.7714972479230111 1.4816244169000955e-08 "" ""
2008go "" "" "" "" "" "" "" "" "" "" "" "" "" ""
2008gp 0.06302402042080303 1.2643991217709554e-08 2.1599550129265226 1.4530248762602935e-08 -1.3284597167181766 1.9052899959117015e-08 -1.5111212906125997 2.105824498591425e-08 0.5662981989412393 1.2830840940057632e-08 0.48188485463251574 1.4090171313551865e-08 "" ""
2008ha "" "" "" "" "" "" "" "" "" "" "" "" "" ""
2008hj "" "" "" "" "" "" "" "" "" "" "" "" "" ""
2008hu 0.3417243915019406 1.4759291326609317e-08 2.4968351658566315 1.975677444919366e-08 -1.1920134613780655 1.5568480812782745e-08 -1.9977204545217768 1.3452157324933473e-08 0.795228660638252 1.0795270768446283e-08 0.8733110282334157 1.4654463702350233e-08 "" ""
2008hv 0.29992270729812026 1.4457168347490031e-08 2.2505304590159496 3.344408553200405e-08 -1.2452825824392384 1.7465051727197122e-08 -1.775393332004168 2.1393023760240878e-08 0.7189079855879804 1.4843050943809246e-08 0.7949480242362083 1.477505185587151e-08 "" ""
2008ia 0.1173704313928965 1.4823969733354711e-08 2.386459134070467 2.4020624987468912e-08 -1.2539638615078184 1.7701469172713272e-08 -1.8559853907833457 2.7388300463064313e-08 0.7813709037441126 1.2840844561688411e-08 0.8691383329698942 1.4488146017933614e-08 "" ""
2009D 0.44049665990677395 1.199563738956508e-08 2.2400483370085187 2.268056227094643e-08 -1.3362675091427083 1.9070332155286158e-08 -1.716685020736114 1.1556922469325948e-08 0.6994904508973 1.4039140632581249e-08 0.8657473005521468 1.2376153801255935e-08 "" ""
2009F 0.7393850134258326 1.0960464351126933e-08 2.7489133646367114 3.827488509394299e-08 -0.7934331047859049 1.415956502337884e-08 -2.8537736328387995 3.7445140001494716e-08 1.1833307541390712 1.2319825631928117e-08 1.751558297821915 2.1226713953995087e-08 "" ""
2009I "" "" "" "" "" "" "" "" "" "" "" "" "" ""
2009J "" "" "" "" "" "" "" "" "" "" "" "" "" ""
2009P "" "" "" "" "" "" "" "" "" "" "" "" "" ""
2009Y 0.5932232509814523 2.6505456759280597e-08 2.3084439099957432 3.284060952135755e-08 -1.3302968727374895 1.8659859125357873e-08 -1.7760968803891655 2.3408106486145187e-08 0.809609125731523 1.4082978462666918e-08 0.7300420651175814 1.4353990441099026e-08 "" ""
2009aa 0.2831836622331502 1.211883075666861e-08 2.41309488775567 2.7234568893070194e-08 -1.1792524337717825 1.533099367464538e-08 -2.0325576899305404 2.9510526510525064e-08 0.7683012999147518 1.1533212306564525e-08 1.1269245601524407 1.4432493732576986e-08 "" ""
2009ab 0.07739492821635685 8.214778434618031e-09 2.116705563678531 2.5287451272279192e-08 -1.2722408647026189 1.7814569817294225e-08 -1.5526951101836781 2.262391671338608e-08 0.6066197725970591 1.24319940851545e-08 0.05476855732966032 1.3208408836799637e-08 "" ""
2009ad 0.03178043270942764 1.4895034496269144e-08 2.0198928065484214 1.883938306143666e-08 -1.4030601132626974 1.9692717743319056e-08 -1.3156943551447895 7.718409165598195e-09 0.4904357550205792 1.0460404399266922e-08 0.17197943318733477 1.3493873806753206e-08 "" ""
2009ag 0.7202582026239985 1.2007307988226621e-08 2.4812614977404888 2.2281369746335548e-08 -1.1287870026181528 1.0615182134867304e-08 -2.237500957346264 2.722594418834427e-08 1.0101788008384691 1.4252039156887376e-08 1.149814654523247 1.5902183463568653e-08 "" ""
2009al "" "" "" "" "" "" "" "" "" "" "" "" "" ""
2009cz "" "" "" "" "" "" "" "" "" "" "" "" "" ""
2009dc "" "" "" "" "" "" "" "" "" "" "" "" "" ""
2009ds "" "" "" "" "" "" "" "" "" "" "" "" "" ""
2009le "" "" "" "" "" "" "" "" "" "" "" "" "" ""
2010ae "" "" "" "" "" "" "" "" "" "" "" "" "" ""
