results/color_evolution/CMFGEN_1.04.ecsv
# %ECSV 0.9
# ---
# datatype:
# - name: obj_id
#   datatype: string
# - name: u_g
#   datatype: float64
# - name: u_g_err
#   datatype: float64
# - name: g_r
#   datatype: float64
# - name: g_r_err
#   datatype: float64
# - name: r_i
#   datatype: float64
# - name: r_i_err
#   datatype: float64
# - name: i_B
#   datatype: float64
# - name: i_B_err
#   datatype: float64
# - name: B_V
#   datatype: float64
# - name: B_V_err
#   datatype: float64
# - name: V_Y
#   datatype: float64
# - name: V_Y_err
#   datatype: float64
# - name: Y_JH
#   datatype: float64
# - name: Y_JH_err
#   datatype: float64
# meta: !!omap
# - source: CMFGEN
# - version: '1.04'
# - bands:
#   - !!python/tuple
#     - csp_dr3_u
#     - csp_dr3_g
#   - !!python/tuple
#     - csp_dr3_g
#     - csp_dr3_r
#   - !!python/tuple
#     - csp_dr3_r
#     - csp_dr3_i
#   - !!python/tuple
#     - csp_dr3_i
#     - csp_dr3_B
#   - !!python/tuple
#     - csp_dr3_B
#     - csp_dr3_V
#   - !!python/tuple
#     - csp_dr3_V
#     - csp_dr3_Y
#   - !!python/tuple
#     - csp_dr3_Y
#     - csp_dr3_Jcsp_dr3_H
# schema: astropy-2.0
obj_id u_g u_g_err g_r g_r_err r_i r_i_err i_B i_B_err B_V B_V_err V_Y V_Y_err Y_JH Y_JH_err
2004dt 0.6686269801430619 4.560820579797278e-07 2.234289660821217 3.2326592707330954e-08 -1.0121449218568288 1.4475481578519715e-08 -2.1631246957066024 2.963914868938814e-08 "" "" "" "" "" ""
2004ef 0.6285831544075025 5.5132164372695204e-08 2.583507392006697 3.3929763561030453e-08 -1.213968056097915 1.6685160239600268e-08 -2.177696089575814 2.8691940823806613e-08 "" "" "" "" "" ""
2004eo 0.27613464653340514 2.4985889230888132e-08 2.4199977583901813 3.0085469895762026e-08 -1.1061371349130993 1.594432774565182e-08 -2.1023959598958917 2.985333479755509e-08 "" "" "" "" "" ""
2004ey 0.2222368969845752 1.2432168607667624e-08 2.2095807426327854 2.12742704152836e-08 -1.322770715416781 1.7363272385193254e-08 -1.6274058603185404 2.1612795884632313e-08 "" "" "" "" "" ""
2004gc "" "" 2.7610181104917375 3.634762451630693e-08 -1.290858988144044 1.5658150690243216e-08 -2.3442766031157207 3.4090802113985165e-08 "" "" "" "" "" ""
2004gs 0.5281864449517587 1.437772762209329e-08 2.466440068711312 4.730900061661498e-08 -1.1010732421439458 4.958370828706665e-08 -2.3163695000883395 1.753614966287984e-07 "" "" "" "" "" ""
2004gu 0.34681408758232896 1.0725081953432592e-08 2.5098802993129996 3.401545963199876e-08 -1.3342584469382701 1.7702127134735433e-08 -2.0278874332955383 2.673450014588854e-08 "" "" "" "" "" ""
2005A "" "" 3.446855842573041 4.832899884694725e-08 -0.8572432250293791 1.396435180231941e-08 -3.2362464433469427 4.789306897178662e-08 "" "" "" "" "" ""
2005M 0.22459876353364167 1.4682181578195103e-08 2.378976543738288 2.488702968922315e-08 -1.2483546763365765 1.633274605208095e-08 -1.945763103551578 4.241094449519362e-08 "" "" "" "" "" ""
2005W 0.039772839384151736 1.0946504678544301e-08 2.0234185188327025 2.227284496016169e-08 -1.410431818113182 1.4961997068628384e-08 -1.3012524429462229 1.6715604974585344e-08 "" "" "" "" "" ""
2005ag "" "" 2.5543316860013956 3.085596114375983e-08 -1.1010705339479465 1.5360726436325405e-08 -2.2512123395344426 3.250445383694448e-08 "" "" "" "" "" ""
2005al 0.4978739750628007 7.62522469821989e-08 2.2248506404461263 3.1008108237175416e-08 -1.249305049287795 1.618852954121138e-08 -1.7264026983843253 2.363868367103238e-08 "" "" "" "" "" ""
2005am 0.4905946371045352 1.5995456660517258e-07 2.481218524724653 3.058059811995885e-08 -1.1907519023447812 9.837824363806921e-09 -2.16108827767468 3.2077717300706004e-08 "" "" "" "" "" ""
2005be 0.44843337039442255 1.187669814747218e-08 2.5667203166034036 2.2772644389108024e-08 -1.2139126359713033 1.1447175186922168e-08 -2.1689655687498397 2.9986195007596874e-08 "" "" "" "" "" ""
2005bg 0.22653714024048122 1.081571906196729e-08 2.408084198128945 2.9335745039806082e-08 -1.3710646996047164 1.768255077394414e-08 -1.7281552982749397 1.894928316665262e-08 "" "" "" "" "" ""
2005bl 0.7242243633877523 6.64653918530897e-09 2.5393225532833963 2.0479515499215374e-08 -0.7053955016316357 1.2239983418483672e-08 -2.5003674244096636 2.8633481269704284e-08 "" "" "" "" "" ""
2005bo 0.33550031530183455 1.1003415206986847e-08 2.4701928234908865 3.439804740848448e-08 -1.177698367174444 3.714651358369861e-09 -2.207062506111037 9.872382975936115e-09 "" "" "" "" "" ""
2005el 0.3413316533375267 1.477019180997711e-08 2.1757971032588026 2.7705280834428282e-08 -1.2108079505914662 1.5998218535649976e-08 -1.7293818513251389 2.505710580026674e-08 "" "" "" "" "" ""
2005eq 0.3907597446838057 1.4096229488289223e-08 2.3972337884623465 3.5275716738926006e-08 -1.3196465784945424 1.848881676129798e-08 -1.8835097445486675 1.706404250621725e-08 "" "" "" "" "" ""
2005gj "" "" "" "" "" "" "" "" "" "" "" "" "" ""
2005hc 0.11739934496312321 6.920787868501627e-09 2.499309018193154 3.577127244826707e-08 -1.3067461728816487 1.7483652716664926e-08 -1.9864907520471986 2.508018355291953e-08 "" "" "" "" "" ""
2005hj -0.2765574669697155 5.475518795670561e-09 2.5539089901598695 3.507539159837572e-08 -1.3010938968433785 1.9259964093132686e-08 -2.118519467432404 2.62990634406522e-08 nan nan 2.7559958769468222 1.8305531823777338e-08 "" ""
2005hk "" "" "" "" "" "" "" "" "" "" "" "" "" ""
2005iq 0.27119305419926776 1.463349471698641e-08 2.3840518885378645 2.591328428487383e-08 -1.2502315842831058 1.3920220260979456e-08 -1.8958137446206087 2.7696081124520326e-08 "" "" "" "" "" ""
2005ir "" "" "" "" "" "" "" "" "" "" "" "" "" ""
2005kc 0.15058994847446583 9.720564468789825e-09 2.203365853593003 3.034661296147314e-08 -1.23906236311385 1.0464063022445163e-08 -2.001523028830326 2.1737489586147708e-08 "" "" "" "" "" ""
2005ke 0.9976068273534598 1.9660965253711592e-07 2.0803731213469248 5.686937640277269e-08 -0.6169162921885959 1.377493243653154e-08 -2.344076804975884 1.6921701524490904e-07 0.6157526330896749 1.1525045474624243e-08 1.1935755266103574 1.7188062528889696e-08 "" ""
2005ki 0.3412875257196415 1.633835655090212e-07 1.906444120880758 3.470990585204322e-07 -1.1342524083380374 3.439170275845483e-07 -1.600355973932429 1.9072008545438822e-07 0.5210137366955393 3.5493637333945486e-08 1.5594181244205896 1.1489005595048887e-08 "" ""
2005ku 0.14086669858188583 3.750519714638356e-15 2.497468178080943 4.728719043984808e-09 -1.2713695704712284 1.0859115448863056e-08 -1.2294124305206093 9.339564595423295e-09 "" "" "" "" "" ""
2005lu 0.6528976881140962 1.8030043452985008e-09 2.7575775877533832 2.237712211921159e-08 -1.174378501892931 1.4022318707697222e-08 -2.464238325302129 3.411943568336774e-08 0.9549731280052005 1.1455005002650431e-08 1.438009776786943 1.706721991571438e-08 "" ""
2005mc "" "" "" "" "" "" "" "" "" "" "" "" "" ""
2005na 0.12542416358955233 9.853277571769654e-09 2.4588998281297125 3.4675007541844485e-08 -1.2327866460794539 1.691831633662356e-08 -2.0001517907407567 2.0848790889348205e-08 0.9738943875899486 1.000749981150294e-08 1.6868347471398941 2.406658204476831e-08 "" ""
2006D 0.5575222874806813 8.24524211788515e-08 1.9826490254983407 2.7665073941570543e-08 -1.1108428462799365 3.0827957848511754e-08 -1.69253890983121 1.1363141238943558e-07 0.7562565060466325 2.7110762866691113e-08 1.5021233828529559 1.9777068971406065e-08 "" ""
2006X 2.170723985186061 2.7455785686375747e-08 3.2814025448884587 1.9388771909517822e-07 -0.7631705834123311 1.8254489897128914e-08 -3.7959979263915717 5.267567212330985e-07 1.751134858562252 3.1943584902686025e-07 2.472213797909772 3.0381288309834936e-08 "" ""
2006ax 0.257059802234182 1.2130412748643326e-08 2.237676822042646 1.622387824085081e-08 -1.2691905755875867 1.7430450709976335e-08 -1.6826858510877307 1.8292334351166274e-08 0.6604674334250712 1.250611671945349e-08 0.5275971332609238 1.240545301695702e-08 "" ""
2006bd "" "" 2.9355169505791268 3.104480695611083e-08 -0.7688923163253456 1.1749894649653252e-08 -2.8721754765992693 4.240522879796022e-08 1.1592736486244053 1.2905453965024843e-08 1.3224181272465791 1.468179053050832e-14 "" ""
2006bh 0.3259302941242167 1.4577132374514864e-08 2.3793316215459717 2.1547835660651387e-08 -1.2177495592135483 1.3756430715077151e-08 -1.9453360094991377 2.24857436445991e-08 0.8360463010173966 1.2680302807434951e-08 0.7281378303892612 1.114129242570224e-08 "" ""
2006br "" "" 3.465444799772277 1.7254502933457676e-08 -0.7976708747166973 1.1025247197042757e-08 -4.014646162938979 2.2888532855048192e-08 1.4401624812021847 8.674236260678639e-09 1.4089497526443515 2.0208411093294e-08 "" ""
2006bt "" "" "" "" "" "" "" "" "" "" "" "" "" ""
2006dd 1.139716585094835 1.476660971100443e-08 1.3096645120052637 1.8451948483259142e-08 -0.893104611511737 1.4182758319644748e-08 -1.2634334008182717 1.775897429350388e-08 0.5152173078177058 1.7341583084774343e-08 nan nan "" ""
2006ef nan nan 2.5912959448385733 3.761819360199034e-08 -1.169316166788067 1.4388281739368836e-08 -2.195280752965373 1.6060527088105868e-08 0.975301489329433 1.2662317275770776e-08 "" "" "" ""
2006ej 0.638480050359 9.28249337687752e-09 2.6339915621894496 1.7326726470013605e-08 -1.1539132246906363 6.786645008524817e-09 -2.3272288957096996 2.241807927007908e-09 0.8927205262310207 1.3719336743100729e-08 1.6517976448855294 1.8338637773735226e-14 "" ""
2006eq nan nan 2.906513325197448 2.8066780486913305e-08 -0.9340876675085364 1.0172410680366868e-08 -2.785615491348401 3.40547144446842e-08 1.1024679002292228 9.308774486925243e-09 1.6387121516142689 1.6287530316322498e-08 "" ""
2006et 0.6560390935574977 1.2303210026716971e-08 2.4869389313817765 3.2017701205598405e-08 -1.197097588927797 1.7210840286005052e-08 -2.1056923614805387 2.713233113901414e-08 0.83016733905133 1.1969872056197833e-08 1.259874004786226 1.8739437170426126e-08 "" ""
2006ev "" "" 2.7530867631063143 2.633476919376583e-08 -1.164233789601218 1.0323480070141895e-08 -2.3287091883435536 2.227366825332749e-08 1.0513223000382044 7.601766466605899e-09 0.5519459076903995 1.0906455356985921e-08 "" ""
2006fw 0.014765141570033476 6.150816021359706e-14 2.471359010894945 7.558318020415363e-09 -0.7562597592913015 8.290428165956691e-10 -2.1140254685654427 6.936245215893417e-12 0.6847787900214833 3.0843632260618138e-12 "" "" "" ""
2006gj 0.2760010835044358 1.1665079404496945e-08 2.630675131180786 2.6906292483664273e-08 -0.9520791614526117 1.4473493434682633e-08 -2.8081637202959473 3.0999047441929246e-08 1.1994224761424863 1.5115167441710778e-08 1.6307666910776806 1.4153544492702226e-08 "" ""
2006gt 0.2555216108950577 2.120202676818884e-09 2.6440731770895156 2.3379981393896134e-08 -0.9696145045996885 1.1536570508453592e-08 -2.5483787819845674 2.7410573170152097e-08 1.0710692194492095 1.55091545617449e-08 1.0934185183673897 1.399341423759986e-08 "" ""
2006hb 0.6669784807468563 1.1231010242507683e-08 2.030835057391606 4.422343142393699e-08 -0.902350636514703 7.374052902205164e-08 -1.9705862952001172 8.19275336269267e-08 0.7869074041516086 3.7938799963252404e-08 1.4008333290950103 1.4837189299873938e-08 "" ""
2006hx -0.4308110018979496 9.156821437329721e-09 2.6371244624054597 2.2794409078384727e-08 -0.982050749111624 9.976311782021295e-09 -2.017348736570845 2.487902446972125e-08 0.7199378213331236 7.842181227196752e-09 "" "" "" ""
2006is 0.44035628255970455 1.1220834118810584e-08 2.2488016615952775 3.025043676071949e-08 -1.471437622967744 3.644614671541731e-08 -1.5968389799453915 2.4915381515835154e-08 0.6591572387209113 1.8648785788235108e-08 -0.4955911166863426 1.136114171755377e-08 "" ""
2006kf 0.22227055553448632 1.1582747657333876e-08 2.3940747394590494 2.8160927392720327e-08 -1.1998127336261162 1.3309791947384513e-08 -2.0206393114883863 2.989467516246185e-08 0.9892053856258516 1.4179936568158958e-08 1.0672902536663453 1.441317737584295e-08 "" ""
2006lu 0.33416937697349897 1.2844993278059365e-08 2.4373061883817595 3.2975431262467536e-08 -1.3081778960597563 1.853212026389719e-08 -2.018972143289429 2.496224120515788e-08 0.8974978956654996 1.3801783719810167e-08 -0.5513745268930859 1.1250330184260392e-08 "" ""
2006mr 1.0464031484043037 1.4698958071442345e-08 2.2055091447854522 1.1774284681508789e-07 -0.25794533637493494 1.8602527115764412e-08 -2.7684893681999156 1.4834402794908833e-07 0.9574817595254529 2.3630861975032555e-07 1.6652331511888394 2.872673005886631e-08 "" ""
2006ob -0.7061550560781895 7.839896022134745e-15 2.457457259428856 3.5362342768776876e-08 -1.027752589784617 1.4168261649881147e-08 -1.3741260489585219 1.9291624150412826e-08 0.465473532333006 1.0821575224459386e-08 1.4766640777278195 1.4133158847122073e-08 "" ""
2006os 0.48448396157359724 9.273306764261203e-09 2.9388783447477604 3.679848941747622e-08 -1.0083947816382006 1.2358003827738481e-08 -2.2673842873585057 1.8936933136381544e-08 0.9806220786475423 6.887960412099054e-09 1.4995461682127005 1.671425538314775e-08 "" ""
2006ot 0.06612943080512476 1.3211299813211925e-08 2.617247085368642 5.456601498213526e-09 -0.933595332889015 1.08454672929321e-08 -2.637248135239852 2.328469026729059e-08 0.9210985821927739 1.2227220522031234e-08 1.7856663753080864 2.0609006615086227e-08 "" ""
2006py -0.26597985269638924 4.488915816317432e-09 2.0176456709639656 1.960594459297687e-08 -1.4296294952967918 1.5711488717239678e-08 -1.1829535143346928 1.1112479982342215e-08 0.40978726073100935 5.544358306907886e-09 "" "" "" ""
2007A -0.2664630027448022 3.376466193461329e-09 2.091326744962023 1.628597849363123e-08 -1.424198438490728 2.0811655401510777e-08 -1.2434579103486867 1.759241350953405e-08 0.46735974005270753 1.4547363957869095e-08 0.0666361695953454 1.0166070333957836e-08 "" ""
2007N 2.3337620910530728 2.7781720447213643e-08 2.524705077442865 3.542343399224656e-08 -0.3906651899128846 1.2987633208809499e-08 -3.1111954279170666 4.4248663992682304e-08 1.1837702659585185 1.6824979015165202e-08 2.0104282666321054 2.9685165922736167e-08 "" ""
2007S nan nan 2.6979067672133943 3.291022789508899e-08 -1.1075939119410432 1.5906643499494548e-08 -2.479967567629265 3.0790314567352145e-08 1.0674921379500166 1.3369627705637767e-08 1.1939237059691896 1.2194449753924534e-08 "" ""
2007af 0.6165894117085267 1.356920390902934e-08 2.361577150289934 3.483627593226978e-08 -1.1678804110749559 1.7324908847768425e-08 -2.048990449325324 2.9094529711216706e-08 0.8515815369492576 1.1629919370031587e-08 1.1229082190765576 1.5831043430826777e-08 "" ""
2007ai 0.07146711857664222 1.3564907592651062e-08 2.798544043951873 8.521762135510566e-09 -1.1428077623057247 1.1140357238797402e-08 -2.387096121173714 1.6593837736892344e-08 1.042821688081252 8.949884568433875e-09 -0.04307162595922079 1.1278180802643889e-08 "" ""
2007al 1.163187190879871 3.977256505384046e-09 2.624531657740617 3.3811656099010305e-08 -0.6322497733289504 1.124353539620986e-08 -2.8567080319877007 3.631692161786425e-08 1.1514089577878344 1.6828176937511935e-08 1.8237601265002517 2.02423077710666e-08 "" ""
2007as 0.46330567867099426 9.302956050651801e-09 2.4637642919351768 3.604087019902507e-08 -1.3248584911825547 1.8574643047954116e-08 -1.962431784862517 2.7186415903514927e-08 0.926669259581467 9.24326395860722e-09 0.9996031187993576 1.4500273376672354e-08 "" ""
2007ax 0.9469447981755073 7.747631560502396e-09 2.6800827132026237 3.8091939113786805e-08 -0.7540109348090831 1.260208356094064e-08 -2.8137237119958614 3.555713481181819e-08 1.1321780898900806 1.272513681948208e-08 1.6319168236516017 2.426882860847194e-08 "" ""
2007ba 0.4276605259066285 9.14859020205695e-09 2.730320609492166 2.8049113938867616e-08 -0.9303535975104456 1.2485258201258428e-08 -2.6803491303781857 3.746071613118132e-08 0.969112458719743 1.1567173932705607e-08 1.5243809522388931 2.237213972281021e-08 "" ""
2007bc 0.005945130841828773 6.498015264499125e-09 2.5295838011682545 2.4074788830577775e-08 -1.192313248719032 1.4514976851892093e-08 -2.064086199476314 2.5044364350629122e-08 0.8416017648316559 4.701914909678869e-09 1.1414007352944169 1.1319641354123921e-08 "" ""
2007bd 0.2293671205654662 7.299598324025875e-09 2.346826480839311 2.0525131820207307e-08 -1.244737247634326 7.873944989848503e-09 -1.8586247723431857 2.335752189359698e-08 0.7110552942305716 3.6736069616946662e-09 0.8009116326942822 1.1385814380325093e-08 "" ""
2007bm 1.331019873593016 7.558242665712613e-10 2.7992342987882752 1.520389241461008e-08 -1.0014790229097077 1.3734827903724652e-08 -2.654712168516393 3.799553417705489e-08 1.1835278228083324 1.6650250282023842e-08 0.9503713932994762 1.1724947244258288e-08 "" ""
2007ca 0.4884086836108971 1.4364458612162486e-08 2.283570215897081 1.754103876339159e-08 -1.2646984797624952 1.6059510628090947e-08 -1.8188861965073337 1.8421158799359876e-08 0.7465793525051421 1.2675598771326937e-08 0.5537292323959121 1.362914465926926e-08 "" ""
2007cg "" "" "" "" "" "" "" "" "" "" "" "" "" ""
2007hj 0.6447906738049795 1.3628675567949052e-08 2.4244568447165222 3.609979177147709e-08 -1.02495165996937 1.3834555553302338e-08 -2.2672476799848806 2.7526074267248584e-08 0.994357105557645 1.7946108827683137e-08 1.4154428796358383 1.8225502909428965e-08 "" ""
2007hx "" "" "" "" "" "" "" "" "" "" "" "" "" ""
2007if "" "" "" "" "" "" "" "" "" "" "" "" "" ""
2007jd "" "" "" "" "" "" "" "" "" "" "" "" "" ""
