results/color_evolution/CMFGEN_1.4.ecsv
# %ECSV 0.9
# ---
# datatype:
# - name: obj_id
#   datatype: string
# - name: u_g
#   datatype: float64
# - name: u_g_err
#   datatype: float64
# - name: g_r
#   datatype: float64
# - name: g_r_err
#   datatype: float64
# - name: r_i
#   datatype: float64
# - name: r_i_err
#   datatype: float64
# - name: i_B
#   datatype: float64
# - name: i_B_err
#   datatype: float64
# - name: B_V
#   datatype: float64
# - name: B_V_err
#   datatype: float64
# - name: V_Y
#   datatype: float64
# - name: V_Y_err
#   datatype: float64
# - name: Y_JH
#   datatype: float64
# - name: Y_JH_err
#   datatype: float64
# meta: !!omap
# - source: CMFGEN
# - version: '1.4'
# - bands:
#   - !!python/tuple
#     - csp_dr3_u
#     - csp_dr3_g
#   - !!python/tuple
#     - csp_dr3_g
#     - csp_dr3_r
#   - !!python/tuple
#     - csp_dr3_r
#     - csp_dr3_i
#   - !!python/tuple
#     - csp_dr3_i
#     - csp_dr3_B
#   - !!python/tuple
#     - csp_dr3_B
#     - csp_dr3_V
#   - !!python/tuple
#     - csp_dr3_V
#     - csp_dr3_Y
#   - !!python/tuple
#     - csp_dr3_Y
#     - csp_dr3_Jcsp_dr3_H
# schema: astropy-2.0
obj_id u_g u_g_err g_r g_r_err r_i r_i_err i_B i_B_err B_V B_V_err V_Y V_Y_err Y_JH Y_JH_err
[from data line 77]
2007jh "" "" 2.358564509065231 2.8145806066813327e-08 -1.6669399451149438 2.008932022477494e-08 -1.544153387155039 1.3161397013398996e-08 1.1550069833174073 1.2253139519542311e-08 1.604873211433012 1.7817671909370468e-14 "" ""
2007le 1.386463762702666 1.991740836231454e-08 2.0715180420404753 2.4606634988900933e-08 -1.9505923867111246 2.694831251938911e-08 -1.006799824574925 1.3540117596574386e-08 0.9520241039874819 1.3628296878437441e-08 0.433372074478291 1.4187818090694715e-08 "" ""
2007mm "" "" "" "" "" "" "" "" "" "" "" "" "" ""
2007nq 0.8238638930279962 5.529799674554787e-09 2.0675552292737556 2.9420253697097514e-08 -1.9126834295452477 2.5248244480554045e-08 -0.9800567136061679 1.2487434069599583e-08 0.8195277811567633 1.332426346908789e-08 0.6448147296854133 1.3046478981211784e-08 "" ""
2007ol "" "" "" "" "" "" "" "" "" "" "" "" "" ""
2007on 1.1957953589495292 1.0484921805594249e-07 1.7168191240097161 2.294529958737664e-08 -1.695552625878314 2.4313769709139174e-08 -0.7970594690054086 4.48626196503297e-08 0.7348948736245141 3.260561225234073e-08 0.3773826386404622 2.985669793192402e-08 "" ""
2007so "" "" "" "" "" "" "" "" "" "" "" "" "" ""
2007sr 1.2728749879840902 1.5100433361266036e-08 1.6581837790756113 2.4295787249079722e-08 -1.9983457539370582 2.9030547489316728e-08 -0.5231450718937756 1.410004518913511e-08 0.7126779487335954 1.1756167413048265e-08 0.04866617068869632 1.4003427820402971e-08 "" ""
2007st "" "" "" "" "" "" "" "" "" "" "" "" "" ""
2007ux 1.1575785641541465 1.677882230261769e-08 2.1177451348028105 2.9120230733431693e-08 -1.7803284470355905 1.8838249321503322e-08 -1.2098117562742954 1.2187978238210417e-08 0.8388049180548695 1.0436955029901917e-08 0.9609518978511293 1.2651043659112879e-08 "" ""
2008C 0.9108900105909907 1.0171703955402124e-08 1.9451025821977166 2.5942286792970007e-08 -1.7964472123568789 2.2429455784658504e-08 -0.7448907137460807 1.3741646283542454e-08 0.6287267414547608 1.3663241831097199e-08 -0.470667610785274 2.510989919024183e-09 "" ""
2008J "" "" "" "" "" "" "" "" "" "" "" "" "" ""
2008O "" "" "" "" "" "" "" "" "" "" "" "" "" ""
2008R 1.148954599363506 1.34837472702698e-08 2.002276963534265 4.819632906031718e-09 -1.8142932422688791 2.5502925090997583e-08 -1.0158360517236593 7.569943956347507e-09 0.8573955443247971 1.182095624488917e-08 0.6081074277320988 1.1497061891336086e-08 "" ""
2008ae "" "" "" "" "" "" "" "" "" "" "" "" "" ""
2008ar 0.6653327124822398 5.2283247546146875e-09 1.9409487583995693 2.2679202811688002e-08 -2.0037546542784135 2.072095736414603e-08 -0.6988175127073746 1.2027796167218218e-08 0.7132314232263061 1.4157153455530234e-08 0.2780901353807384 1.1864960881544485e-08 "" ""
2008bc nan nan 1.645473428238654 2.31928533395663e-08 -2.0487121843109737 2.792245665858134e-08 -0.3093757959700395 1.439834052662021e-08 0.627154537165036 1.2461194086613475e-08 -0.10535046922648078 1.3530370681426599e-08 "" ""
2008bd "" "" "" "" "" "" "" "" "" "" "" "" "" ""
2008bf 0.8279319071949004 1.3131365407209581e-08 1.7481314193688828 2.1368499255936663e-08 -2.0606626361558797 2.8663383844028875e-08 -0.46207320648968836 1.4000215990530586e-08 0.6323230966793776 1.3162645610866446e-08 -0.2946308675402255 1.4213259527034581e-08 "" ""
2008bi "" "" "" "" "" "" "" "" "" "" "" "" "" ""
2008bq 1.2220199788653416 1.480229003249784e-08 1.9626819178793673 2.2078221601472238e-08 -2.0666094069454672 2.4092601363528308e-08 -0.5334170360108074 1.3138105579422382e-08 0.6722652700755083 8.856121194986667e-09 -0.034674890367739096 1.1465878844380484e-08 "" ""
2008bt "" "" "" "" "" "" "" "" "" "" "" "" "" ""
2008bz "" "" "" "" "" "" "" "" "" "" "" "" "" ""
2008cc "" "" "" "" "" "" "" "" "" "" "" "" "" ""
2008cd "" "" "" "" "" "" "" "" "" "" "" "" "" ""
2008cf "" "" "" "" "" "" "" "" "" "" "" "" "" ""
2008ff "" "" "" "" "" "" "" "" "" "" "" "" "" ""
2008fl "" "" "" "" "" "" "" "" "" "" "" "" "" ""
2008fp 1.650269038504509 8.739954091780217e-08 2.0629423672014155 2.6429548395549954e-08 -1.731911551799734 2.1409617834654846e-08 -1.3645914174444302 1.7784311922966657e-08 1.1575479886105857 5.193533226890628e-08 0.6514269848957713 1.4169080962902553e-08 "" ""
2008fr "" "" "" "" "" "" "" "" "" "" "" "" "" ""
2008fu "" "" "" "" "" "" "" "" "" "" "" "" "" ""
2008fw "" "" "" "" "" "" "" "" "" "" "" "" "" ""
2008gg "" "" "" "" "" "" "" "" "" "" "" "" "" ""
2008gl 1.196596130624398 1.610782140334534e-08 2.017675128160372 2.9787130166783106e-08 -2.0129414298537456 2.3867496801712036e-08 -0.837580314090033 1.479344803153844e-08 0.7680956579262235 1.1634393200610634e-08 0.006216791270789633 1.481624333393433e-08 "" ""
2008go "" "" "" "" "" "" "" "" "" "" "" "" "" ""
2008gp 0.6294996928426164 1.2643991378396528e-08 1.6533535667681365 1.453024708948114e-08 -2.081862922523524 2.567989710272122e-08 -0.23920148553076223 1.4218688237392555e-08 0.4762805394558449 1.2830840769769857e-08 -0.2792678914100477 1.4090170926058286e-08 "" ""
2008ha "" "" "" "" "" "" "" "" "" "" "" "" "" ""
2008hj "" "" "" "" "" "" "" "" "" "" "" "" "" ""
2008hu 0.9074252978432702 1.4759292653776878e-08 1.9900775298130535 1.975677340988074e-08 -1.9457509650073308 2.823153952255354e-08 -0.7256607517190754 1.3452151601763823e-08 0.7058979309383876 1.0795270215876104e-08 0.11157251302425117 1.4654462661495376e-08 "" ""
2008hv 0.8610363445302571 1.4457168256129637e-08 1.7429105635504187 2.4349836876119834e-08 -2.0009321169382255 2.9653716519242113e-08 -0.502553096086143 1.2533556068033814e-08 0.633537729060629 1.4843050874832182e-08 0.029846176080738772 1.4775051104519761e-08 "" ""
2008ia 0.6900490489290091 1.4823970072214791e-08 1.8812320129974065 2.4020622120726457e-08 -2.0045573273004735 2.1395702180842156e-08 -0.585281157606189 1.4337145051725335e-08 0.6856420836853839 1.284084408383566e-08 0.11288402242721407 1.4488145005236077e-08 "" ""
2009D 1.0029148829256487 1.1995637786180542e-08 1.7326631989473933 2.2680562082279476e-08 -2.091384539776624 1.907033403730505e-08 -0.44405879055702535 1.155692041234213e-08 0.6130117285144859 1.4039140336051725e-08 0.10158442328470252 1.2376153395665129e-08 "" ""
2009F 1.3049062717983289 1.644509788325143e-08 2.2421199671515937 2.8845810847176597e-08 -1.5472476329062743 2.0500572183758943e-08 -1.5816818401888384 1.4071889049950002e-08 1.0941585289411258 1.231982530923583e-08 0.9896847229766951 8.181436063191077e-09 "" ""
2009I "" "" "" "" "" "" "" "" "" "" "" "" "" ""
2009J "" "" "" "" "" "" "" "" "" "" "" "" "" ""
2009P "" "" "" "" "" "" "" "" "" "" "" "" "" ""
2009Y 1.1586245659729462 2.650545712090563e-08 1.801626730245021 2.4694608774413588e-08 -2.084162726465396 2.8408388152900862e-08 -0.503983734934632 2.3408101322729336e-08 0.7205425664489359 1.4082978105478855e-08 -0.03192152592647771 1.435398996159938e-08 "" ""
2009aa 0.8444222197431995 1.21188310402414e-08 1.9054971265799412 2.7234565904494897e-08 -1.934851349676643 2.3509317050880734e-08 -0.7597376825846315 1.345400920295711e-08 0.682825491685675 1.1533212158876093e-08 0.36191204540326793 1.4432493497442563e-08 "" ""
2009ab 0.6492930314116138 8.214778584770943e-09 1.6112925718363105 1.8000001540475904e-08 -2.023201808340014 2.5859724917932053e-08 -0.281827890827253 9.703576279557332e-09 0.5116316863150278 1.2431993796200099e-08 -0.7021239713790721 1.32084110061812e-08 "" ""
2009ad 0.5977203705009673 1.4895035533600604e-08 1.513183017216778 1.88393793013381e-08 -2.1566948459288318 2.8824826495806946e-08 -0.04367755202206052 7.7184044940471e-09 0.40089367555234606 1.0460403886370385e-08 -0.5895789333746189 1.34938738895224e-08 "" ""
2009ag 1.2943676741128842 1.552526373269508e-08 1.9763856492627467 2.2281367846121782e-08 -1.8786954620860843 1.9767994228685376e-08 -0.9671037306345632 1.1225697239366518e-08 0.9130740575799968 1.4252038645873782e-08 0.39474817254745487 9.561050148406672e-09 "" ""
2009al "" "" "" "" "" "" "" "" "" "" "" "" "" ""
2009cz "" "" "" "" "" "" "" "" "" "" "" "" "" ""
2009dc "" "" "" "" "" "" "" "" "" "" "" "" "" ""
2009ds "" "" "" "" "" "" "" "" "" "" "" "" "" ""
2009le "" "" "" "" "" "" "" "" "" "" "" "" "" ""
2010ae "" "" "" "" "" "" "" "" "" "" "" "" "" ""
