results/color_evolution/CMFGEN_1.7.ecsv
# %ECSV 0.9
# ---
# datatype:
# - name: obj_id
#   datatype: string
# - name: u_g
#   datatype: float64
# - name: u_g_err
#   datatype: float64
# - name: g_r
#   datatype: float64
# - name: g_r_err
#   datatype: float64
# - name: r_i
#   datatype: float64
# - name: r_i_err
#   datatype: float64
# - name: i_B
#   datatype: float64
# - name: i_B_err
#   datatype: float64
# - name: B_V
#   datatype: float64
# - name: B_V_err
#   datatype: float64
# - name: V_Y
#   datatype: float64
# - name: V_Y_err
#   datatype: float64
# - name: Y_JH
#   datatype: float64
# - name: Y_JH_err
#   datatype: float64
# meta: !!omap
# - source: CMFGEN
# - version: '1.7'
# - bands:
#   - !!python/tuple
#     - csp_dr3_u
#     - csp_dr3_g
#   - !!python/tuple
#     - csp_dr3_g
#     - csp_dr3_r
#   - !!python/tuple
#     - csp_dr3_r
#     - csp_dr3_i
#   - !!python/tuple
#     - csp_dr3_i
#     - csp_dr3_B
#   - !!python/tuple
#     - csp_dr3_B
#     - csp_dr3_V
#   - !!python/tuple
#     - csp_dr3_V
#     - csp_dr3_Y
#   - !!python/tuple
#     - csp_dr3_Y
#     - csp_dr3_Jcsp_dr3_H
# schema: astropy-2.0
obj_id u_g u_g_err g_r g_r_err r_i r_i_err i_B i_B_err B_V B_V_err V_Y V_Y_err Y_JH Y_JH_err
2004dt 0.7798036725144271 4.560820578918284e-07 2.3021872401700634 3.2326592716660896e-08 -0.7190817168549983 1.4475481091034175e-08 -2.5091224695461443 3.692899508278396e-08 "" "" "" "" "" ""
2004ef 0.7385718401848012 5.513216446536688e-08 2.651781371381567 3.859263584087035e-08 -0.9194857562845002 1.6685160066491135e-08 -2.5256848122316606 3.278021884924136e-08 "" "" "" "" "" ""
2004eo 0.38424327304678535 2.4985889104495517e-08 2.488857580748821 3.0085470790594525e-08 -0.8094120660655767 1.2161018333886944e-08 -2.4535220687191 3.3511564006275074e-08 "" "" "" "" "" ""
2004ey 0.3292200674591853 1.2432168704319775e-08 2.2787855443443163 3.296257409092407e-08 -1.0247047210959992 1.4520117077010157e-08 -1.980402389401198 2.6316270998084626e-08 "" "" "" "" "" ""
2004gc "" "" 2.8309574825420447 3.6347624025761456e-08 -0.9898848201074092 1.2172390884360058e-08 -2.701315723080904 3.409080413240156e-08 "" "" "" "" "" ""
2004gs 0.6390755016243233 1.43777275898624e-08 2.53442922352426 4.7309000471654094e-08 -0.8076663117678047 4.958370783352461e-08 -2.6628499210157965 1.753614972198238e-07 "" "" "" "" "" ""
2004gu 0.4578469914261564 1.0725082023592946e-08 2.5778236924880944 3.4015459630249503e-08 -1.0410234030193524 1.3117655128492914e-08 -2.3741265303581103 3.143311420183582e-08 "" "" "" "" "" ""
2005A "" "" 3.514833561872084 4.8328999011454227e-08 -0.5638792707184126 1.3964350519812801e-08 -3.5826665331300918 4.7893070944911396e-08 "" "" "" "" "" ""
2005M 0.33548782020620616 1.4682181579458846e-08 2.446965698536135 3.575766172047291e-08 -0.9549477460060084 1.3961227610880446e-08 -2.2922435243888595 4.2110229734561684e-08 "" "" "" "" "" ""
2005W 0.1492202080634267 1.0946504840822448e-08 2.091862408093544 2.227284517681127e-08 -1.115303400193037 1.496199589367381e-08 -1.650146166153921 2.3855663009342572e-08 "" "" "" "" "" ""
2005ag "" "" 2.622435016237867 3.085596077809678e-08 -0.8072337131128563 1.4354306939270966e-08 -2.598296075937197 3.250445460215611e-08 "" "" "" "" "" ""
2005al 0.6078987195006015 7.62522471894158e-08 2.29311326617698 3.1008108250201545e-08 -0.9548658000751611 1.3925389302722063e-08 -2.0743310881074306 2.9006057115661194e-08 "" "" "" "" "" ""
2005am 0.6006554365558158 1.5995456662808313e-07 2.549469793413389 3.742196427264174e-08 -0.896355700716091 9.837823403927275e-09 -2.508956334671662 3.7080315965546366e-08 "" "" "" "" "" ""
2005be 0.5592145032282618 1.1876698402836392e-08 2.634743758364268 2.2772644703355983e-08 -0.9203767595656855 1.1447173940501937e-08 -2.5156269835564804 2.998619609312607e-08 "" "" "" "" "" ""
2005bg 0.33739022596195134 1.0815719147555674e-08 2.476084785190713 2.9335745164212663e-08 -1.0776147900909492 1.2390149113956386e-08 -2.074696050410723 2.6062932033575706e-08 "" "" "" "" "" ""
2005bl 0.8351853509738563 6.6465391517992976e-09 2.6072888338042777 2.0479515211739876e-08 -0.4120745204147857 1.2239981535424319e-08 -2.846727183123641 2.8633482538258244e-08 "" "" "" "" "" ""
2005bo 0.4458494234889919 1.1003415577425523e-08 2.538353118741365 3.439804767122656e-08 -0.8836464387781533 3.714649371502127e-09 -2.5544479029096356 9.872383469922706e-09 "" "" "" "" "" ""
2005el 0.4492227198027278 1.47701917110894e-08 2.244723946096916 2.7705280925666012e-08 -0.9138235757009953 1.1542980555620281e-08 -2.080869973538128 3.093350936398458e-08 "" "" "" "" "" ""
2005eq 0.49999035730820196 1.4096229460098921e-08 2.4657454340789644 3.527571681383059e-08 -1.0242595242907535 1.2487972050623753e-08 -2.232765471420713 3.2631755796858403e-08 "" "" "" "" "" ""
2005gj "" "" "" "" "" "" "" "" "" "" "" "" "" ""
2005hc 0.22836033254922725 6.920787871289588e-09 2.567275298714035 3.577127250933117e-08 -1.013425191355477 1.4868153432871933e-08 -2.332850510525464 3.325175051078919e-08 "" "" "" "" "" ""
2005hj -0.16595628040659283 5.475518439375423e-09 2.62198951147183 3.5075392306164546e-08 -1.0073430506424979 1.2219462992217816e-08 -2.465482542381392 3.232052038808956e-08 nan nan 2.6228430385574817 1.8305531707094976e-08 "" ""
2005hk "" "" "" "" "" "" "" "" "" "" "" "" "" ""
2005iq 0.38240568453464996 1.4633494712297039e-08 2.4519380062819267 2.591328470241935e-08 -0.9572113315992735 1.3920219351062359e-08 -2.2417511886214885 2.9502885426286906e-08 "" "" "" "" "" ""
2005ir "" "" "" "" "" "" "" "" "" "" "" "" "" ""
2005kc 0.25782755639326826 9.720564654912266e-09 2.2724930375590167 3.034661335355858e-08 -0.941299413920657 1.0464061923874512e-08 -2.354097202227012 3.0328710170954026e-08 "" "" "" "" "" ""
2005ke 1.1086397311972878 1.9660965288581313e-07 2.14831651452202 5.686937648225964e-08 -0.3236812482498369 1.3774932043314162e-08 -2.6903159017787543 1.6921701597946856e-07 0.5935838047864181 1.1525045450695758e-08 1.0603648781681436 1.1682623766866766e-08 "" ""
2005ki 0.4521406114411115 1.6338356559840338e-07 1.9744447079425256 3.470990594122863e-07 -0.8408024989249011 3.4391702721098515e-07 -1.946896726078873 1.907200862266592e-07 0.49891567112725066 3.5493637230654225e-08 1.426231563185598 1.1489005414060816e-08 "" ""
2005ku 0.2509635493989644 4.514196698801288e-15 2.5657080866773097 4.7287191568727405e-09 -0.9770164134507829 1.0859112990692151e-08 -1.577220154710663 9.339565930301494e-09 "" "" "" "" "" ""
2005lu 0.7640024935547134 1.8030047074431493e-09 2.825498080535593 2.2377122144591193e-08 -0.8812293833571491 1.4022316951957917e-08 -2.8103567589784615 3.8461573265831685e-08 0.9327759761942866 1.1455004964992706e-08 1.3047894935999018 1.7067219199802635e-08 "" ""
2005mc "" "" "" "" "" "" "" "" "" "" "" "" "" ""
2005na 0.23461863748790185 9.853277626988212e-09 2.527422754918342 3.4675008447544734e-08 -0.9373564754053311 1.334923235016452e-08 -2.349467851833505 2.0848792069835756e-08 0.9524442528208592 1.00074997802766e-08 1.553869812024126 1.6259544557506777e-08 "" ""
2006D 0.6678713956678382 8.245242115681602e-08 2.05080932077545 2.9637287589930156e-08 -0.816790917883646 3.082795737888866e-08 -2.039924306629809 1.1363141279977693e-07 0.7343562262395974 2.711076285210633e-08 1.369004268235707 1.9777068770947843e-08 "" ""
2006X 2.2817928416612205 2.7455786122256215e-08 3.3493344894975854 1.938877198298673e-07 -0.4699785036590692 1.8254488998175583e-08 -4.142176692353423 5.26756721868806e-07 1.7289518698203865 3.1943584887791495e-07 2.338998332090984 3.038128800432753e-08 "" ""
2006ax 0.3672647852559539 1.2130412616237887e-08 2.305882630316006 1.6223893783973153e-08 -0.9749665346146245 1.0729699066755895e-08 -2.0303125774526003 2.5196424205797334e-08 0.6386235691163945 1.2506116709732702e-08 0.3944972897992107 1.2405452903382972e-08 "" ""
2006bd "" "" 3.0034717890584157 3.104480691131998e-08 -0.4756143052323099 1.1749892699259021e-08 -3.218474904319669 4.240523049439896e-08 1.1371189781292732 1.290545376367629e-08 1.1892122962173843 1.320290872427892e-14 "" ""
2006bh 0.43699915059937533 1.4577132402559518e-08 2.4472635661655304 3.6338717957041045e-08 -0.9245574794602861 1.3756429804705118e-08 -2.2915147754609886 2.2485744897765147e-08 0.8138633122755311 1.2680302678586334e-08 0.594922364570474 1.1141292089423066e-08 "" ""
2006br "" "" 3.533365292554486 1.725450331536686e-08 -0.5045217561809151 1.1025245327843407e-08 -4.360764598136772 2.2888534801106203e-08 1.4179653293912708 8.674236239036398e-09 1.275729469286643 5.69331784956172e-09 "" ""
2006bt "" "" "" "" "" "" "" "" "" "" "" "" "" ""
2006dd 1.2509651497724117 1.7967749874093895e-08 1.377539164886913 1.8451948583391522e-08 -0.6001273081809336 1.418275820870748e-08 -1.609310513754206 2.1149750392244554e-08 0.4929634774270376 1.7341582965258815e-08 nan nan "" ""
2006ef nan nan 2.6592049825337445 3.761819398009118e-08 -0.8762100065025072 1.438828028605284e-08 -2.5413388574765303 1.606052980709427e-08 0.9530901718190713 1.2662317146523527e-08 "" "" "" ""
2006ej 0.7492252012575926 9.282493850908e-09 2.702026426398938 1.7326726639181497e-08 -0.8603343603280142 6.786642734555616e-09 -2.6739506419566323 2.241810157464881e-09 0.8706648867357917 1.371933700826803e-08 1.5186255361873415 1.6860130360589104e-14 "" ""
2006eq nan nan 2.9746963835174367 2.8066780182872916e-08 -0.6399496887181175 1.0172409822136384e-08 -3.133121552783508 3.405471577478358e-08 1.080595833433917 9.308774213109584e-09 1.5056026725352454 1.6287529669646982e-08 "" ""
2006et 0.7673595157718681 1.2303210112928757e-08 2.554790644769035 3.20177012875976e-08 -0.9042061754140125 1.472731494000909e-08 -2.451448813778089 3.613911491619059e-08 0.8078851535892618 1.196987200559804e-08 1.1266248176036102 1.511306895057653e-08 "" ""
2006ev "" "" 2.821756044243948 2.6334770003348874e-08 -0.8682428298047061 1.0323478238577493e-08 -2.678809598265482 2.22736703997068e-08 1.0300542668463017 7.601766511802958e-09 0.4190436130918189 1.0906455323437008e-08 "" ""
2006fw 0.12561822729150351 6.150838748806404e-14 2.5393595978740326 3.7533407008440965e-08 -0.46280984987816537 8.29040527900367e-10 -2.460566220711889 6.938644592782336e-12 0.6626807244531946 3.08421312584139e-12 "" "" "" ""
2006gj 0.38501480931234294 1.1665079889830492e-08 2.6992544142645567 2.6906292729205678e-08 -0.656433362872345 1.4473492003731833e-08 -3.157781453000632 3.09990491414931e-08 1.1780424330862969 1.5115167475250358e-08 1.4978258474083346 1.4153543498730636e-08 "" ""
2006gt 0.36619478694351826 2.1202031165154074e-09 2.7121308763902916 2.3379982607038387e-08 -0.675949655397744 1.1536568794798391e-08 -2.895221191330203 2.741057560120369e-08 1.049041850848728 1.5509154432234454e-08 0.9602560447861951 1.3993413504022053e-08 "" ""
2006hb 0.7780113845906838 1.1231010332066869e-08 2.0987784505667006 4.422343183580044e-08 -0.609115592575944 7.374052815295563e-08 -2.3168253920029884 8.192753416538936e-08 0.7647385758483521 3.7938800106608926e-08 1.267622680662139 1.4837188598223449e-08 "" ""
2006hx -0.3198859779369591 9.156820993774698e-09 2.7051021817045013 2.2794409602829405e-08 -0.6886867948006575 9.976309897476984e-09 -2.3637688263539944 2.4879027536591867e-08 0.6978114585626276 7.842181006181388e-09 "" "" "" ""
2006is 0.5511374153935438 1.1220834199562038e-08 2.3168251033561416 3.025043699392099e-08 -1.177901746562126 3.6446146180668324e-08 -1.9435003947520322 2.4915382340704856e-08 0.6370874598320833 1.8648785824777022e-08 -0.6287680429151952 1.1361141800848661e-08 "" ""
2006kf 0.32530599220640827 1.1582747737467418e-08 2.464456109169123 2.8160927639539974e-08 -0.8970520920883229 1.3309790908373057e-08 -2.3801522576383216 2.9894676533984876e-08 0.9700878692446682 1.4179936615304266e-08 0.93514003547172 1.4413177179946219e-08 "" ""
2006lu 0.4419878945625347 1.28449936762253e-08 2.5062553447346785 3.297543146345296e-08 -1.0111070613009776 1.3632107228365261e-08 -2.3705809379452703 3.241339605681955e-08 0.8765788074122638 1.3801783674636095e-08 -0.6841563455343256 1.1250330184260387e-08 "" ""
2006mr 1.1576517130352808 1.4698958142571414e-08 2.2733837976671016 1.1774284735370772e-07 0.03503196695586823 1.860252666294272e-08 -3.1143664811202645 1.4834402932099102e-07 0.9352279291347847 2.3630861951768107e-07 1.5319935987035236 2.8726729606832488e-08 "" ""
2006ob -0.595337944969843 6.609578939385442e-15 2.5254692754735384 3.536234401762005e-08 -0.7342596983619082 1.4168259862953108e-08 -1.720727132398181 1.929162554050443e-08 0.44338961141981154 1.0821575124272322e-08 1.3434823339867303 1.413315842273309e-08 "" ""
2006os 0.5911397398500614 9.273307095570001e-09 3.008182699857225 3.6798490695035585e-08 -0.7099389380644697 1.2358002720948984e-08 -2.6209238465382225 3.5925132532095035e-08 0.9601472389056119 6.887960197802078e-09 1.366918583109235 1.6714254941283205e-08 "" ""
2006ot 0.17748577630602488 1.3211300138699317e-08 2.6850873241255875 5.456601402825129e-09 -0.6407468598351262 1.0845466550632768e-08 -2.982944257282659 2.328469120138604e-08 0.898802215249778 1.2227220459752075e-08 1.6524123710298708 2.0609005705193112e-08 "" ""
2006py -0.15631585887008684 4.488915187891731e-09 2.0860216853089097 3.048832225281679e-08 -1.1347596055282354 1.571148783644184e-08 -1.5314852354850395 1.8019442775706982e-08 0.3881545795586692 5.544358293540945e-09 "" "" "" ""
2007A -0.15712399573860142 3.376466204352978e-09 2.15980452725103 1.6285978485073472e-08 -1.1289407152617326 1.0256854046886993e-08 -1.5925326351107882 1.7592414978284212e-08 0.44585348453515766 1.4547363909183093e-08 -0.06634804000864121 1.0166070471846555e-08 "" ""
2007N 2.444291273500836 2.7781720130011663e-08 2.592808407679334 3.5423434499619464e-08 -0.09682833530985002 1.2987632431934785e-08 -3.458279165045806 4.999704337288332e-08 1.1617994075766505 1.682497887541472e-08 1.877285063364013 1.928962675093036e-08 "" ""
2007S nan nan 2.7658616056926832 3.291022859865361e-08 -0.8143159008306955 1.25303340560502e-08 -2.8262669953496644 3.079031677727667e-08 1.0453374674548845 1.3369627590459676e-08 1.0607178749399944 1.2194449229128134e-08 "" ""
2007af 0.727478468381091 1.3569203974267592e-08 2.4295663051028806 3.4836276333060664e-08 -0.8744734806733542 1.3068056106358166e-08 -2.3954708702940897 3.491563103366682e-08 0.8294693240951894 1.1629919309586313e-08 0.989716840278058 1.4561669965525277e-08 "" ""
2007ai 0.17136674867935553 1.3564907811324814e-08 2.869823326925782 8.52176228887737e-09 -0.8363266720129783 1.1140355975151516e-08 -2.751737588140021 1.659383915956107e-08 1.024848977231039 8.949884526095246e-09 -0.17481167575680348 1.1278181136784464e-08 "" ""
2007al 1.2736803657853204 3.9772565395377945e-09 2.6926463875297846 3.3811656593628716e-08 -0.33836990992905835 1.1243534292347152e-08 -3.203852100331188 3.631692333814419e-08 1.1294522203831365 1.6828176618169992e-08 1.6906217410407327 2.0242306837009148e-08 "" ""
2007as 0.5701797506836087 9.302956041025321e-09 2.5330023084329114 3.6040871091523485e-08 -1.0266625746728268 1.2481586601592703e-08 -2.3156093245867466 2.955060219053147e-08 0.9061113286004914 9.24326395665018e-09 0.8669466126959658 1.4500273291029683e-08 "" ""
2007ax 1.057005597626788 7.747631809414678e-09 2.7483339820081945 3.809193934842135e-08 -0.4596147331803929 1.2602082058082952e-08 -3.1615917689327673 3.555713711512552e-08 1.1103905989783063 1.2725136842002124e-08 1.4988362515929943 1.6710174214238096e-08 "" ""
2007ba 0.5382977090414959 9.148590642978481e-09 2.7983897214339586 2.8049114360251456e-08 -0.6366457514246677 1.2485257713488927e-08 -3.02725187138132 3.746071806615429e-08 0.9470992216203309 1.1567173804583303e-08 1.391223296153824 1.5536258423938386e-08 "" ""
2007bc 0.11715776117721098 6.498015645469981e-09 2.5974699189123163 2.4074789378441785e-08 -0.8992929960351996 1.4514975457795773e-08 -2.4100236428482904 2.5044365114824018e-08 0.8193621080313729 4.701914790881534e-09 1.0081660001076513 1.1319640836654619e-08 "" ""
2007bd 0.3401482533993055 7.299598255250039e-09 2.414849922600175 2.0525132419610807e-08 -0.9512013712287081 7.873943348393902e-09 -2.205286187149827 2.335752361888563e-08 0.6889855153417433 3.673606823126422e-09 0.6677347064654298 1.138581436607144e-08 "" ""
2007bm 1.441729038896267 7.558242357453103e-10 2.8672805818247014 4.2570625698627005e-08 -0.7078571676152289 1.3734826178408377e-08 -3.001494246276477 3.7995535904903005e-08 1.1614863200758991 1.665025021220193e-08 0.817204102150474 1.1724946769527623e-08 "" ""
2007ca 0.598000483609158 1.4364458748131715e-08 2.351968868290285 1.7541039435493044e-08 -0.9697424259710385 1.0983686429171345e-08 -2.1675385780530187 2.7519528427942154e-08 0.7249747843459691 1.2675598533873766e-08 0.4207112949835582 1.3629144111899457e-08 "" ""
2007cg "" "" "" "" "" "" "" "" "" "" "" "" "" ""
2007hj 0.7537320749746838 1.3628675602071113e-08 2.49305864717317 3.6099791861501575e-08 -0.7292195891638581 1.3834554942612975e-08 -2.6169860816490185 3.6694741803355275e-08 0.9730050807612325 1.794610872183788e-08 1.2825116730932093 1.822550273249171e-08 "" ""
2007hx "" "" "" "" "" "" "" "" "" "" "" "" "" ""
2007if "" "" "" "" "" "" "" "" "" "" "" "" "" ""
2007jd "" "" "" "" "" "" "" "" "" "" "" "" "" ""
