results/color_evolution/CMFGEN_1.02.ecsv
# %ECSV 0.9
# ---
# datatype:
# - name: obj_id
#   datatype: string
# - name: u_g
#   datatype: float64
# - name: u_g_err
#   datatype: float64
# - name: g_r
#   datatype: float64
# - name: g_r_err
#   datatype: float64
# - name: r_i
#   datatype: float64
# - name: r_i_err
#   datatype: float64
# - name: i_B
#   datatype: float64
# - name: i_B_err
#   datatype: float64
# - name: B_V
#   datatype: float64
# - name: B_V_err
#   datatype: float64
# - name: V_Y
#   datatype: float64
# - name: V_Y_err
#   datatype: float64
# - name: Y_JH
#   datatype: float64
# - name: Y_JH_err
#   datatype: float64
# meta: !!omap
# - source: CMFGEN
# - version: '1.02'
# - bands:
#   - !!python/tuple
#     - csp_dr3_u
#     - csp_dr3_g
#   - !!python/tuple
#     - csp_dr3_g
#     - csp_dr3_r
#   - !!python/tuple
#     - csp_dr3_r
#     - csp_dr3_i
#   - !!python/tuple
#     - csp_dr3_i
#     - csp_dr3_B
#   - !!python/tuple
#     - csp_dr3_B
#     - csp_dr3_V
#   - !!python/tuple
#     - csp_dr3_V
#     - csp_dr3_Y
#   - !!python/tuple
#     - csp_dr3_Y
#     - csp_dr3_Jcsp_dr3_H
# schema: astropy-2.0
obj_id u_g u_g_err g_r g_r_err r_i r_i_err i_B i_B_err B_V B_V_err V_Y V_Y_err Y_JH Y_JH_err
[from data line 77]
2007jh "" "" 2.5497716578885736 2.814580750151213e-08 -1.5099733802947448 2.008931908588844e-08 -1.8843036278278518 2.4299065740677855e-08 1.1728551368287787 1.2253139681432095e-08 1.8084357224875853 2.0077669776603472e-14 "" ""
2007le 1.2446555799497314 1.490634527935417e-08 2.2627760963776864 3.162108553036867e-08 -1.7935611326249898 2.2294848948359416e-08 -1.347605435170395 1.9891091136200385e-08 0.9709718591381086 1.3628297006113257e-08 0.636589048637871 1.4187818598577547e-08 "" ""
2007mm "" "" "" "" "" "" "" "" "" "" "" "" "" ""
2007nq 0.6819977106961317 5.5297995452564785e-09 2.2588160996980644 2.9420254663543177e-08 -1.7556483002218777 2.524824413012089e-08 -1.3209018518496 1.917529780835283e-08 0.8385420583847556 1.3324263527503746e-08 0.8480107132353509 1.304647936196432e-08 "" ""
2007ol "" "" "" "" "" "" "" "" "" "" "" "" "" ""
2007on 1.0545992125916381 1.0484921830397952e-07 1.9080457496418557 2.625601875943874e-08 -1.538562373858009 2.0862249615735922e-08 -1.1374487161972082 4.4862619953694145e-08 0.7531433155977564 3.26056121693552e-08 0.5808196762333698 2.985669803556879e-08 "" ""
2007so "" "" "" "" "" "" "" "" "" "" "" "" "" ""
2007sr 1.1306618662783572 1.5100433184476525e-08 1.8494609090095355 2.429578777366044e-08 -1.841287481427564 2.534999338652098e-08 -0.8642269147475711 1.4100045261069823e-08 0.7320910689706572 1.1756167404057192e-08 0.2517360930189789 1.4003427807372774e-08 "" ""
2007st "" "" "" "" "" "" "" "" "" "" "" "" "" ""
2007ux 1.0154231391338566 1.0634585812302617e-08 2.3090196312651363 2.912023146242296e-08 -1.6232740188499537 1.883824872902411e-08 -1.5508542035567179 1.8391479010134888e-08 0.8581515989274887 1.0436955084181637e-08 1.1640428442148878 1.7206788294237926e-08 "" ""
2008C 0.7676185470196204 1.0171703815729592e-08 2.136422925920974 3.1793511267862675e-08 -1.6393187392604345 2.242945508160761e-08 -1.0866974195562498 1.3741647508335762e-08 0.6493664995890963 1.3663241915209159e-08 -0.26798764600744496 2.510989041923755e-09 "" ""
2008J "" "" "" "" "" "" "" "" "" "" "" "" "" ""
2008O "" "" "" "" "" "" "" "" "" "" "" "" "" ""
2008R 1.0060244998588233 1.3483746808381506e-08 2.193584435366909 4.819633457681612e-09 -1.6571873464497453 1.5024277273274076e-08 -1.3574084908046293 1.985641314853645e-08 0.8776379920679626 1.1820956446785673e-08 0.8109140751899463 1.1497062631640936e-08 "" ""
2008ae "" "" "" "" "" "" "" "" "" "" "" "" "" ""
2008ar 0.5233796254449068 5.228324089561869e-09 2.132213796930991 2.2679203289494258e-08 -1.8467137217917589 2.0720956225222325e-08 -1.039721901131079 1.2027796752896303e-08 0.732345457732602 1.4157153424695712e-08 0.48125462251979345 1.1864960521306453e-08 "" ""
2008bc nan nan 1.836856643794108 2.3192854150902944e-08 -1.8912679576739515 2.792245580997406e-08 -0.6545828174182651 1.4398340702563481e-08 0.6536614853845246 1.2461194025723213e-08 0.09541588177421996 1.3530370965061868e-08 "" ""
2008bd "" "" "" "" "" "" "" "" "" "" "" "" "" ""
2008bf 0.6860367440408132 1.3131365209721388e-08 1.9393936867548618 2.6774440220813383e-08 -1.903625571276749 2.356521297441619e-08 -0.8029381002511952 1.4000216438185467e-08 0.6513706297787913 1.3162645642115815e-08 -0.09144538139438457 1.4213259475834284e-08 "" ""
2008bi "" "" "" "" "" "" "" "" "" "" "" "" "" ""
2008bq 1.0785785097301475 1.480228984592642e-08 2.1540082865998937 2.2078222038276647e-08 -1.9094697133921201 2.4092601663909395e-08 -0.8753405784144855 1.3138105743039247e-08 0.6931034966739079 8.85612121866239e-09 0.1679416574803539 1.1465878814247969e-08 "" ""
2008bt "" "" "" "" "" "" "" "" "" "" "" "" "" ""
2008bz "" "" "" "" "" "" "" "" "" "" "" "" "" ""
2008cc "" "" "" "" "" "" "" "" "" "" "" "" "" ""
2008cd "" "" "" "" "" "" "" "" "" "" "" "" "" ""
2008cf "" "" "" "" "" "" "" "" "" "" "" "" "" ""
2008ff "" "" "" "" "" "" "" "" "" "" "" "" "" ""
2008fl "" "" "" "" "" "" "" "" "" "" "" "" "" ""
2008fp 1.5038981595764016 8.73995409880142e-08 2.254330237284662 3.2938808512799854e-08 -1.5745809844342804 2.1409617288221143e-08 -1.7085463912453274 2.1383310480694572e-08 1.1818719023353499 5.193533199851953e-08 0.8529148570679255 1.416908125200412e-08 "" ""
2008fr "" "" "" "" "" "" "" "" "" "" "" "" "" ""
2008fu "" "" "" "" "" "" "" "" "" "" "" "" "" ""
2008fw "" "" "" "" "" "" "" "" "" "" "" "" "" ""
2008gg "" "" "" "" "" "" "" "" "" "" "" "" "" ""
2008gl 1.0549331663989627 1.2973401516343478e-08 2.2089260051822586 2.978713052604822e-08 -1.855919886372128 2.386749610176932e-08 -1.1782870098350084 1.4793448869846035e-08 0.7868770476122718 1.1634393357563303e-08 0.20948621746327553 1.4816243521194192e-08 "" ""
2008go "" "" "" "" "" "" "" "" "" "" "" "" "" ""
2008gp 0.48521494885481986 1.2643991276214285e-08 1.8447059591311759 1.4530247875193773e-08 -1.9246678033657598 2.567989628425534e-08 -0.5817062409532049 1.4218688672978145e-08 0.4981092387893224 1.2830840765807341e-08 -0.07696918414207596 1.4090170872232282e-08 "" ""
2008ha "" "" "" "" "" "" "" "" "" "" "" "" "" ""
2008hj "" "" "" "" "" "" "" "" "" "" "" "" "" ""
2008hu 0.7635045922619124 1.4759292236164322e-08 2.1814194837431593 1.9756774050186467e-08 -1.788579725430025 1.9336716167970966e-08 -1.067914256098034 1.3452152757917745e-08 0.7272978082118131 1.079527034746296e-08 0.3140091058990925 1.4654462825686556e-08 "" ""
2008hv 0.7192571802027641 1.4457168251948634e-08 1.934167197009867 2.434983719222344e-08 -1.8439028025306097 2.4800357387026567e-08 -0.8433389347087002 1.253355588781645e-08 0.652452218005894 1.4843050838623734e-08 0.2330736434458778 1.4775051257161538e-08 "" ""
2008ia 0.542821201051104 1.4823969947736503e-08 2.072621838726138 2.402062342923284e-08 -1.8471718140403084 2.1395700870352034e-08 -0.9298372194757821 1.433714506155568e-08 0.7110105966220042 1.2840844203589232e-08 0.3140280713132593 1.44881451551149e-08 "" ""
2009D 0.8605289706334808 1.1995637631107792e-08 1.9239480459469542 2.268056201189146e-08 -1.9343147649008963 1.9070333450500592e-08 -0.785258689434803 1.1556920530242588e-08 0.6326240840749988 1.40391404637247e-08 0.3045912394270947 1.2376153119645866e-08 "" ""
2009F 1.161069874805497 1.644509744688885e-08 2.4334593302044722 2.884581205279152e-08 -1.3900819341416089 2.0500571115379792e-08 -1.9238772315428516 2.4603416307547306e-08 1.115459364108571 1.2319825364766795e-08 1.192153102009059 8.181437472287025e-09 "" ""
2009I "" "" "" "" "" "" "" "" "" "" "" "" "" ""
2009J "" "" "" "" "" "" "" "" "" "" "" "" "" ""
2009P "" "" "" "" "" "" "" "" "" "" "" "" "" ""
2009Y 1.0148444371900553 2.6505457002756683e-08 1.9929643280998273 2.4694609370500068e-08 -1.9270007276980943 2.8408387845027266e-08 -0.8461403566827251 2.340810236516021e-08 0.7417773562265001 1.4082978187889127e-08 0.1705680368780882 1.435398998899603e-08 "" ""
2009aa 0.702585030822326 1.211883089374206e-08 2.0967565923346085 2.7234566751246848e-08 -1.7778181573174827 2.350931662012563e-08 -1.1005630597450535 1.3454009563117566e-08 0.7018065095973081 1.1533212083581088e-08 0.5651185249577839 1.4432493450937327e-08 "" ""
2009ab 0.5024385526668642 8.214778447171424e-09 1.8026824847141152 2.5287450718460775e-08 -1.8658401840755026 2.5859724305673345e-08 -0.6261216734166556 9.703577278664644e-09 0.536543626739033 1.243199390104341e-08 -0.5008293234293948 1.3208410015775287e-08 "" ""
2009ad 0.4536874283662778 1.4895034972326085e-08 1.7045283194388023 1.8839381076765276e-08 -1.9995162365107877 2.8824825747376582e-08 -0.38600846347198936 7.718404044625047e-09 0.42242556046248586 1.0460403991269228e-08 -0.38718474164181005 1.349387358742145e-08 "" ""
2009ag 1.1464528274975707 1.5525263740425737e-08 2.167771435121964 2.2281368721442625e-08 -1.7212661963487013 1.9767992785622787e-08 -1.3121440071674952 1.5108919801842582e-08 0.9392886743981399 1.4252038894969314e-08 0.5956118096134588 9.561050407302114e-09 "" ""
2009al "" "" "" "" "" "" "" "" "" "" "" "" "" ""
2009cz "" "" "" "" "" "" "" "" "" "" "" "" "" ""
2009dc "" "" "" "" "" "" "" "" "" "" "" "" "" ""
2009ds "" "" "" "" "" "" "" "" "" "" "" "" "" ""
2009le "" "" "" "" "" "" "" "" "" "" "" "" "" ""
2010ae "" "" "" "" "" "" "" "" "" "" "" "" "" ""
