results/color_evolution/CMFGEN_1.4.ecsv
# %ECSV 0.9
# ---
# datatype:
# - name: obj_id
#   datatype: string
# - name: u_g
#   datatype: float64
# - name: u_g_err
#   datatype: float64
# - name: g_r
#   datatype: float64
# - name: g_r_err
#   datatype: float64
# - name: r_i
#   datatype: float64
# - name: r_i_err
#   datatype: float64
# - name: i_B
#   datatype: float64
# - name: i_B_err
#   datatype: float64
# - name: B_V
#   datatype: float64
# - name: B_V_err
#   datatype: float64
# - name: V_Y
#   datatype: float64
# - name: V_Y_err
#   datatype: float64
# - name: Y_JH
#   datatype: float64
# - name: Y_JH_err
#   datatype: float64
# meta: !!omap
# - source: CMFGEN
# - version: '1.4'
# - bands:
#   - !!python/tuple
#     - csp_dr3_u
#     - csp_dr3_g
#   - !!python/tuple
#     - csp_dr3_g
#     - csp_dr3_r
#   - !!python/tuple
#     - csp_dr3_r
#     - csp_dr3_i
#   - !!python/tuple
#     - csp_dr3_i
#     - csp_dr3_B
#   - !!python/tuple
#     - csp_dr3_B
#     - csp_dr3_V
#   - !!python/tuple
#     - csp_dr3_V
#     - csp_dr3_Y
#   - !!python/tuple
#     - csp_dr3_Y
#     - csp_dr3_Jcsp_dr3_H
# schema: astropy-2.0
obj_id u_g u_g_err g_r g_r_err r_i r_i_err i_B i_B_err B_V B_V_err V_Y V_Y_err Y_JH Y_JH_err
2004dt 1.2291767215045932 4.56082057429145e-07 1.7265707452033843 2.4361984538422136e-08 -1.7680219864452844 2.2389835370172722e-08 -0.8901938145559635 2.3816664198000327e-08 "" "" "" "" "" ""
2004ef 1.1911864690335416 5.5132164780561494e-08 2.0761562146051373 2.9606939030795665e-08 -1.969008832299262 2.5219433686696977e-08 -0.9051007192376027 1.8226026889639388e-08 "" "" "" "" "" ""
2004eo 0.8418953642136168 2.4985889129173157e-08 1.913252066478778 2.4508252557532317e-08 -1.859848953016989 2.546369776298828e-08 -0.8303469697574277 1.3443747386104434e-08 "" "" "" "" "" ""
2004ey 0.7898340724412729 1.2432168922560153e-08 1.7032111486539638 2.1274268759579206e-08 -2.075683812449437 2.3960796104655797e-08 -0.35569298737979266 1.4894015306329746e-08 "" "" "" "" "" ""
2004gc "" "" 2.25549993786342 2.917660175732703e-08 -2.042029485758459 2.4673492281755802e-08 -1.0733169772158082 1.5370472624245024e-08 "" "" "" "" "" ""
2004gs 1.0892375688635385 1.4377727645676906e-08 1.9588091240894372 4.7308999623700826e-08 -1.8567480782097388 5.055603511117882e-08 -1.0435191587944521 1.753614955331594e-07 "" "" "" "" "" ""
2004gu 0.9076148037346324 1.0725082107112638e-08 2.0022052750427477 2.5152024527020588e-08 -2.090034437821072 2.8898412864484044e-08 -0.754996758560719 1.2405363167232667e-08 "" "" "" "" "" ""
2005A "" "" 2.939213860477764 3.74896113087922e-08 -1.612943356917801 2.007947720749579e-08 -1.9633860065307847 2.7177915173817033e-08 "" "" "" "" "" ""
2005M 0.7856498874454214 1.468218156061419e-08 1.8713455991164112 2.4887028751574996e-08 -2.004029512502914 2.548971414583868e-08 -0.6729127622576916 4.2410942502620506e-08 "" "" "" "" "" ""
2005W 0.6032968156591068 1.094650595729928e-08 1.5162387343025587 2.22728439196329e-08 -2.165090639941213 2.6595511869665855e-08 -0.02881245228416867 1.2938309395008633e-08 "" "" "" "" "" ""
2005ag "" "" 2.0468117641459016 2.132902553339764e-08 -1.856492126337971 2.6648918360130113e-08 -0.9784633879878408 1.3284929504449683e-08 "" "" "" "" "" ""
2005al 1.0604156280012007 7.6252247334394e-08 1.7174881309850891 2.49287244409563e-08 -2.0043712487242225 2.403151843574371e-08 -0.45379703334802474 1.443458483815256e-08 "" "" "" "" "" ""
2005am 1.0530745928396605 1.5995456677423263e-07 1.9738446950750965 2.560364193894798e-08 -1.9458435199697024 2.2683885968400767e-08 -0.8884723261645615 1.4088400605892336e-08 "" "" "" "" "" ""
2005be 1.0096719279044721 1.1876699375309686e-08 2.059122555427674 2.2772641873035836e-08 -1.9695115520591102 1.1447177640415423e-08 -0.8961455609081672 7.249829679618656e-09 "" "" "" "" "" ""
2005bg 0.7876507774726184 1.0815719319580572e-08 1.90046430293155 1.783880917964561e-08 -2.12671423364232 2.247810515498827e-08 -0.45531506040487196 1.3314146898802403e-08 "" "" "" "" "" ""
2005bl 1.2851503543098544 6.646539608169284e-09 2.0316695452494433 2.0479514234080122e-08 -1.4611209250013393 1.7917420262616754e-08 -1.227496901119913 1.4950056443910558e-08 "" "" "" "" "" ""
2005bo 0.897485415167529 1.1003417745565375e-08 1.9627288559313303 7.758165400640256e-10 -1.9329931475267073 3.7146566333253766e-09 -0.9343645492534689 9.87238107972827e-09 "" "" "" "" "" ""
2005el 0.907450490332378 1.4770191494756036e-08 1.6691233225506155 2.0963465712618347e-08 -1.9643655516270075 2.846163160642873e-08 -0.4573973082596306 1.2191325595666594e-08 "" "" "" "" "" ""
2005eq 0.9546497459908534 1.4096229707385834e-08 1.8901233027419795 2.786910944318749e-08 -2.0741523000106623 3.0516192616769894e-08 -0.6111324102318303 1.4865038602497521e-08 "" "" "" "" "" ""
2005gj "" "" "" "" "" "" "" "" "" "" "" "" "" ""
2005hc 0.6783253358852251 6.920787826915102e-09 1.9916560101605132 2.7918156538047487e-08 -2.0624715963820326 2.227881804261045e-08 -0.7136202286119497 1.3521723981875189e-08 "" "" "" "" "" ""
2005hj 0.2849927706568806 5.475518854620302e-09 2.0463667701738326 2.507412191905187e-08 -2.0565661785258906 2.5644787106652768e-08 -0.8457501755849037 1.481469934202128e-08 nan nan 1.9912067807812954 1.8305527900174163e-08 "" ""
2005hk "" "" "" "" "" "" "" "" "" "" "" "" "" ""
2005iq 0.8316799632854301 1.463349521288431e-08 1.8763220295451029 2.5913282495868776e-08 -2.0061339044327373 2.0457683390867154e-08 -0.6228728318434194 1.3176573968015691e-08 "" "" "" "" "" ""
2005ir "" "" "" "" "" "" "" "" "" "" "" "" "" ""
2005kc 0.7177754380643481 9.720566028205461e-09 1.6969103467445448 1.0659307949505393e-08 -1.992156236186142 1.0464065519100374e-08 -0.7297335770312255 1.4589293756553573e-08 "" "" "" "" "" ""
2005ke 1.5584075435057638 1.966096528907405e-07 1.5726980970096407 5.686937526881195e-08 -1.3726922829590331 1.9623294392810832e-08 -1.071186130215267 1.6921701233185207e-07 0.5306462403652871 1.1525045338865533e-08 0.42825042997155627 1.1682623840621285e-08 "" ""
2005ki 0.9024011629517785 1.63383565592688e-07 1.398824225630581 3.470990580458448e-07 -1.889901942635634 3.4391702896955297e-07 -0.3275157358774795 1.9072008396912905e-07 0.4356434801681882 3.549363721779392e-08 0.7943162762651204 1.1489003046543933e-08 "" ""
2005ku 0.7032849216007605 7.943722001951517e-15 1.990083040019817 4.728715865897126e-09 -2.026486601303563 2.6566105507650243e-08 0.04321379965847939 9.339558320668225e-09 "" "" "" "" "" ""
2005lu 1.2135729877387602 1.8030060836463646e-09 2.249880594221851 2.237712023987279e-08 -1.9302050398358102 2.1196585060168547e-08 -1.1913275297706223 1.6409543425597067e-08 0.8699722745830022 1.1455004708602499e-08 0.672595414990396 4.384858254195101e-09 "" ""
2005mc "" "" "" "" "" "" "" "" "" "" "" "" "" ""
2005na 0.6893750445787576 9.853277961203826e-09 1.9518009337325501 2.4106846445035593e-08 -1.9872668332508538 2.4112786234297827e-08 -0.7277849278975326 1.3868484036433447e-08 0.8860955797445471 1.0007499680655869e-08 0.9237924925928208 1.0753330888042795e-08 "" ""
2006D 1.1195073873463752 8.245242147285009e-08 1.4751850580102754 2.766507220562159e-08 -1.8661376264514757 2.6385946500598184e-08 -0.4198409529736419 1.1363141180534647e-07 0.6701473144130549 2.7110762949408384e-08 0.737647277708625 1.2243125128891263e-08 "" ""
2006X 2.7314620107928826 2.7455786296044387e-08 2.7737165300653954 1.938877165040789e-07 -1.5189718503243927 2.056294994419036e-08 -2.52309718812735 5.267567183346775e-07 1.6660812359350061 3.194358486643731e-07 1.7068440661413733 2.4789426291273482e-08 "" ""
2006ax 0.8192926140530464 1.2130412565738112e-08 1.7302578285994763 1.5517790608043924e-08 -2.0243838150678473 1.7430454656921104e-08 -0.41002883294273745 1.4620860039390265e-08 0.5741470864566831 1.2506116508143163e-08 -0.23670001405328822 1.2405452918991698e-08 "" ""
2006bd "" "" 2.4278529285048913 3.104480332943911e-08 -1.524643026123158 1.8917350773090682e-08 -1.599294877835237 1.8348560433804873e-08 1.074114484912616 1.2905453540562629e-08 0.5571376705943575 6.185470697798817e-15 "" ""
2006bh 0.8866683197310375 1.4577132629200041e-08 1.8716456067229077 2.154783443878145e-08 -1.9735508262856147 2.2492472311804083e-08 -0.6724352711971999 1.3601647750569492e-08 0.7509926783901509 1.2680302667494555e-08 -0.037231901359400826 1.1141291696461257e-08 "" ""
2006br "" "" 2.957747806240745 1.7254502465224083e-08 -1.5534974123615737 2.2339107405641233e-08 -2.741735369112706 2.288852378540953e-08 1.355161627779986 8.674235762625258e-09 0.6435353904634785 5.693316473116571e-09 "" ""
2006bt "" "" "" "" "" "" "" "" "" "" "" "" "" ""
2006dd 1.7001406277167692 2.1641698088059172e-08 0.8019237215750162 1.4855526224377034e-08 -1.649032182387822 2.1879386967548918e-08 0.00951753590595411 1.460603171838288e-08 0.43042752225807807 1.7341582863319693e-08 nan nan "" ""
2006ef nan nan 2.083587983972189 2.2652091724092808e-08 -1.9251679705749258 1.4388287024087617e-08 -0.9223599114749129 8.81356113378684e-09 0.8903534042183554 1.26623169375882e-08 "" "" "" ""
2006ej 1.1997810164597098 1.598160311871133e-08 2.1264048857163536 1.7326724228971427e-08 -1.9094868240529097 6.7866511396611095e-09 -1.0544190150943193 2.2418012318760044e-09 0.807191940833997 1.3719336827789259e-08 0.8868298041302933 9.845788674692693e-15 "" ""
2006eq nan nan 2.3990718215247187 2.806677899034418e-08 -1.6893316876187725 1.7412668938310057e-08 -1.512937988048239 2.076415687693476e-08 1.0162531326320752 9.308773893040192e-09 0.8743255179162166 9.484486708591692e-09 "" ""
2006et 1.2163372933460652 1.6379398059152127e-08 1.9791763148503432 2.4686951236051065e-08 -1.9530756455826561 2.7933007388408362e-08 -0.8327214018012855 1.2515303223615527e-08 0.7454830820227153 1.1969871990705562e-08 0.49419196303808055 1.199857949707805e-08 "" ""
2006ev "" "" 2.2461396225852894 2.6334765945284747e-08 -1.918381572337703 2.0234014542799272e-08 -1.0564791794549975 1.2691994736498602e-08 0.9628368489479542 7.601766076938215e-09 -0.21051242028761866 1.0906455178274503e-08 "" ""
2006fw 0.5758787788021705 6.151020569387714e-14 1.9637391156447688 7.558314578638403e-09 -1.511909293503186 1.6883501502049766e-08 -0.841185230510494 6.9274181158258534e-12 0.5994085334941321 3.0837709208033917e-12 "" "" "" ""
2006gj 0.8402558292239041 1.1665082948630736e-08 2.12363436808611 2.6906290078134312e-08 -1.7064316046157697 1.9808438247343628e-08 -1.5358493325925227 9.922448621522176e-09 1.1113595904789058 1.5115167147310657e-08 0.8679489254738777 1.4153541143067979e-08 "" ""
2006gt 0.8169472828736121 2.120205935012669e-09 2.136508705352182 2.337997859969105e-08 -1.7251374552403462 1.912469900167323e-08 -1.2755891795791667 1.779835768671382e-08 0.985435076952235 5.7842802661579805e-09 0.32854004018346716 1.3993410770331655e-08 "" ""
2006hb 1.2277791968991594 1.123101019700111e-08 1.5231600330543218 4.422342961351497e-08 -1.6581266277815216 6.076532711344063e-08 -0.6976956206683149 8.36475497030426e-08 0.701801011427221 3.793879989028194e-08 0.6355082324655515 1.4837186771310181e-08 "" ""
2006hx 0.13017757324289558 9.156819084336833e-09 2.1294824801889756 2.2794405112296275e-08 -1.7377508810821853 2.430997732323111e-08 -0.7444882999731351 8.717062486156345e-09 0.6346731129830833 7.842180664890456e-09 "" "" "" ""
2006is 1.001594840069754 1.1220834197036525e-08 1.741203900449552 2.401562382227636e-08 -2.2270365390555513 3.644614862316168e-08 -0.3240189722278643 2.491537980729997e-08 0.5736814304918346 1.8648785796380693e-08 -1.2606036314355153 1.1361141825370477e-08 "" ""
2006kf 0.7959971865279801 1.1582748091764288e-08 1.8891035396986897 2.0637502680285964e-08 -1.949905943153843 2.5836490460432546e-08 -0.7501588737736312 1.2618170307036068e-08 0.8924711171243762 1.4179936374300552e-08 0.3119036429070298 1.4413176933727049e-08 "" ""
2006lu 0.9004073017900383 1.2844995737983631e-08 1.930656472028614 2.769095582313873e-08 -2.061684052680082 2.5783215552370625e-08 -0.7470091472382017 1.257114689496097e-08 0.80769161238034 1.3801783286202069e-08 -1.3127075976328786 1.1250329775070278e-08 "" ""
2006mr 1.6068271897859423 1.9104852608517387e-08 1.6977683541937636 1.1774284468917958e-07 -1.0138729072736499 1.860252884343426e-08 -1.4955384315041926 1.483440225325906e-07 0.8726919739658252 2.3630861954722081e-07 0.8996403167015781 2.8726727956137556e-08 "" ""
2006ob -0.14497894097904232 1.764561467588843e-15 1.9498484255434407 2.0444718460141683e-08 -1.7833768167070265 2.4958260591127295e-08 -0.10129592139837518 1.3678214369225818e-09 0.3800505003944301 1.0821574747458122e-08 0.71160689384536 1.41331566629309e-08 "" ""
2006os 1.0526078754043597 9.27330961891938e-09 2.4326200564506104 2.1839788320433647e-08 -1.761075093287199 2.3750041793903256e-08 -0.9957704666597549 7.677516643284236e-09 0.8891244683261365 6.887959839130258e-09 0.7396578879286019 1.2260240373886334e-08 "" ""
2006ot 0.6263646565634458 1.3211301337217268e-08 2.1094735706449175 5.456600011377736e-09 -1.6895986250919237 2.1440962946425598e-08 -1.3642671747520978 1.697839710607232e-08 0.8364670880731657 1.2227220149996495e-08 1.0199397374883779 1.3791341113502192e-08 "" ""
2006py 0.29717681847945165 4.488915816405828e-09 1.5103970114030492 1.9605943835980096e-08 -2.1844412351391673 2.6692553061989424e-08 0.08954884452578601 1.1112474498269369e-08 0.3226749613252245 5.544357920560671e-09 "" "" "" ""
2007A 0.2972441460892673 3.3764668178071305e-09 1.5841815568767266 1.6285975410927744e-08 -2.1787807328440714 3.158552478322419e-08 0.028950788108599378 1.047431570900191e-08 0.37977218011483577 1.4547363542339454e-08 -0.6965855901087242 1.0166072417172504e-08 "" ""
2007N 2.895436752437406 2.7781721937607078e-08 2.0171851566409136 2.7658573643308715e-08 -1.1460867822811545 1.6036918477968966e-08 -1.8384464771995566 2.6055243867935274e-08 1.0979249992783233 1.464600348330341e-08 1.2457285718632654 1.4732841964882278e-08 "" ""
2007S nan nan 2.19024274530197 2.0275408562871134e-08 -1.86334462163554 2.6448109800630164e-08 -1.2070869644828492 1.56076920639865e-08 0.9823329742382272 1.3369627518353957e-08 0.4286432493169679 1.2194447670023317e-08 "" ""
2007af 1.1776405355206245 1.7110262739719868e-08 1.8539462057967677 2.5546170060584293e-08 -1.9235552465909351 2.570608399095372e-08 -0.7761401080054563 1.380180398864911e-08 0.7662640549520282 1.1629919223082174e-08 0.35776171142014107 1.4561669973211536e-08 "" ""
2007ai 0.6497232415552217 1.356490920905551e-08 2.2947693495004318 8.521759124308492e-09 -1.8906414656064545 1.738607700342645e-08 -1.1176538189259468 1.6593832742197978e-08 0.9415873008561882 8.949884115642353e-09 -0.7945545535526892 1.1278183455544886e-08 "" ""
2007al 1.72492401092739 3.977257360628703e-09 2.117022904492035 2.7394810161801333e-08 -1.3876460134194522 1.628885049297614e-08 -1.5839692639692065 2.3331387681054075e-08 1.0655109077873581 1.2942493377914846e-08 1.059105139893749 1.3115384695552272e-08 "" ""
2007as 1.0310787551560412 9.302956237597663e-09 1.9574316941582561 2.6004944275277332e-08 -2.077694037893604 2.610385064637672e-08 -0.6907518579967726 1.4657312056111149e-08 0.8354888273381755 9.243263791893925e-09 0.23944355853872915 1.450027285536541e-08 "" ""
2007ax 1.509424753912206 1.999312798608047e-08 2.1727088826771133 1.8024670531957415e-08 -1.509102552403149 1.8605818687977004e-08 -1.5411077612665836 2.2146766135938675e-08 1.0456465740143737 1.2725136242084763e-08 0.8677987126514282 1.0828982826895705e-08 "" ""
2007ba 0.9891484984441261 9.148592513784828e-09 2.2227672577878264 2.804911209618736e-08 -1.6858512156191798 2.374776781728577e-08 -1.407569678256333 1.887740098067633e-08 0.8834255365724817 1.1567173827253453e-08 0.7595471625630426 1.0094709581218001e-08 "" ""
2007bc 0.5664320399279912 6.498017570528258e-09 2.021853942175492 2.4074786090964136e-08 -1.9482155692966363 2.5659381945631067e-08 -0.7911452867852751 1.3789489245628698e-08 0.7567592136536991 4.701914668259003e-09 0.3758525116418008 1.131963893827968e-08 "" ""
2007bd 0.7906056780755158 7.299598633609614e-09 1.8392287196635821 2.0525128598026034e-08 -2.000336163878898 2.829390379407957e-08 -0.5858047645050831 1.1087545090457646e-08 0.6255794860014948 3.6736065952427923e-09 0.03589911794510962 1.1385814951170985e-08 "" ""
2007bm 1.892383209390295 2.7136035991517796e-08 2.291658718794666 1.5203889591745743e-08 -1.7570273004672288 1.3734831954604208e-08 -1.3819124236857676 1.4971015455683506e-08 1.097946459567042 1.1847471439717267e-08 0.1854482313991977 1.1724945275433158e-08 "" ""
2007ca 1.0516879320150696 1.4364459706566915e-08 1.7763444675878877 1.7541036919287977e-08 -2.019459266937364 2.842055561207322e-08 -0.5464045947937736 1.1011174371205022e-08 0.6593614453490955 1.267559826819862e-08 -0.20980647189542018 1.362914261591864e-08 "" ""
2007cg "" "" "" "" "" "" "" "" "" "" "" "" "" ""
2007hj 1.2091667163184996 1.3628675943397892e-08 1.917439411364965 2.686948928964583e-08 -1.7792529642320196 2.4123180876951284e-08 -0.9949543389019692 1.4175713895324296e-08 0.9061885832335327 1.79461085877864e-08 0.6527149441738243 1.3280408633951736e-08 "" ""
2007hx "" "" "" "" "" "" "" "" "" "" "" "" "" ""
2007if "" "" "" "" "" "" "" "" "" "" "" "" "" ""
2007jd "" "" "" "" "" "" "" "" "" "" "" "" "" ""
