results/color_evolution/CMFGEN_1.7.ecsv
# %ECSV 0.9
# ---
# datatype:
# - name: obj_id
#   datatype: string
# - name: u_g
#   datatype: float64
# - name: u_g_err
#   datatype: float64
# - name: g_r
#   datatype: float64
# - name: g_r_err
#   datatype: float64
# - name: r_i
#   datatype: float64
# - name: r_i_err
#   datatype: float64
# - name: i_B
#   datatype: float64
# - name: i_B_err
#   datatype: float64
# - name: B_V
#   datatype: float64
# - name: B_V_err
#   datatype: float64
# - name: V_Y
#   datatype: float64
# - name: V_Y_err
#   datatype: float64
# - name: Y_JH
#   datatype: float64
# - name: Y_JH_err
#   datatype: float64
# meta: !!omap
# - source: CMFGEN
# - version: '1.7'
# - bands:
#   - !!python/tuple
#     - csp_dr3_u
#     - csp_dr3_g
#   - !!python/tuple
#     - csp_dr3_g
#     - csp_dr3_r
#   - !!python/tuple
#     - csp_dr3_r
#     - csp_dr3_i
#   - !!python/tuple
#     - csp_dr3_i
#     - csp_dr3_B
#   - !!python/tuple
#     - csp_dr3_B
#     - csp_dr3_V
#   - !!python/tuple
#     - csp_dr3_V
#     - csp_dr3_Y
#   - !!python/tuple
#     - csp_dr3_Y
#     - csp_dr3_Jcsp_dr3_H
# schema: astropy-2.0
obj_id u_g u_g_err g_r g_r_err r_i r_i_err i_B i_B_err B_V B_V_err V_Y V_Y_err Y_JH Y_JH_err
[from data line 77]
2007jh "" "" 2.9341652823769726 2.8145810085642514e-08 -0.6184072396781951 1.0198116652244503e-08 -3.1619231869186857 4.2625478934880004e-08 1.2161368186204282 1.2253139919731125e-08 2.238061040405836 2.484746897575092e-14 "" ""
2007le 0.9361047589084375 1.220367674274914e-08 2.647138893471106 3.657524675523516e-08 -0.9014752670887014 1.4142689928757278e-08 -2.6262310350096603 3.028152809444822e-08 1.0153632150128635 1.3628297009453166e-08 1.0652475146196618 1.4187819576190407e-08 "" ""
2007mm "" "" "" "" "" "" "" "" "" "" "" "" "" ""
2007nq 0.37330807946450406 5.529798901618165e-09 2.643176769956341 2.94202555339808e-08 -0.863530965453751 1.2556690118293023e-08 -2.599588340229401 3.632446888964427e-08 0.8830007270585579 1.332426366822485e-08 1.2766104616942167 1.5909849131058046e-08 "" ""
2007ol "" "" "" "" "" "" "" "" "" "" "" "" "" ""
2007on 0.7475105286587518 1.048492182265545e-07 2.292429091611593 3.260796375685314e-08 -0.6468071369070133 1.4511093026329778e-08 -2.4154344057721673 4.486262124228486e-08 0.7968282983380874 3.260561221952217e-08 1.0100938447636498 2.9856698308812506e-08 "" ""
2007so "" "" "" "" "" "" "" "" "" "" "" "" "" ""
2007sr 0.8211409892991518 9.55046087549437e-09 2.2338081988944882 2.8756320301143912e-08 -0.9489813992952699 1.3115976058268054e-08 -2.1432785356849227 2.948630849125067e-08 0.7769537559365388 1.175616743100686e-08 0.6799832473920726 1.4003428155196494e-08 "" ""
2007st "" "" "" "" "" "" "" "" "" "" "" "" "" ""
2007ux 0.706040610610381 1.0634585021813867e-08 2.6933692253339 2.912023259259261e-08 -0.7309993864996868 1.3995180879282643e-08 -2.8298449928693126 3.0472756944805477e-08 0.9029469327293592 1.0436955200786128e-08 1.592348798389656 2.039456503101916e-08 "" ""
2008C 0.45555216398181375 1.0171703298792407e-08 2.520722227868107 3.1956607556179975e-08 -0.7464314035562127 1.4402625703685683e-08 -2.366872649064482 3.204742368579454e-08 0.6954764124449901 1.366324214755465e-08 0.15916921707785525 2.510989354628255e-09 "" ""
2008J "" "" "" "" "" "" "" "" "" "" "" "" "" ""
2008O "" "" "" "" "" "" "" "" "" "" "" "" "" ""
2008R 0.6947807817650026 1.3483746026396331e-08 2.577900417923878 4.819634494684826e-09 -0.7644884084160982 1.068135627835019e-08 -2.6372196766177756 3.213269704304006e-08 0.9233431534468393 1.1820957053148938e-08 1.238425064118868 1.8297898239560753e-08 "" ""
2008ae "" "" "" "" "" "" "" "" "" "" "" "" "" ""
2008ar 0.21448192307960942 5.228324107053652e-09 2.5165712220457026 2.2679205610870305e-08 -0.9545491894990162 1.3896683505498791e-08 -2.3184997049575697 2.9726696174307133e-08 0.7769051082741554 1.4157153653140465e-08 0.9097662689918611 1.1864961181466168e-08 "" ""
2008bc nan nan 2.2207781363001833 3.07555810636667e-08 -0.99558238706994 1.2345426073985604e-08 -1.940143779005303 2.8043338710528953e-08 0.7058350683005289 1.2461194075912056e-08 0.5172310300127677 1.353037173459178e-08 "" ""
2008bd "" "" "" "" "" "" "" "" "" "" "" "" "" ""
2008bf 0.37727773654564833 1.3131365004412786e-08 2.323753282695118 2.6774441869437257e-08 -1.0114925035021138 1.452547968251206e-08 -2.0816550299837657 2.4837462311018115e-08 0.6958629573875313 1.3162645745017294e-08 0.33712500321105104 1.4213259649185592e-08 "" ""
2008bi "" "" "" "" "" "" "" "" "" "" "" "" "" ""
2008bq 0.7661018434045992 1.4802289093161685e-08 2.538298845383032 2.207822254036935e-08 -1.0164882202891163 9.335624235160559e-09 -2.155697695256171 2.7233525978317186e-08 0.7394158725466357 8.856121212187738e-09 0.5949212710810452 1.1465878865079312e-08 "" ""
2008bt "" "" "" "" "" "" "" "" "" "" "" "" "" ""
2008bz "" "" "" "" "" "" "" "" "" "" "" "" "" ""
2008cc "" "" "" "" "" "" "" "" "" "" "" "" "" ""
2008cd "" "" "" "" "" "" "" "" "" "" "" "" "" ""
2008cf "" "" "" "" "" "" "" "" "" "" "" "" "" ""
2008ff "" "" "" "" "" "" "" "" "" "" "" "" "" ""
2008fl "" "" "" "" "" "" "" "" "" "" "" "" "" ""
2008fp 1.184289584911965 8.739954120766728e-08 2.638421660088906 3.293880989594134e-08 -0.679940320103842 1.3519286840392519e-08 -2.992101553182008 4.199107979815722e-08 1.2317703427760331 5.1935332109980884e-08 1.2767424837542714 1.8831598180412006e-08 "" ""
2008fr "" "" "" "" "" "" "" "" "" "" "" "" "" ""
2008fu "" "" "" "" "" "" "" "" "" "" "" "" "" ""
2008fw "" "" "" "" "" "" "" "" "" "" "" "" "" ""
2008gg "" "" "" "" "" "" "" "" "" "" "" "" "" ""
2008gl 0.7467297067074585 1.2973401283126015e-08 2.593293988689801 3.800475830069342e-08 -0.9639127089032993 1.2693004413992241e-08 -2.4567603446534063 3.610949699950963e-08 0.8311001511428809 1.1634393336011338e-08 0.6382914168938166 1.4816243965443096e-08 "" ""
2008go "" "" "" "" "" "" "" "" "" "" "" "" "" ""
2008gp 0.17069739700143738 1.2643991192824414e-08 2.2289487563041526 1.4530248246490205e-08 -1.0312159264348626 1.3450671815443846e-08 -1.862971429262734 2.6705597306285722e-08 0.5454347891863877 1.2830840762252273e-08 0.3491223136367789 1.409017110460718e-08 "" ""
2008ha "" "" "" "" "" "" "" "" "" "" "" "" "" ""
2008hj "" "" "" "" "" "" "" "" "" "" "" "" "" ""
2008hu 0.4498692653896257 1.4759291386905256e-08 2.565683806486357 1.9756773948330967e-08 -0.8953315995452013 1.1581444337160329e-08 -2.348786227789863 1.345215909057866e-08 0.7741841417520874 1.079527065852053e-08 0.7404858364258788 1.4654463557648277e-08 "" ""
2008hv 0.4107757930195902 1.4457168212569003e-08 2.318531046077718 3.3444085521655745e-08 -0.9518326730534272 1.3762389429606582e-08 -2.1219340841398284 2.798844442029717e-08 0.6968099200196913 1.4843050938715652e-08 0.6617614630012161 1.4775051758878261e-08 "" ""
2008ia 0.22110336863875915 1.4823969770542597e-08 2.4566363889374423 3.644000067929247e-08 -0.9520317482794116 1.1978628041333886e-08 -2.2143519321677476 2.7388300954615518e-08 0.7619948912375053 1.2840844516996478e-08 0.7368964717457229 1.4488145800629085e-08 "" ""
2009D 0.5505935107238524 1.1995637442607048e-08 2.3082882456048863 2.2680562568733317e-08 -1.0419143519981828 1.0650712459943656e-08 -2.0644927449261674 1.1556923444330979e-08 0.6776888705834264 1.4039140568400148e-08 0.7326619106663727 1.2376153557985151e-08 "" ""
2009F 0.8476386077645134 1.0960464596417407e-08 2.8177284401256255 3.827488593391572e-08 -0.49688084608712146 1.4159563209727583e-08 -3.2046583996352407 3.744514206756606e-08 1.1622443776547058 1.2319825656689036e-08 1.618718648755401 2.1226713170290776e-08 "" ""
2009I "" "" "" "" "" "" "" "" "" "" "" "" "" ""
2009J "" "" "" "" "" "" "" "" "" "" "" "" "" ""
2009P "" "" "" "" "" "" "" "" "" "" "" "" "" ""
2009Y 0.7015493075538418 2.6505456711082834e-08 2.3772365921035585 3.284060950874356e-08 -1.0338310008433225 1.3937837602201683e-08 -2.126860976366839 2.80830929522171e-08 0.7884948310188411 1.4082978363362597e-08 0.5971927780047531 1.435399044680679e-08 "" ""
2009aa 0.3939647950669895 1.2118830672784414e-08 2.4811183295165344 2.723456921929591e-08 -0.8857165573575899 1.1355300992691364e-08 -2.379219104737181 2.951052797458549e-08 0.7462315210259236 1.1533212214192404e-08 0.9937476339235879 1.4432493450869644e-08 "" ""
2009ab 0.18164100039594214 8.214778311646695e-09 2.18673162965681 2.5287452000844064e-08 -0.9709185264540674 1.1028028632113418e-08 -1.9102169292490674 2.2623918300336725e-08 0.587052681398972 1.2431994107791825e-08 -0.07754082155590239 1.3208408768721336e-08 "" ""
2009ad 0.13978029543784165 1.4895034409223595e-08 2.0887861541287704 1.883938322046225e-08 -1.106205404828272 1.0764869698516639e-08 -1.6670014707040777 2.101267200581083e-08 0.46944700940886946 1.0460404250576032e-08 0.03917351808299378 1.3493873475843784e-08 "" ""
2009ag 0.8230363461690585 1.2007308111305435e-08 2.5517177555253916 2.228136996749114e-08 -0.8257208296894519 1.0615180582537606e-08 -2.5974362615018975 3.616872908872478e-08 0.991156280449006 1.4252038864910712e-08 1.0176982036864124 9.561051129925413e-09 "" ""
2009al "" "" "" "" "" "" "" "" "" "" "" "" "" ""
2009cz "" "" "" "" "" "" "" "" "" "" "" "" "" ""
2009dc "" "" "" "" "" "" "" "" "" "" "" "" "" ""
2009ds "" "" "" "" "" "" "" "" "" "" "" "" "" ""
2009le "" "" "" "" "" "" "" "" "" "" "" "" "" ""
2010ae "" "" "" "" "" "" "" "" "" "" "" "" "" ""
