results/spec_chisq/bands.ecsv
# %ECSV 0.9
# ---
# datatype:
# - {name: obj_id, datatype: string}
# - {name: source, datatype: string}
# - {name: version, datatype: string}
# - {name: time, datatype: float64}
# - {name: csp_dr3_u, datatype: float64}
# - {name: csp_dr3_g, datatype: float64}
# - {name: csp_dr3_r, datatype: float64}
# - {name: csp_dr3_i, datatype: float64}
# - {name: csp_dr3_B, datatype: float64}
# - {name: csp_dr3_V, datatype: float64}
# - {name: csp_dr3_Y, datatype: float64}
# - {name: csp_dr3_J, datatype: float64}
# - {name: csp_dr3_H, datatype: float64}
# schema: astropy-2.0
obj_id source version time csp_dr3_u csp_dr3_g csp_dr3_r csp_dr3_i csp_dr3_B csp_dr3_V csp_dr3_Y csp_dr3_J csp_dr3_H
[from data line 732]
2007S CMFGEN 1.7 2454144.74 "" 592222.2222222222 544444.4444444446 555555.5555555557 452222.22222222225 437777.77777777787 "" "" ""
2007S CMFGEN 1.7 2454150.71 "" 2.699487391531711e+25 9.479473179744112e+24 1.577848372051739e+25 2.8234679411856203e+25 8.745224721692988e+24 "" "" ""
2007S CMFGEN 1.7 2454156.71 "" 2.1362894629427983e+26 4.456133742606908e+25 3.814911506953913e+25 2.1683538898472365e+26 5.4391976942178785e+25 "" "" ""
2007S CMFGEN 1.7 2454178.63 6.625496543800945e+26 7.872799049081072e+26 4.375042720961948e+25 5.182498577732162e+24 7.982404977806516e+26 1.160551328344395e+26 "" "" ""
2007af CMFGEN 1.04 2454163.82 223333.33333333337 "" "" "" 648888.888888889 "" "" "" ""
2007af CMFGEN 1.04 2454163.84 "" "" 494444.44444444455 504444.4444444445 "" 397777.77777777787 "" "" ""
2007af CMFGEN 1.04 2454163.85 "" "" "" 495555.5555555556 "" "" "" "" ""
2007af CMFGEN 1.04 2454169.78 "" 964444.4444444447 885555.5555555557 903333.3333333335 735555.5555555557 711111.1111111112 "" "" ""
2007af CMFGEN 1.04 2454173.8 154444.44444444447 588888.888888889 541111.1111111114 552222.2222222224 448888.88888888893 434444.4444444445 "" "" ""
2007af CMFGEN 1.04 2454173.81 "" "" 540000.0000000002 550000.0000000001 "" "" "" "" ""
2007af CMFGEN 1.04 2454178.75 3.9789584903159415e+22 4.287693645550371e+22 3.934866341371896e+22 7.5436322944320335e+22 4.42518188180947e+22 2.0533053623254116e+22 "" "" ""
2007af CMFGEN 1.04 2454178.77 "" "" 3.4758069203899112e+22 7.092723196026517e+22 "" "" "" "" ""
2007af CMFGEN 1.04 2454185.77 5.220570445663341e+24 3.032366070282634e+24 1.0619575271815492e+24 1.297192549896313e+24 3.094472087461149e+24 1.0574649143176952e+24 "" "" ""
2007af CMFGEN 1.04 2454208.83 "" 2.1669499416699238e+25 1.507536690335506e+24 6.414927437461641e+23 2.187692632207666e+25 3.6889837191517574e+24 "" "" ""
2007af CMFGEN 1.04 2454215.77 "" 3.215671395829302e+25 3.390380553040693e+24 4.928124272208946e+24 3.1519241865259218e+25 6.486220638497428e+24 "" "" ""
2007af CMFGEN 1.04 2454231.7 7.154824383755428e+24 1.0124003473182323e+25 1.6214623305869393e+24 8.261536280435575e+24 9.892840894793843e+24 2.2151471713536225e+24 "" "" ""
2007af CMFGEN 1.02 2454163.82 223333.33333333337 "" "" "" 648888.888888889 "" "" "" ""
2007af CMFGEN 1.02 2454163.84 "" "" 494444.44444444455 504444.4444444445 "" 397777.77777777787 "" "" ""
2007af CMFGEN 1.02 2454163.85 "" "" "" 495555.5555555556 "" "" "" "" ""
2007af CMFGEN 1.02 2454169.78 "" 964444.4444444447 885555.5555555557 903333.3333333335 735555.5555555557 711111.1111111112 "" "" ""
2007af CMFGEN 1.02 2454173.8 154444.44444444447 588888.888888889 541111.1111111114 552222.2222222224 448888.88888888893 434444.4444444445 "" "" ""
2007af CMFGEN 1.02 2454173.81 "" "" 540000.0000000002 550000.0000000001 "" "" "" "" ""
2007af CMFGEN 1.02 2454178.75 5.448569532134058e+21 1.4257702059411088e+22 1.3126505037898266e+22 2.7956995072306843e+22 1.3963372112163694e+22 7.868219071518446e+21 "" "" ""
2007af CMFGEN 1.02 2454178.77 "" "" 1.1653143127112968e+22 2.731024234620416e+22 "" "" "" "" ""
2007af CMFGEN 1.02 2454185.77 3.5245443652557086e+24 1.8299880437229874e+24 9.197469830632804e+23 1.7583322549366878e+24 1.8220553883523917e+24 6.410532438355612e+23 "" "" ""
2007af CMFGEN 1.02 2454208.83 "" 2.4400854548981748e+25 2.430142257762765e+24 1.0985249675493963e+24 2.29760918617675e+25 7.00052926019312e+24 "" "" ""
2007af CMFGEN 1.02 2454215.77 "" 3.111434553301354e+25 7.086463216983038e+24 9.245648643514073e+24 2.6890569923413736e+25 1.204077535185773e+25 "" "" ""
2007af CMFGEN 1.02 2454231.7 4.6693612068198875e+24 9.791439436656697e+24 3.437807165803151e+24 1.5985362766668049e+25 9.01615255327681e+24 3.6622334957726773e+24 "" "" ""
2007af CMFGEN 1.4 2454163.82 223333.33333333337 "" "" "" 648888.888888889 "" "" "" ""
2007af CMFGEN 1.4 2454163.84 "" "" 494444.44444444455 504444.4444444445 "" 397777.77777777787 "" "" ""
2007af CMFGEN 1.4 2454163.85 "" "" "" 495555.5555555556 "" "" "" "" ""
2007af CMFGEN 1.4 2454169.78 "" 964444.4444444447 885555.5555555557 903333.3333333335 735555.5555555557 711111.1111111112 "" "" ""
2007af CMFGEN 1.4 2454173.8 154444.44444444447 588888.888888889 541111.1111111114 552222.2222222224 448888.88888888893 434444.4444444445 "" "" ""
2007af CMFGEN 1.4 2454173.81 "" "" 540000.0000000002 550000.0000000001 "" "" "" "" ""
2007af CMFGEN 1.4 2454178.75 9.630187005539984e+20 4.955292351445139e+21 6.143951450909287e+21 1.0428912575962696e+22 3.70376418903234e+21 3.726378060277843e+21 "" "" ""
2007af CMFGEN 1.4 2454178.77 "" "" 5.472169259094978e+21 9.988733475181405e+21 "" "" "" "" ""
2007af CMFGEN 1.4 2454185.77 2.7590110972156e+24 1.3740863032525824e+24 7.688354290128836e+23 1.6323565499074605e+24 1.3476670537178858e+24 4.730573937319753e+23 "" "" ""
2007af CMFGEN 1.4 2454208.83 "" 2.5205750907580395e+25 3.941311538013069e+24 1.919786677226363e+24 2.3625004930494457e+25 8.655950994071854e+24 "" "" ""
2007af CMFGEN 1.4 2454215.77 "" 3.0297494272046702e+25 1.1768093712149538e+25 1.6252329258517181e+25 2.551184693305557e+25 1.4514999951593725e+25 "" "" ""
2007af CMFGEN 1.4 2454231.7 3.905249228304879e+24 8.709551388822179e+24 5.857845641590533e+24 2.9709757523129212e+25 7.539564058689188e+24 4.531456398811165e+24 "" "" ""
2007af CMFGEN 1.7 2454163.82 223333.33333333337 "" "" "" 648888.888888889 "" "" "" ""
2007af CMFGEN 1.7 2454163.84 "" "" 494444.44444444455 504444.4444444445 "" 397777.77777777787 "" "" ""
2007af CMFGEN 1.7 2454163.85 "" "" "" 495555.5555555556 "" "" "" "" ""
2007af CMFGEN 1.7 2454169.78 "" 964444.4444444447 885555.5555555557 903333.3333333335 735555.5555555557 711111.1111111112 "" "" ""
2007af CMFGEN 1.7 2454173.8 154444.44444444447 588888.888888889 541111.1111111114 552222.2222222224 448888.88888888893 434444.4444444445 "" "" ""
2007af CMFGEN 1.7 2454173.81 "" "" 540000.0000000002 550000.0000000001 "" "" "" "" ""
2007af CMFGEN 1.7 2454178.75 2.5928939925127618e+22 2.2265115895016815e+22 2.116028786162008e+22 4.686919823147056e+22 2.2788729324189847e+22 1.2279985536912645e+22 "" "" ""
2007af CMFGEN 1.7 2454178.77 "" "" 1.8719396199530452e+22 4.429591865064063e+22 "" "" "" "" ""
2007af CMFGEN 1.7 2454185.77 4.263351425736324e+24 2.4435383109719143e+24 1.014195038621334e+24 1.501098967166745e+24 2.4388400837480047e+24 8.91845095373865e+23 "" "" ""
2007af CMFGEN 1.7 2454208.83 "" 2.348817653246459e+25 1.7527729299389718e+24 3.199956372607349e+23 2.3591137305211753e+25 4.893634767453636e+24 "" "" ""
2007af CMFGEN 1.7 2454215.77 "" 4.045566866971827e+25 3.59690624344419e+24 1.5749278993678907e+24 3.934348874023364e+25 9.190728019222979e+24 "" "" ""
2007af CMFGEN 1.7 2454231.7 9.895530044464869e+24 1.3626981971425885e+25 1.560836251248955e+24 2.6000944350568515e+24 1.3416960580632144e+25 2.927324529343673e+24 "" "" ""
2007ax CMFGEN 1.04 2454185.56 155555.55555555556 591111.1111111112 542222.2222222224 553333.3333333335 450000.00000000006 435555.5555555556 "" "" ""
2007ax CMFGEN 1.02 2454185.56 155555.55555555556 591111.1111111112 542222.2222222224 553333.3333333335 450000.00000000006 435555.5555555556 "" "" ""
2007ax CMFGEN 1.4 2454185.56 155555.55555555556 591111.1111111112 542222.2222222224 553333.3333333335 450000.00000000006 435555.5555555556 "" "" ""
2007ax CMFGEN 1.7 2454185.56 155555.55555555556 591111.1111111112 542222.2222222224 553333.3333333335 450000.00000000006 435555.5555555556 "" "" ""
2007ba CMFGEN 1.04 2454199.74 3.909028309035171e+26 3.999506560563187e+25 3.0888415222901177e+25 3.79588869675403e+25 3.2861847421351536e+25 1.9488153474957406e+25 "" "" ""
2007ba CMFGEN 1.04 2454202.81 "" 8.205975199615156e+26 2.5715550379256147e+26 7.01388483560797e+26 8.135837937566905e+26 1.9552247048676287e+26 "" "" ""
2007ba CMFGEN 1.02 2454199.74 4.9589288028542235e+23 3.9550349189911556e+24 7.154349592056939e+24 7.927354686509607e+24 2.0128039816246067e+24 4.417294184063581e+24 "" "" ""
2007ba CMFGEN 1.02 2454202.81 "" 3.786556195241197e+26 1.1826628319393301e+26 3.9101472326079795e+26 3.7552449959254657e+26 8.188438520779054e+25 "" "" ""
2007ba CMFGEN 1.4 2454199.74 3.843435062075606e+21 9.949899224321294e+23 3.3424237877652045e+24 3.9788884924329383e+24 3.956499928798899e+23 1.6007746873016286e+24 "" "" ""
2007ba CMFGEN 1.4 2454202.81 "" 1.4373853047948595e+26 7.0500311627711784e+25 1.0876243149032872e+26 1.278458290346331e+26 4.525031450920327e+25 "" "" ""
2007ba CMFGEN 1.7 2454199.74 1.4057312157495425e+27 2.4579323783791477e+25 1.9079227395104338e+25 2.008168213378141e+25 1.900071458832456e+25 1.24446688680294e+25 "" "" ""
2007ba CMFGEN 1.7 2454202.81 "" 4.738391189257447e+26 1.7760058786690074e+26 5.524806421036593e+26 4.6661309440056086e+26 1.2034267909593739e+26 "" "" ""
2007bc CMFGEN 1.04 2454199.62 331111.1111111111 1218888.888888889 1125555.555555556 1150000.0000000002 918888.888888889 887777.7777777779 "" "" ""
2007bc CMFGEN 1.04 2454202.64 "" 1.0252566393787302e+23 1.4867536621450689e+23 1.934663548060436e+23 6.439936319315045e+22 8.56695633681422e+22 "" "" ""
2007bc CMFGEN 1.04 2454207.63 "" 8.265844272046673e+25 4.968805499043712e+25 9.75511113781743e+25 7.57071644157777e+25 3.6554920988510483e+25 "" "" ""
2007bc CMFGEN 1.02 2454199.62 331111.1111111111 1218888.888888889 1125555.555555556 1150000.0000000002 918888.888888889 887777.7777777779 "" "" ""
2007bc CMFGEN 1.02 2454202.64 "" 1.2015293371060872e+22 3.0260512503869552e+22 4.541384978320481e+22 4.413516441625778e+21 1.6149531069025746e+22 "" "" ""
2007bc CMFGEN 1.02 2454207.63 "" 3.8192574900441224e+25 2.7980371132486153e+25 7.227794134148584e+25 3.635149703609472e+25 1.7012674698184788e+25 "" "" ""
2007bc CMFGEN 1.4 2454199.62 331111.1111111111 1218888.888888889 1125555.555555556 1150000.0000000002 918888.888888889 887777.7777777779 "" "" ""
2007bc CMFGEN 1.4 2454202.64 "" 2.9593805923920705e+21 1.4112043576759922e+22 2.255185597628434e+22 8.114221731572441e+20 5.529762730461059e+21 "" "" ""
2007bc CMFGEN 1.4 2454207.63 "" 2.4400587306627483e+25 1.8276461645043938e+25 4.405824177839946e+25 2.258831703367325e+25 1.0772745512789654e+25 "" "" ""
2007bc CMFGEN 1.7 2454199.62 331111.1111111111 1218888.888888889 1125555.555555556 1150000.0000000002 918888.888888889 887777.7777777779 "" "" ""
2007bc CMFGEN 1.7 2454202.64 "" 6.529781881749507e+22 9.458456419034832e+22 1.2811360744488376e+23 3.6628149472651305e+22 5.907925780474469e+22 "" "" ""
2007bc CMFGEN 1.7 2454207.63 "" 5.229960171890612e+25 3.836711338234486e+25 9.209660186699822e+25 4.924343904877141e+25 2.454968346811909e+25 "" "" ""
2007bd CMFGEN 1.04 2454199.64 666666.6666666669 2536666.666666667 2331111.1111111115 2378888.8888888895 1934444.444444445 1871111.1111111115 "" "" ""
2007bd CMFGEN 1.04 2454202.55 "" 602222.2222222222 554444.4444444445 565555.5555555557 460000.00000000006 444444.4444444445 "" "" ""
2007bd CMFGEN 1.04 2454207.59 "" 1.772017716204485e+19 1.0242698468981832e+21 2.1021389749268473e+21 2.0080095267894874e+18 1.9605236711497253e+20 "" "" ""
2007bd CMFGEN 1.04 2454220.51 9.234518188808095e+27 2.7146522300546055e+27 1.6775742180617224e+27 1.2987557272482739e+29 2.412168955004567e+27 1.1946014482652297e+27 "" "" ""
2007bd CMFGEN 1.02 2454199.64 666666.6666666669 2536666.666666667 2331111.1111111115 2378888.8888888895 1934444.444444445 1871111.1111111115 "" "" ""
2007bd CMFGEN 1.02 2454202.55 "" 602222.2222222222 554444.4444444445 565555.5555555557 460000.00000000006 444444.4444444445 "" "" ""
2007bd CMFGEN 1.02 2454207.59 "" 1.0060680854826048e+17 5.755374072774551e+19 2.3402353982225147e+20 2.872392314277574e+16 4.331651984442277e+18 "" "" ""
2007bd CMFGEN 1.02 2454220.51 6.845885838470497e+27 1.7359133345751e+27 1.560887153557839e+27 2.5135369043637215e+29 1.5352209674692537e+27 7.844414899694487e+26 "" "" ""
2007bd CMFGEN 1.4 2454199.64 666666.6666666669 2536666.666666667 2331111.1111111115 2378888.8888888895 1934444.444444445 1871111.1111111115 "" "" ""
2007bd CMFGEN 1.4 2454202.55 "" 602222.2222222222 554444.4444444445 565555.5555555557 460000.00000000006 444444.4444444445 "" "" ""
2007bd CMFGEN 1.4 2454207.59 "" 5246643892488245.0 6.990365359224672e+18 4.2578141700630585e+19 1364809821066983.8 2.1033485194367194e+17 "" "" ""
2007bd CMFGEN 1.4 2454220.51 5.501289967116152e+27 1.3352005674199308e+27 1.4052668422348275e+27 2.7124841481092345e+29 1.1697741797158136e+27 6.063943033407548e+26 "" "" ""
2007bd CMFGEN 1.7 2454199.64 666666.6666666669 2536666.666666667 2331111.1111111115 2378888.8888888895 1934444.444444445 1871111.1111111115 "" "" ""
2007bd CMFGEN 1.7 2454202.55 "" 602222.2222222222 554444.4444444445 565555.5555555557 460000.00000000006 444444.4444444445 "" "" ""
2007bd CMFGEN 1.7 2454207.59 "" 7.001675355489079e+19 1.2049865763720232e+21 2.4586437436851654e+21 7.795503699718065e+18 2.681504672561604e+20 "" "" ""
2007bd CMFGEN 1.7 2454220.51 7.288592945786116e+27 2.3306276756647695e+27 1.7401843626538453e+27 1.7165557495909984e+29 2.0873224238965457e+27 1.0467513072253886e+27 "" "" ""
2007ca CMFGEN 1.04 2454228.75 "" 1.0976792600615565e+22 1.9143516727088045e+22 2.080331016149482e+22 4.5728269992738853e+21 1.2029517356326235e+22 "" "" ""
2007ca CMFGEN 1.04 2454231.59 3.916154616279243e+24 4.994313466937817e+24 2.9599105291861654e+24 4.5750913613537264e+24 5.256833898533998e+24 2.0343086871779006e+24 "" "" ""
2007ca CMFGEN 1.02 2454228.75 "" 4.935655272922026e+20 3.613838204401498e+21 4.2362104202939114e+21 6.855041546706352e+19 1.213961414091605e+21 "" "" ""
2007ca CMFGEN 1.02 2454231.59 4.48727587373083e+23 1.5723299646507016e+24 9.767883088116398e+23 1.3154556118475067e+24 1.518928900660728e+24 7.613580079048189e+23 "" "" ""
2007ca CMFGEN 1.4 2454228.75 "" 6.219353975152385e+19 1.2845957550137955e+21 1.672285679693813e+21 7.282852409278325e+18 2.7508335066233104e+20 "" "" ""
2007ca CMFGEN 1.4 2454231.59 5.9232482128876186e+22 5.151382824038529e+23 4.65075813006914e+23 5.287571253504372e+23 3.805437041883332e+23 3.535419055374036e+23 "" "" ""
2007ca CMFGEN 1.7 2454228.75 "" 8.577927894405302e+21 1.559184703058099e+22 1.7367887842405303e+22 3.6229866276466354e+21 9.427572241092606e+21 "" "" ""
2007ca CMFGEN 1.7 2454231.59 2.739658212174935e+24 2.5438429885263205e+24 1.603753266342102e+24 2.774101832062434e+24 2.633161307157731e+24 1.1906285426436047e+24 "" "" ""
2007hj CMFGEN 1.04 2454355.74 "" 2.3151012453744373e+25 9.676452672927358e+24 2.9503635919746176e+25 2.3663061804354415e+25 7.830186849742425e+24 "" "" ""
2007hj CMFGEN 1.04 2454361.75 3.730092851036926e+27 1.2684600618163955e+27 1.0391681237663513e+26 6.926232829123005e+26 1.346539167151349e+27 2.0843124813727685e+26 "" "" ""
2007hj CMFGEN 1.04 2454376.59 7.822693722531012e+27 7.080479871549384e+27 "" "" 7.042658135643098e+27 "" "" "" ""
2007hj CMFGEN 1.04 2454376.62 "" "" 3.195813048458704e+26 7.792422712111228e+25 "" "" "" "" ""
2007hj CMFGEN 1.02 2454355.74 "" 1.0614906723140067e+25 4.405258963008926e+24 1.8335956393752396e+25 1.1709921507173177e+25 3.426875587379985e+24 "" "" ""
2007hj CMFGEN 1.02 2454361.75 2.599183151892153e+27 7.601095051550196e+26 8.613096800323964e+25 1.020937163896391e+27 8.05490491961794e+26 1.3058365989665497e+26 "" "" ""
2007hj CMFGEN 1.02 2454376.59 8.547786357650559e+27 1.0611713601535645e+28 "" "" 1.062785088415976e+28 "" "" "" ""
2007hj CMFGEN 1.02 2454376.62 "" "" 5.2786510970804164e+26 1.839830992303641e+26 "" "" "" "" ""
2007hj CMFGEN 1.4 2454355.74 "" 4.991703900585017e+24 2.556715748392309e+24 9.72896192937275e+24 4.838828466150978e+24 1.968428911745467e+24 "" "" ""
2007hj CMFGEN 1.4 2454361.75 2.0025890589847935e+27 5.67039391381198e+26 7.229774930125685e+25 9.546524212409538e+26 5.855974980815279e+26 9.768766976903108e+25 "" "" ""
2007hj CMFGEN 1.4 2454376.59 9.112754916929954e+27 1.131934742845644e+28 "" "" 1.1460618327345338e+28 "" "" "" ""
2007hj CMFGEN 1.4 2454376.62 "" "" 6.997067799647414e+26 2.9050121961326616e+26 "" "" "" "" ""
