results/spec_chisq/bands.ecsv
# %ECSV 0.9
# ---
# datatype:
# - {name: obj_id, datatype: string}
# - {name: source, datatype: string}
# - {name: version, datatype: string}
# - {name: time, datatype: float64}
# - {name: csp_dr3_u, datatype: float64}
# - {name: csp_dr3_g, datatype: float64}
# - {name: csp_dr3_r, datatype: float64}
# - {name: csp_dr3_i, datatype: float64}
# - {name: csp_dr3_B, datatype: float64}
# - {name: csp_dr3_V, datatype: float64}
# - {name: csp_dr3_Y, datatype: float64}
# - {name: csp_dr3_J, datatype: float64}
# - {name: csp_dr3_H, datatype: float64}
# schema: astropy-2.0
obj_id source version time csp_dr3_u csp_dr3_g csp_dr3_r csp_dr3_i csp_dr3_B csp_dr3_V csp_dr3_Y csp_dr3_J csp_dr3_H
2004ef CMFGEN 1.04 2453255.66 "" 737777.7777777779 677777.777777778 "" 562222.2222222224 543333.3333333335 "" "" ""
2004ef CMFGEN 1.04 2453256.68 "" 1177777.777777778 1082222.2222222225 "" "" 867777.777777778 "" "" ""
2004ef CMFGEN 1.04 2453257.77 "" 436666.66666666674 "" "" 333333.3333333334 322222.22222222225 "" "" ""
2004ef CMFGEN 1.04 2453258.68 "" 1177777.777777778 "" "" "" 868888.888888889 "" "" ""
2004ef CMFGEN 1.04 2453262.61 "" 602222.2222222222 554444.4444444445 565555.5555555557 460000.00000000006 444444.4444444445 "" "" ""
2004ef CMFGEN 1.04 2453267.57 "" "" 4.47052426253685e+25 1.4009278324841391e+26 "" 2.694642039578293e+25 "" "" ""
2004ef CMFGEN 1.04 2453268.63 "" 4.140043223881164e+25 3.0100183335191684e+25 1.44895633153545e+26 3.6228405921041363e+25 1.804940379841138e+25 "" "" ""
2004ef CMFGEN 1.04 2453302.62 "" 9.264469677577772e+27 1.4326315895047156e+27 2.5075563773418656e+28 9.344136949454738e+27 1.560240074572691e+27 "" "" ""
2004ef CMFGEN 1.02 2453255.66 "" 737777.7777777779 677777.777777778 "" 562222.2222222224 543333.3333333335 "" "" ""
2004ef CMFGEN 1.02 2453256.68 "" 1177777.777777778 1082222.2222222225 "" "" 867777.777777778 "" "" ""
2004ef CMFGEN 1.02 2453257.77 "" 436666.66666666674 "" "" 333333.3333333334 322222.22222222225 "" "" ""
2004ef CMFGEN 1.02 2453258.68 "" 1177777.777777778 "" "" "" 868888.888888889 "" "" ""
2004ef CMFGEN 1.02 2453262.61 "" 602222.2222222222 554444.4444444445 565555.5555555557 460000.00000000006 444444.4444444445 "" "" ""
2004ef CMFGEN 1.02 2453267.57 "" "" 1.3027737111329441e+25 2.747207709236461e+25 "" 8.48900416113912e+24 "" "" ""
2004ef CMFGEN 1.02 2453268.63 "" 1.3830977851580817e+25 1.1130346613755e+25 4.381708770875403e+25 1.0999682479634116e+25 6.848390215949185e+24 "" "" ""
2004ef CMFGEN 1.02 2453302.62 "" 1.1994625299419988e+28 2.6673698189569403e+27 6.276233443952874e+28 1.0588178616905734e+28 3.431200900581736e+27 "" "" ""
2004ef CMFGEN 1.4 2453255.66 "" 737777.7777777779 677777.777777778 "" 562222.2222222224 543333.3333333335 "" "" ""
2004ef CMFGEN 1.4 2453256.68 "" 1177777.777777778 1082222.2222222225 "" "" 867777.777777778 "" "" ""
2004ef CMFGEN 1.4 2453257.77 "" 436666.66666666674 "" "" 333333.3333333334 322222.22222222225 "" "" ""
2004ef CMFGEN 1.4 2453258.68 "" 1177777.777777778 "" "" "" 868888.888888889 "" "" ""
2004ef CMFGEN 1.4 2453262.61 "" 602222.2222222222 554444.4444444445 565555.5555555557 460000.00000000006 444444.4444444445 "" "" ""
2004ef CMFGEN 1.4 2453267.57 "" "" 5.688577657179699e+24 1.3418318837503291e+25 "" 3.2506882089196973e+24 "" "" ""
2004ef CMFGEN 1.4 2453268.63 "" 4.729188438032094e+24 5.88564646309932e+24 1.6149947930974775e+25 3.171480501144853e+24 3.3345429584003066e+24 "" "" ""
2004ef CMFGEN 1.4 2453302.62 "" 1.2202534786182553e+28 4.0926378083903753e+27 1.1470287483019881e+29 1.0312070712872282e+28 4.325050463885827e+27 "" "" ""
2004ef CMFGEN 1.7 2453255.66 "" 737777.7777777779 677777.777777778 "" 562222.2222222224 543333.3333333335 "" "" ""
2004ef CMFGEN 1.7 2453256.68 "" 1177777.777777778 1082222.2222222225 "" "" 867777.777777778 "" "" ""
2004ef CMFGEN 1.7 2453257.77 "" 436666.66666666674 "" "" 333333.3333333334 322222.22222222225 "" "" ""
2004ef CMFGEN 1.7 2453258.68 "" 1177777.777777778 "" "" "" 868888.888888889 "" "" ""
2004ef CMFGEN 1.7 2453262.61 "" 602222.2222222222 554444.4444444445 565555.5555555557 460000.00000000006 444444.4444444445 "" "" ""
2004ef CMFGEN 1.7 2453267.57 "" "" 2.542405743262766e+25 7.317640112047482e+25 "" 1.6277364999527066e+25 "" "" ""
2004ef CMFGEN 1.7 2453268.63 "" 2.1866389350864264e+25 1.8138319736568664e+25 9.15559031876691e+25 1.847926034928638e+25 1.0691573790649221e+25 "" "" ""
2004ef CMFGEN 1.7 2453302.62 "" 1.1768034662724776e+28 1.75647651846708e+27 1.362814287989127e+28 1.1834783082704824e+28 2.0735929099177022e+27 "" "" ""
2004eo CMFGEN 1.04 2453267.52 "" "" 582222.2222222222 594444.4444444445 "" 467777.77777777787 "" "" ""
2004eo CMFGEN 1.04 2453268.51 "" 593333.3333333335 545555.5555555557 556666.6666666667 453333.3333333334 437777.77777777787 "" "" ""
2004eo CMFGEN 1.04 2453303.52 "" 5.2997361621835956e+26 3.253279315119837e+25 1.169068408507475e+25 5.236428538269817e+26 8.850443946384261e+25 "" "" ""
2004eo CMFGEN 1.02 2453267.52 "" "" 582222.2222222222 594444.4444444445 "" 467777.77777777787 "" "" ""
2004eo CMFGEN 1.02 2453268.51 "" 593333.3333333335 545555.5555555557 556666.6666666667 453333.3333333334 437777.77777777787 "" "" ""
2004eo CMFGEN 1.02 2453303.52 "" 7.536550377314598e+26 5.031709407284266e+25 2.605690592166631e+25 7.55319758104704e+26 1.3592645390886936e+26 "" "" ""
2004eo CMFGEN 1.4 2453267.52 "" "" 582222.2222222222 594444.4444444445 "" 467777.77777777787 "" "" ""
2004eo CMFGEN 1.4 2453268.51 "" 593333.3333333335 545555.5555555557 556666.6666666667 453333.3333333334 437777.77777777787 "" "" ""
2004eo CMFGEN 1.4 2453303.52 "" 7.753767690733917e+26 6.07339918567832e+25 3.7470813999159805e+25 7.863224473126266e+26 1.4597037148659015e+26 "" "" ""
2004eo CMFGEN 1.7 2453267.52 "" "" 582222.2222222222 594444.4444444445 "" 467777.77777777787 "" "" ""
2004eo CMFGEN 1.7 2453268.51 "" 593333.3333333335 545555.5555555557 556666.6666666667 453333.3333333334 437777.77777777787 "" "" ""
2004eo CMFGEN 1.7 2453303.52 "" 6.425201062604088e+26 3.962061037708457e+25 1.2051450035800867e+25 6.595246051839595e+26 1.1429773166515234e+26 "" "" ""
2004ey CMFGEN 1.04 2453303.56 "" 430000.00000000006 396666.66666666674 404444.4444444445 328888.888888889 317777.7777777778 "" "" ""
2004ey CMFGEN 1.04 2453335.56 "" 1.8669326856948295e+26 1.2480125334707902e+25 2.0870774923530078e+27 1.9067668181605043e+26 2.727295253035549e+25 "" "" ""
2004ey CMFGEN 1.04 2453348.53 "" 1.541700926445876e+26 2.965132875670927e+25 3.242814494152714e+25 1.4582824973403868e+26 3.3999554210462985e+25 "" "" ""
2004ey CMFGEN 1.04 2453352.53 "" 2.6042398300065743e+26 4.543166777772251e+25 6.359229497100593e+25 2.4676210426101737e+26 4.92221701049497e+25 "" "" ""
2004ey CMFGEN 1.02 2453303.56 "" 430000.00000000006 396666.66666666674 404444.4444444445 328888.888888889 317777.7777777778 "" "" ""
2004ey CMFGEN 1.02 2453335.56 "" 2.5245662276984602e+26 1.987424788018047e+25 2.663167354638097e+27 2.5929116669087636e+26 5.182646562992208e+25 "" "" ""
2004ey CMFGEN 1.02 2453348.53 "" 1.610897053757334e+26 6.3732070432296005e+25 1.1648462993442549e+26 1.359323642818382e+26 6.512350733229523e+25 "" "" ""
2004ey CMFGEN 1.02 2453352.53 "" 2.584157532578784e+26 9.56399874387012e+25 2.2700549775163036e+26 2.2299622090575457e+26 9.019259781732403e+25 "" "" ""
2004ey CMFGEN 1.4 2453303.56 "" 430000.00000000006 396666.66666666674 404444.4444444445 328888.888888889 317777.7777777778 "" "" ""
2004ey CMFGEN 1.4 2453335.56 "" 2.7548378045510078e+26 3.1088721005594923e+25 4.646899011734032e+27 2.8577230811335526e+26 6.55317781564109e+25 "" "" ""
2004ey CMFGEN 1.4 2453348.53 "" 1.5251830986926836e+26 1.1026930638710372e+26 2.453506724138418e+26 1.2312247480809327e+26 8.229388252272877e+25 "" "" ""
2004ey CMFGEN 1.4 2453352.53 "" 2.3120911365215167e+26 1.6778201617064223e+26 5.130004833424926e+26 1.898832350950506e+26 1.134990913661757e+26 "" "" ""
2004ey CMFGEN 1.7 2453303.56 "" 430000.00000000006 396666.66666666674 404444.4444444445 328888.888888889 317777.7777777778 "" "" ""
2004ey CMFGEN 1.7 2453335.56 "" 2.0716694090139335e+26 1.554168266093594e+25 9.641201524974837e+26 2.2146687280022193e+26 3.6346075876057684e+25 "" "" ""
2004ey CMFGEN 1.7 2453348.53 "" 2.1245842441667863e+26 3.3718287849657434e+25 1.2326044625770074e+25 2.0734336414258376e+26 4.8879524673078875e+25 "" "" ""
2004ey CMFGEN 1.7 2453352.53 "" 3.713620379343484e+26 5.0123886040380575e+25 2.4779916281802234e+25 3.607023018006058e+26 6.971664273485692e+25 "" "" ""
2004gs CMFGEN 1.04 2453352.76 "" 600000.0 551111.1111111112 563333.3333333335 457777.77777777787 442222.2222222223 "" "" ""
2004gs CMFGEN 1.04 2453358.75 "" 2.3377594802998937e+24 2.072591724175339e+24 2.461704478023254e+24 1.8064451082792828e+24 1.405947045463065e+24 "" "" ""
2004gs CMFGEN 1.02 2453352.76 "" 600000.0 551111.1111111112 563333.3333333335 457777.77777777787 442222.2222222223 "" "" ""
2004gs CMFGEN 1.02 2453358.75 "" 2.472911368046237e+23 4.351158212219643e+23 6.494829623209766e+23 1.2207480832821003e+23 2.7484247925743642e+23 "" "" ""
2004gs CMFGEN 1.4 2453352.76 "" 600000.0 551111.1111111112 563333.3333333335 457777.77777777787 442222.2222222223 "" "" ""
2004gs CMFGEN 1.4 2453358.75 "" 6.301306773535662e+22 2.1269628229453642e+23 3.5070550497592985e+23 2.4314530944824595e+22 9.733700496461118e+22 "" "" ""
2004gs CMFGEN 1.7 2453352.76 "" 600000.0 551111.1111111112 563333.3333333335 457777.77777777787 442222.2222222223 "" "" ""
2004gs CMFGEN 1.7 2453358.75 "" 1.410960037406013e+24 1.2815374870165197e+24 1.589296266709498e+24 1.0146751766578535e+24 9.087915388488323e+23 "" "" ""
2004gu CMFGEN 1.04 2453358.83 "" 443333.3333333334 407777.77777777787 415555.5555555556 337777.77777777787 327777.77777777787 "" "" ""
2004gu CMFGEN 1.02 2453358.83 "" 443333.3333333334 407777.77777777787 415555.5555555556 337777.77777777787 327777.77777777787 "" "" ""
2004gu CMFGEN 1.4 2453358.83 "" 443333.3333333334 407777.77777777787 415555.5555555556 337777.77777777787 327777.77777777787 "" "" ""
2004gu CMFGEN 1.7 2453358.83 "" 443333.3333333334 407777.77777777787 415555.5555555556 337777.77777777787 327777.77777777787 "" "" ""
2005A CMFGEN 1.04 2453384.61 9.970226356901535e+29 1.8541863318088156e+27 2.9783617162055534e+25 3.832401583205453e+25 3.9923486439754276e+27 4.6007304243024315e+26 "" "" ""
2005A CMFGEN 1.04 2453405.59 "" 4.0273549719246535e+32 1.0994751526793592e+27 8.776603474634337e+29 4.027928091963915e+32 1.2062683384632253e+28 "" "" ""
2005A CMFGEN 1.04 2453413.59 "" 5.131976356782802e+30 2.698427102605813e+27 5.467343433953238e+27 4.8823006828189316e+30 3.2388295535804635e+29 "" "" ""
2005A CMFGEN 1.02 2453384.61 3.420657805874236e+28 6.1848684208627394e+26 1.067303811815163e+25 1.0639484329821897e+25 1.1786789879631694e+27 1.6468509824387317e+26 "" "" ""
2005A CMFGEN 1.02 2453405.59 "" 4.4865411636627934e+32 1.6845095308720144e+27 2.2618586507435956e+30 4.487298912677491e+32 1.837193538580508e+28 "" "" ""
2005A CMFGEN 1.02 2453413.59 "" 6.465000443760947e+30 4.13193048516779e+27 1.1340881858954402e+28 5.73847380920998e+30 8.753488718844799e+29 "" "" ""
2005A CMFGEN 1.4 2453384.61 1.8483078461331265e+27 2.1117550651468947e+26 5.675167458569527e+24 3.0396217475665087e+24 2.496185371593679e+26 6.224324070344413e+25 "" "" ""
2005A CMFGEN 1.4 2453405.59 "" 4.2224215310652674e+32 2.0717457229764998e+27 3.3521533202002095e+30 4.2233069818937115e+32 1.935649195348257e+28 "" "" ""
2005A CMFGEN 1.4 2453413.59 "" 6.951075976051132e+30 6.462115948534143e+27 2.1126426397121125e+28 6.04518990290928e+30 1.087517340708621e+30 "" "" ""
2005A CMFGEN 1.7 2453384.61 5.4164831444334705e+29 9.418982242915688e+26 1.6910519145626468e+25 2.3711271035855835e+25 2.0849692844113837e+27 2.4565597930782312e+26 "" "" ""
2005A CMFGEN 1.7 2453405.59 "" 4.284137679082186e+32 1.3332652270166802e+27 9.837608463055163e+29 4.284871446314692e+32 1.5683828256326118e+28 "" "" ""
2005A CMFGEN 1.7 2453413.59 "" 5.494782441599701e+30 3.386239587012194e+27 3.717746820254248e+27 5.180457366945742e+30 4.359705463498548e+29 "" "" ""
2005M CMFGEN 1.04 2453405.71 "" 597777.7777777779 548888.888888889 560000.0000000001 455555.5555555556 441111.1111111112 "" "" ""
2005M CMFGEN 1.04 2453409.73 "" 4.4972936356783857e+24 4.886235217708017e+24 8.509150396285722e+24 3.767049814631228e+24 2.518924647020257e+24 "" "" ""
2005M CMFGEN 1.04 2453413.75 "" 2.1300128486766595e+26 1.4976179389543593e+26 3.2063451561179144e+26 1.8149054732376722e+26 1.0602080482454506e+26 "" "" ""
2005M CMFGEN 1.04 2453444.62 "" 1.9106387536833905e+27 2.235533381962768e+26 1.1591846022530728e+26 1.0779208122707213e+30 3.1672358671619025e+26 "" "" ""
2005M CMFGEN 1.04 2453448.58 "" 2.6714064991673987e+29 1.067541977866533e+27 5.67187647746263e+27 2.5119682549739996e+30 2.5618350270441055e+29 "" "" ""
2005M CMFGEN 1.04 2453453.57 "" 6.133760424301446e+29 2.843621080917572e+27 "" 6.757276579924636e+29 2.0956123702318646e+27 "" "" ""
2005M CMFGEN 1.04 2453462.58 "" 8.000024983286433e+26 1.987866011520472e+26 2.0501710789365915e+26 8.045566697391482e+26 1.6839098696206296e+26 "" "" ""
2005M CMFGEN 1.04 2453472.54 "" 7.835848558934973e+26 2.3221470755156674e+26 6.117727423855199e+27 8.454068619974441e+26 1.832549444682918e+26 "" "" ""
2005M CMFGEN 1.04 2453475.54 "" 1.0419468954401381e+27 2.8794326960756753e+26 1.4225110006894654e+29 3.7564289491183363e+27 2.440077341948896e+26 "" "" ""
2005M CMFGEN 1.02 2453405.71 "" 597777.7777777779 548888.888888889 560000.0000000001 455555.5555555556 441111.1111111112 "" "" ""
2005M CMFGEN 1.02 2453409.73 "" 1.1926064001600541e+24 1.446314147936321e+24 1.798707232192976e+24 8.122699458694302e+23 8.620104310829785e+23 "" "" ""
2005M CMFGEN 1.02 2453413.75 "" 9.84013411090839e+25 9.412757668737377e+25 2.6261141182149474e+26 8.378298572597853e+25 5.075967717420765e+25 "" "" ""
2005M CMFGEN 1.02 2453444.62 "" 2.2357545301418476e+27 4.003995784302451e+26 3.2707067184974715e+26 8.710161629569913e+29 6.562538234403552e+26 "" "" ""
2005M CMFGEN 1.02 2453448.58 "" 6.869775134337603e+29 2.1774426682228617e+27 1.1111754909912326e+28 2.6641403160185894e+30 6.781124016261592e+29 "" "" ""
2005M CMFGEN 1.02 2453453.57 "" 4.9824415058736204e+29 6.88152905275449e+27 "" 5.5963546324199765e+29 3.8924920724566964e+27 "" "" ""
2005M CMFGEN 1.02 2453462.58 "" 8.466471040634101e+26 3.955823645596553e+26 7.130877582983088e+26 8.451069916392234e+26 2.9160368801343684e+26 "" "" ""
2005M CMFGEN 1.02 2453472.54 "" 9.138690329760876e+26 5.271275911854455e+26 1.6223848817919678e+28 1.2442231650851798e+27 3.154566541961869e+26 "" "" ""
2005M CMFGEN 1.02 2453475.54 "" 1.2378856445172139e+27 6.360731471778183e+26 4.981192852715864e+29 8.784251023283256e+27 4.2238805321337735e+26 "" "" ""
2005M CMFGEN 1.4 2453405.71 "" 597777.7777777779 548888.888888889 560000.0000000001 455555.5555555556 441111.1111111112 "" "" ""
2005M CMFGEN 1.4 2453409.73 "" 3.664241689861768e+23 6.429555392929677e+23 9.141903226829517e+23 1.9365582505185332e+23 3.768848689101608e+23 "" "" ""
2005M CMFGEN 1.4 2453413.75 "" 6.831594258105927e+25 6.4188962919254295e+25 1.7027987527300338e+26 5.8726405471301e+25 3.3154436723935692e+25 "" "" ""
2005M CMFGEN 1.4 2453444.62 "" 2.2364153428253992e+27 6.22102273820842e+26 5.720406599868495e+26 6.852775097060175e+29 8.028267320432988e+26 "" "" ""
2005M CMFGEN 1.4 2453448.58 "" 8.653073445543478e+29 3.576588737280988e+27 2.0526892422065647e+28 2.115124933613632e+30 8.57771140992569e+29 "" "" ""
2005M CMFGEN 1.4 2453453.57 "" 4.0131777186561824e+29 1.2671740400426856e+28 "" 4.60065034298637e+29 4.908047868951193e+27 "" "" ""
2005M CMFGEN 1.4 2453462.58 "" 7.480360053620063e+26 6.39543726878966e+26 1.6298395702403886e+27 6.844234394591927e+26 3.748383094765623e+26 "" "" ""
2005M CMFGEN 1.4 2453472.54 "" 8.575339465016404e+26 9.137202112040807e+26 3.2243387170919396e+28 1.0840132572280287e+27 4.320751120176596e+26 "" "" ""
2005M CMFGEN 1.4 2453475.54 "" 1.1913511960748087e+27 1.0661104886000604e+27 9.359240449992021e+29 8.444363266890406e+27 5.916091449745063e+26 "" "" ""
2005M CMFGEN 1.7 2453405.71 "" 597777.7777777779 548888.888888889 560000.0000000001 455555.5555555556 441111.1111111112 "" "" ""
2005M CMFGEN 1.7 2453409.73 "" 2.2476414556472382e+24 2.595684404635769e+24 4.871753452521543e+24 1.7494271532386454e+24 1.4745203388452554e+24 "" "" ""
2005M CMFGEN 1.7 2453413.75 "" 1.4061307078673977e+26 1.2302836698174099e+26 3.2163560421437774e+26 1.2206261951651484e+26 7.314469628420505e+25 "" "" ""
2005M CMFGEN 1.7 2453444.62 "" 2.315802402961888e+27 2.6251961511577198e+26 5.1427957229834566e+25 1.4295382309520194e+30 4.3829700591251946e+26 "" "" ""
