results/spec_chisq/bands.ecsv
# %ECSV 0.9
# ---
# datatype:
# - {name: obj_id, datatype: string}
# - {name: source, datatype: string}
# - {name: version, datatype: string}
# - {name: time, datatype: float64}
# - {name: csp_dr3_u, datatype: float64}
# - {name: csp_dr3_g, datatype: float64}
# - {name: csp_dr3_r, datatype: float64}
# - {name: csp_dr3_i, datatype: float64}
# - {name: csp_dr3_B, datatype: float64}
# - {name: csp_dr3_V, datatype: float64}
# - {name: csp_dr3_Y, datatype: float64}
# - {name: csp_dr3_J, datatype: float64}
# - {name: csp_dr3_H, datatype: float64}
# schema: astropy-2.0
obj_id source version time csp_dr3_u csp_dr3_g csp_dr3_r csp_dr3_i csp_dr3_B csp_dr3_V csp_dr3_Y csp_dr3_J csp_dr3_H
[from data line 1237]
2008bf CMFGEN 1.7 2454568.65 "" 8.698927940949928e+26 7.720683212621748e+26 1.1015054792086208e+27 7.62989075541656e+26 4.768320384298196e+26 "" "" ""
2008bf CMFGEN 1.7 2454585.6 "" 2.2548396437649503e+28 3.271583812982625e+27 1.6384069387662038e+28 2.2202632461781926e+28 4.5101849140614863e+27 "" "" ""
2008bf CMFGEN 1.7 2454597.56 "" 1.7626788767550678e+27 2.9539242921792375e+26 8.865299742602359e+25 1.8076413635493275e+27 3.3373388981876944e+26 "" "" ""
2008fp CMFGEN 1.04 2454726.83 "" 896666.6666666667 823333.3333333335 840000.0000000002 683333.3333333335 661111.1111111112 "" "" ""
2008fp CMFGEN 1.04 2454730.85 "" 1.7987505327465398e+17 3.427259737651576e+18 4.026367247459848e+18 3.3032897168844944e+16 9.623639186657367e+17 "" "" ""
2008fp CMFGEN 1.04 2454731.86 "" 5.617681618013265e+20 4.560484891404362e+20 4.511493043040164e+20 4.379525190162283e+20 3.5992906044061955e+20 "" "" ""
2008fp CMFGEN 1.04 2454737.86 "" 7.628233162121347e+24 2.080553758746138e+24 2.5935115170047896e+24 9.263592034558524e+24 2.2709393339839056e+24 "" "" ""
2008fp CMFGEN 1.04 2454753.86 1.9621905147783055e+27 6.0077107463955765e+25 "" "" 7.264210252604556e+25 "" "" "" ""
2008fp CMFGEN 1.04 2454753.87 "" "" 2.198051565070919e+24 7.517374084978177e+23 "" "" "" "" ""
2008fp CMFGEN 1.04 2454759.83 "" 3.8606107637155878e+25 8.973995006000604e+23 2.031412227539679e+23 "" 3.819838929928866e+24 "" "" ""
2008fp CMFGEN 1.04 2454766.86 "" 4.803097462974244e+25 1.4149433551427193e+24 4.280501385155704e+23 "" 4.791634583582813e+24 "" "" ""
2008fp CMFGEN 1.04 2454772.83 "" "" 3.867857134283416e+24 1.3461512937647276e+24 "" 1.0918697583285203e+25 "" "" ""
2008fp CMFGEN 1.04 2454790.75 1.2590957199194106e+26 2.1838691506503106e+25 "" "" 2.4758271684134524e+25 "" "" "" ""
2008fp CMFGEN 1.04 2454790.77 "" "" 8.264803327716537e+23 3.603806954375832e+23 "" "" "" "" ""
2008fp CMFGEN 1.04 2454793.81 "" 1.0244930281045243e+25 7.746738842025101e+23 3.456777570124499e+23 "" 1.451639443537387e+24 "" "" ""
2008fp CMFGEN 1.04 2454815.65 "" 1.3812301717924755e+25 1.1288273848839282e+24 8.631831055957155e+23 1.6303417317666092e+25 2.3022390845711454e+24 "" "" ""
2008fp CMFGEN 1.04 2454824.67 "" 7.527038574534919e+24 6.590246709416559e+23 2.125063480453564e+25 "" 1.3842605552901538e+24 "" "" ""
2008fp CMFGEN 1.04 2454829.79 "" 2.0399963992179754e+25 1.5397444104805994e+24 3.2180990607352976e+26 "" 3.5582985892154603e+24 "" "" ""
2008fp CMFGEN 1.04 2454871.66 1.7529586162325776e+26 7.548265077526096e+24 "" "" 1.1999343181874355e+26 "" "" "" ""
2008fp CMFGEN 1.04 2454871.71 "" "" 6.303174780503982e+23 3.5955043883411445e+25 "" "" "" "" ""
2008fp CMFGEN 1.04 2454886.62 "" 4.275017295703037e+24 3.257383277408515e+23 1.0541385879713752e+24 "" 1.2080903293414122e+24 "" "" ""
2008fp CMFGEN 1.02 2454726.83 "" 896666.6666666667 823333.3333333335 840000.0000000002 683333.3333333335 661111.1111111112 "" "" ""
2008fp CMFGEN 1.02 2454730.85 "" 1713184830227558.0 2.3192546303557696e+17 3.643936751791511e+17 448993357794600.25 1.969689756507418e+16 "" "" ""
2008fp CMFGEN 1.02 2454731.86 "" 4.848694429152174e+19 9.181531660018816e+19 1.0911352114645297e+20 2.2171304015643582e+19 5.426744107500448e+19 "" "" ""
2008fp CMFGEN 1.02 2454737.86 "" 3.573785246471072e+24 1.3256633480127466e+24 2.1931122808603129e+24 4.369255153930004e+24 1.1222278250623649e+24 "" "" ""
2008fp CMFGEN 1.02 2454753.86 2.1510238958203588e+27 8.034883215282462e+25 "" "" 9.425617116805374e+25 "" "" "" ""
2008fp CMFGEN 1.02 2454753.87 "" "" 3.6417014067634755e+24 1.4866324680512521e+24 "" "" "" "" ""
2008fp CMFGEN 1.02 2454759.83 "" 4.8871365209892156e+25 1.5614598337491748e+24 4.276081871916884e+23 "" 7.043740867704063e+24 "" "" ""
2008fp CMFGEN 1.02 2454766.86 "" 4.475464471283681e+25 2.512870400867464e+24 9.614550265011262e+23 "" 9.089538962695271e+24 "" "" ""
2008fp CMFGEN 1.02 2454772.83 "" "" 7.595595540452863e+24 4.598481365476487e+24 "" 1.9610321636579264e+25 "" "" ""
2008fp CMFGEN 1.02 2454790.75 7.201626931816931e+25 2.1791209602743776e+25 "" "" 2.5346059343515847e+25 "" "" "" ""
2008fp CMFGEN 1.02 2454790.77 "" "" 1.7787514598997497e+24 1.0818467985293398e+24 "" "" "" "" ""
2008fp CMFGEN 1.02 2454793.81 "" 1.0750589281131067e+25 1.6921250735406853e+24 1.0767516142550508e+24 "" 2.473933726605975e+24 "" "" ""
2008fp CMFGEN 1.02 2454815.65 "" 1.8024630480555043e+25 3.0063101570582404e+24 2.585348454168181e+24 2.8076769103578576e+25 4.1016833792697964e+24 "" "" ""
2008fp CMFGEN 1.02 2454824.67 "" 1.0181976315126098e+25 1.8554413329042229e+24 1.8694432805130118e+25 "" 2.467338445069426e+24 "" "" ""
2008fp CMFGEN 1.02 2454829.79 "" 2.8378130059647564e+25 4.4243727511611655e+24 2.1745703489564824e+26 "" 6.263956674167605e+24 "" "" ""
2008fp CMFGEN 1.02 2454871.66 1.0857707482887743e+27 9.78771879067312e+24 "" "" 9.152951806710898e+26 "" "" "" ""
2008fp CMFGEN 1.02 2454871.71 "" "" 1.829116024520674e+24 1.8371813236376869e+25 "" "" "" "" ""
2008fp CMFGEN 1.02 2454886.62 "" 5.067775964448413e+24 8.786878119007704e+23 2.2651894665781056e+24 "" 1.6625048405137418e+24 "" "" ""
2008fp CMFGEN 1.4 2454726.83 "" 896666.6666666667 823333.3333333335 840000.0000000002 683333.3333333335 661111.1111111112 "" "" ""
2008fp CMFGEN 1.4 2454730.85 "" 103487930135309.45 3.50770769907235e+16 7.583045285433669e+16 19407785412564.492 1226457060822117.5 "" "" ""
2008fp CMFGEN 1.4 2454731.86 "" 1.0167316306935138e+19 4.359530108996519e+19 5.434768098271526e+19 3.239093777081826e+18 1.830157232191631e+19 "" "" ""
2008fp CMFGEN 1.4 2454737.86 "" 2.5740839754731754e+24 9.17665713503848e+23 1.4913835763456588e+24 3.3426934450618396e+24 7.514369644859957e+23 "" "" ""
2008fp CMFGEN 1.4 2454753.86 2.3916851973088472e+27 8.107377888346065e+25 "" "" 9.708374702461606e+25 "" "" "" ""
2008fp CMFGEN 1.4 2454753.87 "" "" 4.336538114982501e+24 2.054021394542196e+24 "" "" "" "" ""
2008fp CMFGEN 1.4 2454759.83 "" 5.222695429149116e+25 2.3967364616860403e+24 7.810208541710688e+23 "" 8.460660174558806e+24 "" "" ""
2008fp CMFGEN 1.4 2454766.86 "" 4.330098269553573e+25 3.9983323853267765e+24 1.6272631578708031e+24 "" 1.071907379624741e+25 "" "" ""
2008fp CMFGEN 1.4 2454772.83 "" "" 1.254675063277286e+25 8.872347521607152e+24 "" 2.3186134215530887e+25 "" "" ""
2008fp CMFGEN 1.4 2454790.75 6.439024528350453e+25 1.9266880998252196e+25 "" "" 2.161617381105624e+25 "" "" "" ""
2008fp CMFGEN 1.4 2454790.77 "" "" 2.988826014420383e+24 2.1421599840762349e+24 "" "" "" "" ""
2008fp CMFGEN 1.4 2454793.81 "" 9.7626551701459e+24 2.852330507251291e+24 2.127068575492947e+24 "" 3.1709447251370197e+24 "" "" ""
2008fp CMFGEN 1.4 2454815.65 "" 2.013139017461507e+25 5.669314627364511e+24 5.074811101936246e+24 3.2868474979422234e+25 5.856160043873692e+24 "" "" ""
2008fp CMFGEN 1.4 2454824.67 "" 1.2246461512631753e+25 3.658409231610654e+24 4.312499083963692e+25 "" 3.6283272130401046e+24 "" "" ""
2008fp CMFGEN 1.4 2454829.79 "" 3.568094552695587e+25 8.89510245002217e+24 5.084568524809228e+26 "" 9.240372511886512e+24 "" "" ""
2008fp CMFGEN 1.4 2454871.66 2.661530836758554e+27 1.410653327602221e+25 "" "" 2.4693661228953234e+27 "" "" "" ""
2008fp CMFGEN 1.4 2454871.71 "" "" 4.0189189606921487e+24 4.284294175882099e+25 "" "" "" "" ""
2008fp CMFGEN 1.4 2454886.62 "" 7.229513789183709e+24 1.898561718525647e+24 4.72301569333579e+24 "" 2.3602166057637334e+24 "" "" ""
2008fp CMFGEN 1.7 2454726.83 "" 896666.6666666667 823333.3333333335 840000.0000000002 683333.3333333335 661111.1111111112 "" "" ""
2008fp CMFGEN 1.7 2454730.85 "" 5.420550489303408e+17 3.5610125866267924e+18 4.3012875628519025e+18 9.332923737286758e+16 1.262811673568008e+18 "" "" ""
2008fp CMFGEN 1.7 2454731.86 "" 3.834834840805008e+20 3.221173159597833e+20 3.356777824245323e+20 3.0915992227548443e+20 2.681277259748615e+20 "" "" ""
2008fp CMFGEN 1.7 2454737.86 "" 5.070618758609361e+24 1.735191083658971e+24 2.6128777910797756e+24 6.117688107450649e+24 1.5843825340342025e+24 "" "" ""
2008fp CMFGEN 1.7 2454753.86 1.7937992381732969e+27 7.200500105977027e+25 "" "" 8.64956847286494e+25 "" "" "" ""
2008fp CMFGEN 1.7 2454753.87 "" "" 2.7403423370802775e+24 7.675995295969585e+23 "" "" "" "" ""
2008fp CMFGEN 1.7 2454759.83 "" 4.226739112752835e+25 1.1166021733747951e+24 1.753458942044464e+23 "" 5.02106492546084e+24 "" "" ""
2008fp CMFGEN 1.7 2454766.86 "" 5.314182541252426e+25 1.6251602289017068e+24 1.9647548202503072e+23 "" 6.480099643536039e+24 "" "" ""
2008fp CMFGEN 1.7 2454772.83 "" "" 4.309643212098689e+24 5.5941926081430604e+23 "" 1.562385909011356e+25 "" "" ""
2008fp CMFGEN 1.7 2454790.75 1.4360544740892916e+26 2.9075125663786224e+25 "" "" 3.3168988516184065e+25 "" "" "" ""
2008fp CMFGEN 1.7 2454790.77 "" "" 7.851144133440684e+23 1.986028510510968e+23 "" "" "" "" ""
2008fp CMFGEN 1.7 2454793.81 "" 1.327799758134893e+25 7.296098054900433e+23 1.954040987894921e+23 "" 1.8220433641271362e+24 "" "" ""
2008fp CMFGEN 1.7 2454815.65 "" 1.534000414890735e+25 9.118411817595036e+23 4.9543188154655184e+23 1.8291012360871915e+25 2.4182892702232013e+24 "" "" ""
2008fp CMFGEN 1.7 2454824.67 "" 8.035332278521107e+24 5.110652887625022e+23 4.5030054809547985e+24 "" 1.387695631287796e+24 "" "" ""
2008fp CMFGEN 1.7 2454829.79 "" 2.1389909385955593e+25 1.183743287943247e+24 5.391485022390416e+25 "" 3.5115437927183737e+24 "" "" ""
2008fp CMFGEN 1.7 2454871.66 1.72038366937533e+26 7.33085306079166e+24 "" "" 6.005534183531446e+25 "" "" "" ""
2008fp CMFGEN 1.7 2454871.71 "" "" 4.9446612681118674e+23 2.9350004112911654e+24 "" "" "" "" ""
2008fp CMFGEN 1.7 2454886.62 "" 4.1275873362580275e+24 2.6161069766223373e+23 3.273389230753929e+23 "" 1.1646507938902151e+24 "" "" ""
2008gl CMFGEN 1.04 2454766.67 "" 604444.4444444445 555555.5555555557 566666.6666666667 461111.1111111112 446666.66666666674 "" "" ""
2008gl CMFGEN 1.04 2454772.62 "" 1.3696008989446117e+26 1.0132366219606727e+26 1.9329790296809478e+26 "" 6.428492276720955e+25 "" "" ""
2008gl CMFGEN 1.04 2454795.7 "" 2.286993144880449e+28 2.3093201391686968e+27 1.1966152583776848e+27 2.366339937587208e+28 3.149344871143895e+27 "" "" ""
2008gl CMFGEN 1.04 2454818.61 "" 1.2707157122027449e+25 2.324408568684317e+24 2.091879725440211e+26 1.7791031970487207e+25 1.8512006449895085e+24 "" "" ""
2008gl CMFGEN 1.04 2454824.6 "" 6.805133110757804e+27 1.8837498237344514e+27 1.6995685843102092e+28 9.188893558389975e+27 1.443069642129511e+27 "" "" ""
2008gl CMFGEN 1.02 2454766.67 "" 604444.4444444445 555555.5555555557 566666.6666666667 461111.1111111112 446666.66666666674 "" "" ""
2008gl CMFGEN 1.02 2454772.62 "" 4.656315160654733e+25 3.8953696394145856e+25 5.804361553493473e+25 "" 2.455707978419542e+25 "" "" ""
2008gl CMFGEN 1.02 2454795.7 "" 3.565500139245223e+28 3.7208632956079985e+27 3.1057203439325597e+27 3.483994335861746e+28 5.359856155871802e+27 "" "" ""
2008gl CMFGEN 1.02 2454818.61 "" 1.2835106438633079e+25 5.823958163950677e+24 6.427669995600962e+26 1.6183475464625886e+25 3.4568418175381123e+24 "" "" ""
2008gl CMFGEN 1.02 2454824.6 "" 7.234036146981981e+27 4.410389644628333e+27 4.752236866935459e+28 9.686770394043785e+27 2.4923147912967274e+27 "" "" ""
2008gl CMFGEN 1.4 2454766.67 "" 604444.4444444445 555555.5555555557 566666.6666666667 461111.1111111112 446666.66666666674 "" "" ""
2008gl CMFGEN 1.4 2454772.62 "" 1.6216019439608206e+25 2.109988226948067e+25 2.5648974953931284e+25 "" 1.199735746051307e+25 "" "" ""
2008gl CMFGEN 1.4 2454795.7 "" 3.9117587689579786e+28 4.829831867487953e+27 5.065825892706445e+27 3.8174512653192684e+28 6.069009421825286e+27 "" "" ""
2008gl CMFGEN 1.4 2454818.61 "" 1.1385273508220378e+25 1.0031211375462439e+25 1.5738705979940192e+27 1.3030601125468385e+25 4.5798669705286063e+24 "" "" ""
2008gl CMFGEN 1.4 2454824.6 "" 6.400497178874745e+27 7.426268497739975e+27 1.049410422367817e+29 7.784316325452542e+27 3.368903438388102e+27 "" "" ""
2008gl CMFGEN 1.7 2454766.67 "" 604444.4444444445 555555.5555555557 566666.6666666667 461111.1111111112 446666.66666666674 "" "" ""
2008gl CMFGEN 1.7 2454772.62 "" 7.314909110543335e+25 6.426482500160895e+25 1.1918006442066896e+26 "" 3.8077186701630726e+25 "" "" ""
2008gl CMFGEN 1.7 2454795.7 "" 2.7747223747893207e+28 2.8238861523695317e+27 1.1935200772394535e+27 2.8092264733733893e+28 4.133466234493304e+27 "" "" ""
2008gl CMFGEN 1.7 2454818.61 "" 1.88771040381154e+25 2.4991725007443683e+24 1.2886124501343053e+26 2.8416721522464695e+25 2.3723635142004987e+24 "" "" ""
2008gl CMFGEN 1.7 2454824.6 "" 9.947205624948212e+27 1.938490400668877e+27 7.897299150709975e+27 1.529811720114741e+28 1.7555631223507603e+27 "" "" ""
2008gp CMFGEN 1.04 2454772.73 "" 994444.4444444446 807777.7777777779 867777.777777778 "" 733333.3333333335 "" "" ""
2008gp CMFGEN 1.04 2454794.73 "" 2.93974581952193e+27 1.576713468327715e+27 1.3290465136255218e+27 2.652552884350497e+27 1.2159051396634118e+27 "" "" ""
2008gp CMFGEN 1.04 2454822.67 "" 5.030797232148525e+27 9.090083506914943e+26 9.543221412071997e+26 6.614114939161841e+27 7.986720468297152e+26 "" "" ""
2008gp CMFGEN 1.02 2454772.73 "" 994444.4444444446 807777.7777777779 867777.777777778 "" 733333.3333333335 "" "" ""
2008gp CMFGEN 1.02 2454794.73 "" 2.061935014267453e+27 1.5512405870299236e+27 2.3884507897750112e+27 1.863443619677939e+27 8.652043260746641e+26 "" "" ""
2008gp CMFGEN 1.02 2454822.67 "" 5.418444856600081e+27 2.2148560810304792e+27 3.618977585558834e+27 5.881146961599559e+27 1.7172374856163284e+27 "" "" ""
2008gp CMFGEN 1.4 2454772.73 "" 994444.4444444446 807777.7777777779 867777.777777778 "" 733333.3333333335 "" "" ""
2008gp CMFGEN 1.4 2454794.73 "" 1.644986484593138e+27 1.452384762001892e+27 2.7996183683995053e+27 1.481756882279227e+27 6.93388343977457e+26 "" "" ""
2008gp CMFGEN 1.4 2454822.67 "" 5.262495949410595e+27 3.7033772730974214e+27 7.182282458762536e+27 5.213693443983745e+27 2.2567093878474179e+27 "" "" ""
2008gp CMFGEN 1.7 2454772.73 "" 994444.4444444446 807777.7777777779 867777.777777778 "" 733333.3333333335 "" "" ""
2008gp CMFGEN 1.7 2454794.73 "" 2.668371345808846e+27 1.622676099383687e+27 1.5182819829496953e+27 2.4540720043640705e+27 1.114484319119445e+27 "" "" ""
2008gp CMFGEN 1.7 2454822.67 "" 6.984085354598143e+27 1.066800248958581e+27 4.61337507600172e+26 9.270825710150935e+27 1.0505424247200599e+27 "" "" ""
2008hv CMFGEN 1.04 2454810.81 175555.55555555556 667777.777777778 "" "" 508888.888888889 "" "" "" ""
2008hv CMFGEN 1.04 2454810.82 "" "" 421111.1111111112 428888.888888889 "" "" "" "" ""
2008hv CMFGEN 1.04 2454815.85 "" 902222.2222222222 828888.8888888891 846666.6666666669 687777.777777778 665555.5555555557 "" "" ""
2008hv CMFGEN 1.04 2454818.83 "" 3.5901694939845018e+19 5.209833431043422e+19 7.611878918949074e+19 2.0628451462171435e+19 3.072064704031893e+19 "" "" ""
2008hv CMFGEN 1.04 2454818.86 "" 4.4211799949738737e+18 5.059531699087445e+18 6.380564974269143e+18 2.7688777026538527e+18 3.484357933281887e+18 "" "" ""
2008hv CMFGEN 1.04 2454820.76 "" 4.317719883924255e+23 1.2650409934013574e+24 3.8286544569522766e+24 3.235464097933772e+23 3.247468905069801e+23 "" "" ""
2008hv CMFGEN 1.04 2454824.74 "" 9.364883520682946e+24 8.271665745824795e+24 1.8336552339057487e+25 8.41830575196917e+24 5.000344330023257e+24 "" "" ""
2008hv CMFGEN 1.04 2454827.79 "" 2.4235392952538062e+26 3.468350469185663e+26 4.7574614615154516e+26 1.839037385949046e+26 2.062335604196776e+26 "" "" ""
2008hv CMFGEN 1.04 2454828.78 "" 1.0099307013414766e+27 9.33559516560429e+26 1.3647319224766813e+27 8.648822962397079e+26 6.494173625561562e+26 "" "" ""
2008hv CMFGEN 1.04 2454840.76 "" "" 6.218617379842454e+25 2.212354915559604e+25 "" "" "" "" ""
2008hv CMFGEN 1.04 2454840.78 6.311801094801856e+26 9.516269454423907e+26 "" "" 9.177406980277759e+26 "" "" "" ""
2008hv CMFGEN 1.04 2454873.7 "" "" 1.3043018769591534e+26 7.918147644146068e+25 "" 1.2272621018611288e+26 "" "" ""
