results/spec_chisq/bands.ecsv
# %ECSV 0.9
# ---
# datatype:
# - name: obj_id
#   datatype: string
# - name: source
#   datatype: string
# - name: version
#   datatype: string
# - name: time
#   datatype: float64
# - name: csp_dr3_u
#   datatype: float64
# - name: csp_dr3_g
#   datatype: float64
# - name: csp_dr3_r
#   datatype: float64
# - name: csp_dr3_i
#   datatype: float64
# - name: csp_dr3_B
#   datatype: float64
# - name: csp_dr3_V0
#   datatype: float64
# - name: csp_dr3_V1
#   datatype: float64
# - name: csp_dr3_V
#   datatype: float64
# - name: csp_dr3_Y
#   datatype: float64
# - name: csp_dr3_J
#   datatype: float64
# - name: csp_dr3_Jrc2
#   datatype: float64
# - name: csp_dr3_H
#   datatype: float64
# - name: csp_dr3_Ydw
#   datatype: float64
# - name: csp_dr3_Jdw
#   datatype: float64
# - name: csp_dr3_Hdw
#   datatype: float64
# schema: astropy-2.0
obj_id source version time csp_dr3_u csp_dr3_g csp_dr3_r csp_dr3_i csp_dr3_B csp_dr3_V0 csp_dr3_V1 csp_dr3_V csp_dr3_Y csp_dr3_J csp_dr3_Jrc2 csp_dr3_H csp_dr3_Ydw csp_dr3_Jdw csp_dr3_Hdw
[from data line 1230]
2008bf CMFGEN 1.7 2454597.56 "" 2.4055422415772056e+24 1.4603492938190548e+22 2.699597787023704e+22 1.8952471406809413e+24 1.2802976105388387e+24 7.11503737533757e+23 7.102554409778112e+23 "" "" "" "" "" "" ""
2008bf CMFGEN 1.7 2454568.65 "" 1.6061652606603555e+23 4.901676569518461e+21 2.2412962369918674e+22 1.3078413710391192e+23 1.0142417429412074e+23 4.903258449387977e+22 4.880699500068943e+22 "" "" "" "" "" "" ""
2008bf CMFGEN 1.7 2454545.73 "" 1.9843321823653766e+23 6.609019294016014e+21 9.844810209194483e+21 1.3639478881302966e+23 1.4534845835997405e+23 9.099477081658738e+22 9.045868260693976e+22 "" "" "" "" "" "" ""
2008bf CMFGEN 1.7 2454549.61 "" 5.711858871542399e+22 2.0036227809994272e+21 5.976294931700701e+21 3.85985871130457e+22 4.290391844193138e+22 2.7141168257877223e+22 2.6996913647813256e+22 "" "" "" "" "" "" ""
2008bf CMFGEN 1.7 2454550.72 "" 8.612657109199743e+22 2.7928882173354946e+21 5.412097601685072e+21 5.8945690157767715e+22 6.386698634836166e+22 4.048754881499148e+22 4.027870418138851e+22 "" "" "" "" "" "" ""
2008bf CMFGEN 1.7 2454551.71 "" 6.228105881177535e+22 1.9275960216962641e+21 4.504561614640616e+21 4.379959779953472e+22 4.5451864064367144e+22 2.818414921370229e+22 2.8048785529460308e+22 "" "" "" "" "" "" ""
2008bf CMFGEN 1.7 2454553.77 "" 2.586609765549558e+22 9.49308095898615e+20 2.928676724879352e+21 "" 1.9239490812329966e+22 1.1926017485591846e+22 1.1862396376117716e+22 "" "" "" "" "" "" ""
2008bf CMFGEN 1.7 2454556.67 "" 1.8211451437302596e+22 6.172291141925937e+20 2.0182339749269518e+21 1.29853230812085e+22 1.3226961151976725e+22 8.026942517008337e+21 7.987034292229103e+21 "" "" "" "" "" "" ""
2008bf CMFGEN 1.7 2454553.75 4.719804301171401e+19 "" "" "" 2.033109939078943e+22 "" "" "" "" "" "" "" "" "" ""
2008bf CMFGEN 1.7 2454585.6 "" 9.082276011725329e+24 4.989274030418026e+22 5.8408329063555807e+23 7.062833204596343e+24 4.774537710531134e+24 2.6794396129885514e+24 2.6748064605877336e+24 "" "" "" "" "" "" ""
2008fp CMFGEN 1.04 2454753.87 "" "" 1.169164011916506e+19 5.046948721380106e+19 "" "" "" "" "" "" "" "" "" "" ""
2008fp CMFGEN 1.04 2454753.86 1.3659390368722562e+22 5.8133542407662e+21 "" "" 4.849645323736366e+21 "" "" "" "" "" "" "" "" "" ""
2008fp CMFGEN 1.04 2454790.75 4.641328347560663e+22 8.3410873239622e+22 "" "" 6.553014021400951e+22 "" "" "" "" "" "" "" "" "" ""
2008fp CMFGEN 1.04 2454886.62 "" 6.256933298100725e+23 2.650199490072105e+22 2.2848468310245676e+23 "" 3.204094775925434e+23 2.603902041051131e+23 2.5990591095976406e+23 "" "" "" "" "" "" ""
2008fp CMFGEN 1.04 2454759.83 "" 9.480826282744893e+21 1.1806244193404525e+19 3.947829498854641e+19 "" 2.4182547320372425e+21 1.8417004387635765e+21 1.8411973163524647e+21 "" "" "" "" "" "" ""
2008fp CMFGEN 1.04 2454793.81 "" 4.75040293121411e+22 2.1412998497115085e+20 8.023475304451767e+20 "" 1.8881206542922647e+22 1.3693886196595605e+22 1.3688733305732269e+22 "" "" "" "" "" "" ""
2008fp CMFGEN 1.04 2454790.77 "" "" 1.8366940332017766e+20 6.963838043700122e+20 "" "" "" "" "" "" "" "" "" "" ""
2008fp CMFGEN 1.04 2454731.86 "" 2.4936186879176232e+20 2.4411279646617134e+18 1.4389528555753935e+19 1.9564899220031262e+20 9.542263676997101e+19 7.930740264213502e+19 7.925629833924375e+19 "" "" "" "" "" "" ""
2008fp CMFGEN 1.04 2454824.67 "" 1.2978670359269333e+23 2.084209609277209e+21 1.0706042288437174e+24 "" 6.880656648237845e+22 4.845560821053567e+22 4.842829212188218e+22 "" "" "" "" "" "" ""
2008fp CMFGEN 1.04 2454829.79 "" 3.944492938462122e+23 6.65425604211767e+21 2.145431058868242e+25 "" 2.067671246525364e+23 1.4873086278899975e+23 1.4864297360636468e+23 "" "" "" "" "" "" ""
2008fp CMFGEN 1.04 2454766.86 "" 2.8444566075057988e+22 3.5334888893330543e+19 1.13223303293851e+20 "" 7.620411587959091e+21 5.673312383039121e+21 5.67180085116794e+21 "" "" "" "" "" "" ""
2008fp CMFGEN 1.04 2454726.83 "" 2.5233904422856494e+21 2.952457635571818e+19 1.2329178979988428e+20 1.9483656292529068e+21 9.942005855557072e+20 8.36118178262645e+20 8.354483401543529e+20 "" "" "" "" "" "" ""
2008fp CMFGEN 1.04 2454730.85 "" 4.49447517044364e+20 4.4544405031907144e+18 2.4093801829609927e+19 3.525769754548121e+20 1.7157756258495077e+20 1.4281052283705373e+20 1.4271615596412692e+20 "" "" "" "" "" "" ""
2008fp CMFGEN 1.04 2454737.86 "" 2.6248162333096773e+21 2.097221576244646e+19 1.4640102788649317e+20 2.1580670307521963e+21 9.312881545679233e+20 7.27188807967347e+20 7.267194139812024e+20 "" "" "" "" "" "" ""
2008fp CMFGEN 1.04 2454772.83 "" "" 1.6407236572430654e+20 5.5513857539865104e+20 "" 3.3734753553129214e+22 2.469891525613501e+22 2.469193112761013e+22 "" "" "" "" "" "" ""
2008fp CMFGEN 1.04 2454871.71 "" "" 2.5246752385446223e+22 6.60599094074852e+24 "" "" "" "" "" "" "" "" "" "" ""
2008fp CMFGEN 1.04 2454871.66 3.739050453255678e+24 6.779007831250237e+23 "" "" 2.810628857491065e+24 "" "" "" "" "" "" "" "" "" ""
2008fp CMFGEN 1.04 2454815.65 "" 1.6411119447110635e+23 1.841460088186569e+21 8.459697231129726e+21 1.2371469757116555e+23 8.21776369247043e+22 5.827095060012346e+22 5.824180001215922e+22 "" "" "" "" "" "" ""
2008fp CMFGEN 1.02 2454753.87 "" "" 2.0089936317079683e+19 2.7643396401804155e+20 "" "" "" "" "" "" "" "" "" "" ""
2008fp CMFGEN 1.02 2454753.86 3.5046826362210315e+22 5.460133685474981e+21 "" "" 4.546686329106946e+21 "" "" "" "" "" "" "" "" "" ""
2008fp CMFGEN 1.02 2454790.75 1.1122415789907585e+23 7.776479405312993e+22 "" "" 6.031034970039969e+22 "" "" "" "" "" "" "" "" "" ""
2008fp CMFGEN 1.02 2454886.62 "" 5.52161844295218e+23 4.69870801319822e+22 4.070159549920884e+23 "" 2.9661569787836922e+23 2.522795169809681e+23 2.51619267065053e+23 "" "" "" "" "" "" ""
2008fp CMFGEN 1.02 2454759.83 "" 8.939487572234412e+21 2.0461636919911244e+19 2.2517149632827713e+20 "" 2.1787783320542244e+21 1.7422698736609835e+21 1.7415842310941463e+21 "" "" "" "" "" "" ""
2008fp CMFGEN 1.02 2454793.81 "" 4.424418558277471e+22 3.5115020363842886e+20 3.9088274389996945e+21 "" 1.7067125244692192e+22 1.3146878378595406e+22 1.3139845591951057e+22 "" "" "" "" "" "" ""
2008fp CMFGEN 1.02 2454790.77 "" "" 2.9913305017327124e+20 3.242158227998114e+21 "" "" "" "" "" "" "" "" "" "" ""
2008fp CMFGEN 1.02 2454731.86 "" 2.4480283972472586e+20 4.049864535499904e+18 8.141803383818263e+19 1.8692526530716287e+20 9.486052534338267e+19 8.282972988041462e+19 8.276042565723156e+19 "" "" "" "" "" "" ""
2008fp CMFGEN 1.02 2454824.67 "" 1.190051347281486e+23 3.351157017164497e+21 4.7142970338089904e+23 "" 6.164138395360285e+22 4.641137816783972e+22 4.637415718294325e+22 "" "" "" "" "" "" ""
2008fp CMFGEN 1.02 2454829.79 "" 3.621270046825152e+23 1.073171061465075e+22 7.834748721463413e+24 "" 1.8585718867768837e+23 1.4254903261027791e+23 1.4242907502801803e+23 "" "" "" "" "" "" ""
2008fp CMFGEN 1.02 2454766.86 "" 2.6761898217721467e+22 6.128192950957522e+19 6.576836104773345e+20 "" 6.860043668290989e+21 5.382769402122534e+21 5.380707241084105e+21 "" "" "" "" "" "" ""
2008fp CMFGEN 1.02 2454726.83 "" 2.4880874910750406e+21 4.9615374225827906e+19 6.914901601502344e+20 1.867562819489703e+21 9.956185655182494e+20 8.77388726207284e+20 8.764840651888346e+20 "" "" "" "" "" "" ""
2008fp CMFGEN 1.02 2454730.85 "" 4.416992190898267e+20 7.402476775285457e+18 1.3741258782182402e+20 3.3723823835546596e+20 1.7080965566204713e+20 1.4932110509273924e+20 1.4919299789055967e+20 "" "" "" "" "" "" ""
2008fp CMFGEN 1.02 2454737.86 "" 2.5228970044302e+21 3.470907000586058e+19 7.855187182922978e+20 2.0437467465997733e+21 8.840556751198034e+20 7.317553715749086e+20 7.311206046999377e+20 "" "" "" "" "" "" ""
2008fp CMFGEN 1.02 2454772.83 "" "" 2.7956570383124588e+20 2.937380571947792e+21 "" 3.033541131741228e+22 2.3481782904849753e+22 2.3472254441230795e+22 "" "" "" "" "" "" ""
2008fp CMFGEN 1.02 2454871.71 "" "" 4.354162196897761e+22 3.9342237209836786e+24 "" "" "" "" "" "" "" "" "" "" ""
2008fp CMFGEN 1.02 2454871.66 1.3084024497217133e+25 6.093634940766815e+23 "" "" 8.560414828163481e+24 "" "" "" "" "" "" "" "" "" ""
2008fp CMFGEN 1.02 2454815.65 "" 1.513621760363526e+23 2.9670133413803663e+21 2.8034493162181878e+22 1.1283743545366729e+23 7.391586695239551e+22 5.59453009870209e+22 5.590547184809621e+22 "" "" "" "" "" "" ""
2008fp CMFGEN 1.4 2454753.87 "" "" 3.1939180674361557e+19 5.7604127838715353e+20 "" "" "" "" "" "" "" "" "" "" ""
2008fp CMFGEN 1.4 2454753.86 3.605132818603959e+22 5.652087654144636e+21 "" "" 4.696115788639905e+21 "" "" "" "" "" "" "" "" "" ""
2008fp CMFGEN 1.4 2454790.75 1.1848976920838005e+23 8.201561597245304e+22 "" "" 6.358354029433267e+22 "" "" "" "" "" "" "" "" "" ""
2008fp CMFGEN 1.4 2454886.62 "" 6.297288761033103e+23 7.855564889794698e+22 8.123743946622143e+23 "" 3.166528043317702e+23 2.7704938117307012e+23 2.7617118569901177e+23 "" "" "" "" "" "" ""
2008fp CMFGEN 1.4 2454759.83 "" 9.244157133465923e+21 3.202819563117268e+19 4.675873227115951e+20 "" 2.2436006880711905e+21 1.858238862654538e+21 1.8573271154668926e+21 "" "" "" "" "" "" ""
2008fp CMFGEN 1.4 2454793.81 "" 4.6527183419735066e+22 5.580526680991367e+20 7.958950145406626e+21 "" 1.7643642719889078e+22 1.418851189372605e+22 1.4179154886924607e+22 "" "" "" "" "" "" ""
2008fp CMFGEN 1.4 2454790.77 "" "" 4.731633947235433e+20 6.573455042913937e+21 "" "" "" "" "" "" "" "" "" "" ""
2008fp CMFGEN 1.4 2454731.86 "" 2.563933544343719e+20 6.450579389227778e+18 1.7454968172468732e+20 1.9094421428441353e+20 1.0331046627936115e+20 9.263793463684907e+19 9.254596425486166e+19 "" "" "" "" "" "" ""
2008fp CMFGEN 1.4 2454824.67 "" 1.2832158670021953e+23 5.360402304021249e+21 7.712992958093579e+23 "" 6.356392800806252e+22 5.011173951959172e+22 5.0062246573509504e+22 "" "" "" "" "" "" ""
2008fp CMFGEN 1.4 2454829.79 "" 3.9659159528345944e+23 1.7204414507840948e+22 1.3302416632081172e+25 "" 1.9230383936612295e+23 1.5398513474908586e+23 1.5382553113474046e+23 "" "" "" "" "" "" ""
2008fp CMFGEN 1.4 2454766.86 "" 2.7683299451460278e+22 9.623085971337612e+19 1.3618383774514508e+21 "" 7.061458708265482e+21 5.758414978537823e+21 5.755671699791421e+21 "" "" "" "" "" "" ""
2008fp CMFGEN 1.4 2454726.83 "" 2.6165589822127425e+21 7.926416252379536e+19 1.4678798430134023e+21 1.9112601897646204e+21 1.0927258914145969e+21 9.878967774420679e+20 9.86697460399928e+20 "" "" "" "" "" "" ""
2008fp CMFGEN 1.4 2454730.85 "" 4.631012348324876e+20 1.179726878573434e+19 2.9425098054312896e+20 3.4484633811778254e+20 1.8635113883075386e+20 1.6729637657611023e+20 1.6712630419062584e+20 "" "" "" "" "" "" ""
2008fp CMFGEN 1.4 2454737.86 "" 2.592534825561588e+21 5.522307912462045e+19 1.6870685879286725e+21 2.068703714267756e+21 9.297141440950119e+20 7.946708327783717e+20 7.938293542323278e+20 "" "" "" "" "" "" ""
2008fp CMFGEN 1.4 2454772.83 "" "" 4.37866591183162e+20 6.039900700478243e+21 "" 3.1202171545651497e+22 2.5161307771133577e+22 2.514863135121411e+22 "" "" "" "" "" "" ""
2008fp CMFGEN 1.4 2454871.71 "" "" 7.222858609433814e+22 8.080356470192271e+24 "" "" "" "" "" "" "" "" "" "" ""
2008fp CMFGEN 1.4 2454871.66 2.622177323748188e+25 6.903089328820465e+23 "" "" 2.0522897694116214e+25 "" "" "" "" "" "" "" "" "" ""
2008fp CMFGEN 1.4 2454815.65 "" 1.6258084234761558e+23 4.736046161865439e+21 5.630341643344211e+22 1.2470010850053254e+23 7.629663678053742e+22 6.0451326375468835e+22 6.039831886403583e+22 "" "" "" "" "" "" ""
2008fp CMFGEN 1.7 2454753.87 "" "" 1.0623291020039619e+19 3.410826136772628e+19 "" "" "" "" "" "" "" "" "" "" ""
2008fp CMFGEN 1.7 2454753.86 2.9833378404365553e+22 6.116011711047613e+21 "" "" 5.06048223677513e+21 "" "" "" "" "" "" "" "" "" ""
2008fp CMFGEN 1.7 2454790.75 9.547262803971676e+22 8.615135594457786e+22 "" "" 6.6507729557765524e+22 "" "" "" "" "" "" "" "" "" ""
2008fp CMFGEN 1.7 2454886.62 "" 6.205215817451423e+23 2.1707217535373696e+22 4.818938729147838e+22 "" 3.247177374736468e+23 2.6466817875682823e+23 2.6426363459405964e+23 "" "" "" "" "" "" ""
2008fp CMFGEN 1.7 2454759.83 "" 9.985210913481833e+21 1.0951119828245496e+19 2.8204769373243204e+19 "" 2.50998550850214e+21 1.9233783556696268e+21 1.9229581473574727e+21 "" "" "" "" "" "" ""
2008fp CMFGEN 1.7 2454793.81 "" 4.915040206621276e+22 1.8353094286501498e+20 5.524356509425804e+20 "" 1.9442690681603378e+22 1.4167441132087495e+22 1.4163134363380428e+22 "" "" "" "" "" "" ""
2008fp CMFGEN 1.7 2454790.77 "" "" 1.5918273910558e+20 4.7414043823833036e+20 "" "" "" "" "" "" "" "" "" "" ""
2008fp CMFGEN 1.7 2454731.86 "" 2.602510786949624e+20 2.1350568793469888e+18 8.295206611373399e+18 2.0235417753185462e+20 9.660942348801517e+19 8.036011719023205e+19 8.031753295285792e+19 "" "" "" "" "" "" ""
2008fp CMFGEN 1.7 2454824.67 "" 1.3207568726973015e+23 1.7061822420840717e+21 5.824710664336653e+22 "" 7.0516265599466255e+22 4.994250171945554e+22 4.9919688424041625e+22 "" "" "" "" "" "" ""
2008fp CMFGEN 1.7 2454829.79 "" 3.9853942334562897e+23 5.460217482134243e+21 1.0526953311752774e+24 "" 2.1123668496525712e+23 1.5268698818376402e+23 1.526135266304653e+23 "" "" "" "" "" "" ""
2008fp CMFGEN 1.7 2454766.86 "" 2.987609096667956e+22 3.257269544377565e+19 8.384676761974782e+19 "" 7.894668481343818e+21 5.910811433803126e+21 5.909548321658626e+21 "" "" "" "" "" "" ""
2008fp CMFGEN 1.7 2454726.83 "" 2.6282817187611033e+21 2.5799936314244477e+19 7.450808725074777e+19 2.0136170872479327e+21 1.0033478204931268e+21 8.437784714314488e+20 8.432213607183365e+20 "" "" "" "" "" "" ""
2008fp CMFGEN 1.7 2454730.85 "" 4.687006062143628e+20 3.888808274234958e+18 1.4200516013676933e+19 3.644987722579325e+20 1.734802553242124e+20 1.4446091611766894e+20 1.443822432259289e+20 "" "" "" "" "" "" ""
2008fp CMFGEN 1.7 2454737.86 "" 2.7594071493282114e+21 1.8493708364558025e+19 7.669304710442585e+19 2.2435923962810306e+21 9.52405406521129e+20 7.466253196079952e+20 7.462347049943292e+20 "" "" "" "" "" "" ""
2008fp CMFGEN 1.7 2454772.83 "" "" 1.503227893203586e+20 3.926106071537424e+20 "" 3.49005833562876e+22 2.569334069708459e+22 2.5687503455883935e+22 "" "" "" "" "" "" ""
2008fp CMFGEN 1.7 2454871.71 "" "" 2.0642215920171963e+22 4.742447603825069e+23 "" "" "" "" "" "" "" "" "" "" ""
2008fp CMFGEN 1.7 2454871.66 3.3424424503878905e+24 6.720386995258419e+23 "" "" 7.711655998039382e+23 "" "" "" "" "" "" "" "" "" ""
2008fp CMFGEN 1.7 2454815.65 "" 1.6757267804162673e+23 1.523114198865915e+21 3.9478769910955974e+21 1.2181591422830243e+23 8.432130952639915e+22 6.008151513273652e+22 6.005713657842889e+22 "" "" "" "" "" "" ""
2008gl CMFGEN 1.04 2454818.61 "" 3.4032998185863895e+22 4.567744218779176e+20 2.5054320161359783e+23 2.7753322484667305e+22 2.480903731721846e+22 1.4780729462215848e+22 1.4768518606746859e+22 "" "" "" "" "" "" ""
2008gl CMFGEN 1.04 2454824.6 "" 3.078721411153007e+25 5.914287736497146e+23 2.4441648588290895e+25 2.461876114140797e+25 2.3485981978417723e+25 1.4678779741800139e+25 1.4666095396703883e+25 "" "" "" "" "" "" ""
2008gl CMFGEN 1.04 2454795.7 "" 4.887600834707567e+24 4.256737144152068e+22 1.5625956405899314e+23 3.76302068437895e+24 3.4824316815421e+24 2.1427994984029555e+24 2.1407173927297463e+24 "" "" "" "" "" "" ""
2008gl CMFGEN 1.04 2454766.67 "" 1.601703743739822e+23 8.325980057889266e+21 1.5546232935797456e+22 1.1909351408421791e+23 1.4025527077241001e+23 9.388688633749747e+22 9.350339255770678e+22 "" "" "" "" "" "" ""
2008gl CMFGEN 1.04 2454772.62 "" 6.40634086891704e+23 3.5323718552626408e+22 6.633375293242901e+22 "" 5.401846250450711e+23 3.517436110750454e+23 3.5020628154809395e+23 "" "" "" "" "" "" ""
2008gl CMFGEN 1.02 2454818.61 "" 3.3027355674984965e+22 6.52407176393708e+20 5.655193835080762e+23 2.752156684000381e+22 2.394441040318741e+22 1.3758601800862885e+22 1.373741919347714e+22 "" "" "" "" "" "" ""
2008gl CMFGEN 1.02 2454824.6 "" 2.9891424217805087e+25 8.353971060618003e+23 6.410499581779061e+25 2.44079037789933e+25 2.2684866881839842e+25 1.37196931658062e+25 1.369766833715604e+25 "" "" "" "" "" "" ""
