results/spec_chisq/bands.ecsv
# %ECSV 0.9
# ---
# datatype:
# - name: obj_id
#   datatype: string
# - name: source
#   datatype: string
# - name: version
#   datatype: string
# - name: time
#   datatype: float64
# - name: csp_dr3_u
#   datatype: float64
# - name: csp_dr3_g
#   datatype: float64
# - name: csp_dr3_r
#   datatype: float64
# - name: csp_dr3_i
#   datatype: float64
# - name: csp_dr3_B
#   datatype: float64
# - name: csp_dr3_V0
#   datatype: float64
# - name: csp_dr3_V1
#   datatype: float64
# - name: csp_dr3_V
#   datatype: float64
# - name: csp_dr3_Y
#   datatype: float64
# - name: csp_dr3_J
#   datatype: float64
# - name: csp_dr3_Jrc2
#   datatype: float64
# - name: csp_dr3_H
#   datatype: float64
# - name: csp_dr3_Ydw
#   datatype: float64
# - name: csp_dr3_Jdw
#   datatype: float64
# - name: csp_dr3_Hdw
#   datatype: float64
# schema: astropy-2.0
obj_id source version time csp_dr3_u csp_dr3_g csp_dr3_r csp_dr3_i csp_dr3_B csp_dr3_V0 csp_dr3_V1 csp_dr3_V csp_dr3_Y csp_dr3_J csp_dr3_Jrc2 csp_dr3_H csp_dr3_Ydw csp_dr3_Jdw csp_dr3_Hdw
[from data line 1144]
2008R CMFGEN 1.7 2454496.53 5.110096934774509e+21 4.537774988399216e+23 7.191664194238421e+21 2.230831855213486e+22 3.141785073219787e+23 2.3887582369885353e+23 1.7480850644678493e+23 1.7464143197477698e+23 "" "" "" "" "" "" ""
2008R CMFGEN 1.7 2454497.63 "" "" 1.3045093624758226e+20 5.1374552589090056e+20 "" inf 3.339372054336505e+21 3.334722576989914e+21 "" "" "" "" "" "" ""
2008R CMFGEN 1.7 2454497.6 "" 8.489165347181327e+21 1.1698827987584682e+20 4.589503261909434e+20 6.131140515384758e+21 4.1821568911727924e+21 3.037269996706474e+21 3.0324164367886115e+21 "" "" "" "" "" "" ""
2008R CMFGEN 1.7 2454509.55 "" "" 3.99320997709455e+20 1.0163611743524486e+21 "" 3.880666279605988e+22 2.9474243570959674e+22 2.9448463458430563e+22 "" "" "" "" "" "" ""
2008R CMFGEN 1.7 2454509.53 4.39088697139173e+22 "" "" "" 1.6252159463573468e+23 "" "" "" "" "" "" "" "" "" ""
2008R CMFGEN 1.7 2454509.57 "" "" "" 1.0647622124936731e+21 "" "" "" "" "" "" "" "" "" "" ""
2008R CMFGEN 1.7 2454515.52 2.6318438729268534e+23 9.914933837844595e+24 2.1086936744323055e+22 3.518258716495888e+22 7.896149512612494e+24 3.0297644908111473e+24 2.271716718431597e+24 2.2702692201686822e+24 "" "" "" "" "" "" ""
2008R CMFGEN 1.7 2454521.54 "" 2.4571997219618875e+24 6.421737324743155e+21 1.2556487122175585e+22 1.946680101049429e+24 7.869381893967113e+23 5.793297832323733e+23 5.789308940501472e+23 "" "" "" "" "" "" ""
2008bc CMFGEN 1.04 2454563.63 "" 7.063266299879749e+21 1.6222497865402407e+20 1.9615528660853756e+21 5.744360149593676e+21 3.269913505701193e+21 1.8165836471682953e+21 1.80731086265267e+21 "" "" "" "" "" "" ""
2008bc CMFGEN 1.04 2454568.54 "" 5.509706100048338e+22 9.166059166618229e+20 8.759602354437537e+21 4.402523646246533e+22 2.3622400956960275e+22 1.4211787046957328e+22 1.4166360862975974e+22 "" "" "" "" "" "" ""
2008bc CMFGEN 1.04 2454539.52 2.142271497871105e+21 4.086247940787066e+22 "" "" 3.238621206593843e+22 "" "" "" "" "" "" "" "" "" ""
2008bc CMFGEN 1.04 2454539.54 "" "" 3.902405488552822e+20 2.0643057804499091e+21 "" "" "" "" "" "" "" "" "" "" ""
2008bc CMFGEN 1.04 2454544.55 9.391911666511544e+18 1.1446720586704163e+22 3.013813694944607e+20 1.2073353433849952e+22 8.167911405096454e+21 6.348053814390186e+21 4.2925129003826193e+21 4.2652920885160496e+21 "" "" "" "" "" "" ""
2008bc CMFGEN 1.04 2454545.65 "" 3.9661558802077707e+21 1.1073969331704204e+20 6.220325100535938e+20 2.7552070892808275e+21 2.2839638687791548e+21 1.5643193643060416e+21 1.5549587150694095e+21 "" "" "" "" "" "" ""
2008bc CMFGEN 1.04 2454553.71 "" "" "" 8.104423919898058e+20 "" "" "" "" "" "" "" "" "" "" ""
2008bc CMFGEN 1.04 2454553.7 "" "" 6.925975960101987e+19 6.56341793167794e+20 "" 1.5216913607958185e+21 9.735915079249333e+20 9.679591826197139e+20 "" "" "" "" "" "" ""
2008bc CMFGEN 1.04 2454556.63 "" 3.2961666098977807e+21 7.57523816327827e+19 7.502511694999851e+20 2.521863850152246e+21 1.6925397069974948e+21 1.0433647364401845e+21 1.0372364478718138e+21 "" "" "" "" "" "" ""
2008bc CMFGEN 1.04 2454553.68 6.182205256615866e+18 "" "" "" 2.939378609936819e+21 "" "" "" "" "" "" "" "" "" ""
2008bc CMFGEN 1.04 2454585.52 "" 7.197923207873343e+23 2.3994674295789406e+21 1.1933123097828161e+22 5.846853033096409e+23 2.7040157217385783e+23 1.658135895196245e+23 1.6562091088160943e+23 "" "" "" "" "" "" ""
2008bc CMFGEN 1.02 2454563.63 "" 6.804356201143498e+21 2.587831595464512e+20 9.70183424415295e+21 5.490638520711776e+21 3.0459248956732573e+21 1.7714870166952443e+21 1.7574513704261976e+21 "" "" "" "" "" "" ""
2008bc CMFGEN 1.02 2454568.54 "" 5.300543528508368e+22 1.4781159631255744e+21 4.156160430656224e+22 4.251782512674261e+22 2.1663746991052902e+22 1.338522669815151e+22 1.331634298802352e+22 "" "" "" "" "" "" ""
2008bc CMFGEN 1.02 2454539.52 6.807216492826888e+21 3.988538909016494e+22 "" "" 3.065963065576518e+22 "" "" "" "" "" "" "" "" "" ""
2008bc CMFGEN 1.02 2454539.54 "" "" 6.282499246583157e+20 1.0498929549791958e+22 "" "" "" "" "" "" "" "" "" "" ""
2008bc CMFGEN 1.02 2454544.55 4.2101057389044646e+19 1.1323953008142319e+22 4.87121080992783e+20 4.438478134591098e+22 7.733126054522483e+21 6.293750563764168e+21 4.500274218388424e+21 4.459000072199558e+21 "" "" "" "" "" "" ""
2008bc CMFGEN 1.02 2454545.65 "" 3.9348345188456134e+21 1.771746051037159e+20 3.3481218014030694e+21 2.6036920283210496e+21 2.2767462911700687e+21 1.6490867103981253e+21 1.6349023203185687e+21 "" "" "" "" "" "" ""
2008bc CMFGEN 1.02 2454553.71 "" "" "" 4.2735481550999084e+21 "" "" "" "" "" "" "" "" "" "" ""
2008bc CMFGEN 1.02 2454553.7 "" "" 1.0811082696245373e+20 3.4391172480987426e+21 "" 1.5030568094995094e+21 1.024984167482388e+21 1.0164509436778549e+21 "" "" "" "" "" "" ""
2008bc CMFGEN 1.02 2454556.63 "" 3.229891669474693e+21 1.1909073745390182e+20 3.8600473303326576e+21 2.4005608315781513e+21 1.6435534633061562e+21 1.0755046169944544e+21 1.0662302525280687e+21 "" "" "" "" "" "" ""
2008bc CMFGEN 1.02 2454553.68 2.256723070842365e+19 "" "" "" 2.7966930178376414e+21 "" "" "" "" "" "" "" "" "" ""
2008bc CMFGEN 1.02 2454585.52 "" 6.938518335020435e+23 3.992069212643895e+21 5.321678944632655e+22 5.681371263978418e+23 2.440864257057215e+23 1.5254139656833614e+23 1.5224837847698744e+23 "" "" "" "" "" "" ""
2008bc CMFGEN 1.4 2454563.63 "" 6.913769849263483e+21 4.069381657058231e+20 2.0768448102223487e+22 5.53191927699009e+21 3.0743504077823106e+21 1.9056517981260169e+21 1.8867868912615458e+21 "" "" "" "" "" "" ""
2008bc CMFGEN 1.4 2454568.54 "" 5.398907366895352e+22 2.3491156815026331e+21 8.800896403787575e+22 4.340054811052333e+22 2.1537934517764367e+22 1.3935509330569015e+22 1.384290685584212e+22 "" "" "" "" "" "" ""
2008bc CMFGEN 1.4 2454539.52 9.700628724263338e+21 4.160315510527481e+22 "" "" 3.1101304415252017e+22 "" "" "" "" "" "" "" "" "" ""
2008bc CMFGEN 1.4 2454539.54 "" "" 9.608727592185287e+20 2.2032298755957037e+22 "" "" "" "" "" "" "" "" "" "" ""
2008bc CMFGEN 1.4 2454544.55 6.697284295311876e+19 1.193061248990289e+22 7.570652449977556e+20 9.742831556144837e+22 7.812112801373355e+21 6.778412689518366e+21 5.137494079266872e+21 5.082013022250422e+21 "" "" "" "" "" "" ""
2008bc CMFGEN 1.4 2454545.65 "" 4.157167835653902e+21 2.7485889745710547e+20 7.101706911323339e+21 2.625807577505387e+21 2.4632682206495847e+21 1.8890569167209717e+21 1.8699923088081554e+21 "" "" "" "" "" "" ""
2008bc CMFGEN 1.4 2454553.71 "" "" "" 9.177191160912294e+21 "" "" "" "" "" "" "" "" "" "" ""
2008bc CMFGEN 1.4 2454553.7 "" "" 1.6590431538075864e+20 7.383964440500611e+21 "" 1.6040852362797153e+21 1.1666140436421529e+21 1.1551444215786121e+21 "" "" "" "" "" "" ""
2008bc CMFGEN 1.4 2454556.63 "" 3.3464886079897175e+21 1.833108930859782e+20 8.292814373085046e+21 2.4207658387733133e+21 1.725876060666358e+21 1.205430315791178e+21 1.1929650418280644e+21 "" "" "" "" "" "" ""
2008bc CMFGEN 1.4 2454553.68 3.4523617081528553e+19 "" "" "" 2.8246658612790464e+21 "" "" "" "" "" "" "" "" "" ""
2008bc CMFGEN 1.4 2454585.52 "" 7.094182472487863e+23 6.163415528466339e+21 1.1102419591574525e+23 5.8390830625970986e+23 2.3875705052650074e+23 1.5487757334358047e+23 1.5448358873111668e+23 "" "" "" "" "" "" ""
2008bc CMFGEN 1.7 2454563.63 "" 7.523907382858669e+21 1.3332922729950611e+20 9.388682606338127e+20 6.119185712127584e+21 3.4074912664136067e+21 1.8546990200908698e+21 1.846518365472872e+21 "" "" "" "" "" "" ""
2008bc CMFGEN 1.7 2454568.54 "" 5.898377436450756e+22 7.542981437733968e+20 4.2191580193489504e+21 4.692540339923214e+22 2.496355021001508e+22 1.4902266072039671e+22 1.4862161276651524e+22 "" "" "" "" "" "" ""
2008bc CMFGEN 1.7 2454539.52 3.4231276766293074e+21 4.262758060536626e+22 "" "" 3.3836758501137167e+22 "" "" "" "" "" "" "" "" "" ""
2008bc CMFGEN 1.7 2454539.54 "" "" 3.565459849542076e+20 1.043036351781441e+21 "" "" "" "" "" "" "" "" "" "" ""
2008bc CMFGEN 1.7 2454544.55 1.3107586420444578e+19 1.1915956764227895e+22 2.5692808520025653e+20 1.4503112682490356e+21 8.539812628243054e+21 6.503311899760056e+21 4.3096521375151167e+21 4.285622576659827e+21 "" "" "" "" "" "" ""
2008bc CMFGEN 1.7 2454545.65 "" 4.126923059881484e+21 9.480170528742467e+19 3.4978910203193524e+20 2.8837118326410403e+21 2.335240949931722e+21 1.5672710396629358e+21 1.5590119341907174e+21 "" "" "" "" "" "" ""
2008bc CMFGEN 1.7 2454553.71 "" "" "" 4.192313439977543e+20 "" "" "" "" "" "" "" "" "" "" ""
2008bc CMFGEN 1.7 2454553.7 "" "" 5.862720873291066e+19 3.3521219081691084e+20 "" 1.5538017743834437e+21 9.689426578287194e+20 9.639704196145379e+20 "" "" "" "" "" "" ""
2008bc CMFGEN 1.7 2454556.63 "" 3.4611340371365666e+21 6.389631415713658e+19 3.7238936351717176e+20 2.6591489037121665e+21 1.7370879878151796e+21 1.0438051906965069e+21 1.038398968242543e+21 "" "" "" "" "" "" ""
2008bc CMFGEN 1.7 2454553.68 1.0864264194734131e+19 "" "" "" 3.0904041621120415e+21 "" "" "" "" "" "" "" "" "" ""
2008bc CMFGEN 1.7 2454585.52 "" 7.72110049284541e+23 2.1834267989968306e+21 6.159947979219356e+21 6.24853009958612e+23 2.873096688423869e+23 1.755982088336908e+23 1.7542799396376776e+23 "" "" "" "" "" "" ""
2008bf CMFGEN 1.04 2454563.68 "" 2.6660162989693577e+22 9.710551691314748e+20 6.608208839735092e+21 2.0694548548639454e+22 1.8070201834692426e+22 9.741876810864208e+21 9.69774793930583e+21 "" "" "" "" "" "" ""
2008bf CMFGEN 1.04 2454597.56 "" 2.2852996891226668e+24 1.6170741749721283e+22 6.767579381599122e+22 1.8028777952168152e+24 1.2020646885324447e+24 6.780415594728723e+23 6.770393802236017e+23 "" "" "" "" "" "" ""
2008bf CMFGEN 1.04 2454568.65 "" 1.5257926559595105e+23 5.618062914170319e+21 4.199342637737293e+22 1.2345037988771368e+23 9.637666240415905e+22 4.808975695625449e+22 4.790535891239902e+22 "" "" "" "" "" "" ""
2008bf CMFGEN 1.04 2454545.73 "" 1.895200057720754e+23 6.983730392451921e+21 1.5793707397078424e+22 1.2932675926925154e+23 1.3869604098668847e+23 8.853804630090662e+22 8.810624395531508e+22 "" "" "" "" "" "" ""
2008bf CMFGEN 1.04 2454549.61 "" 5.464111886292034e+22 2.1671902137375633e+21 7.831242916252327e+21 3.660338666368874e+22 4.102384627564949e+22 2.6488540891660945e+22 2.6371697276976533e+22 "" "" "" "" "" "" ""
2008bf CMFGEN 1.04 2454550.72 "" 8.238555186036168e+22 3.015870406914681e+21 6.938088218143297e+21 5.5895960793873964e+22 6.108516496201482e+22 3.95123106631457e+22 3.934273454893052e+22 "" "" "" "" "" "" ""
2008bf CMFGEN 1.04 2454551.71 "" 5.957460001015653e+22 2.102283644894463e+21 5.760713056648089e+21 4.1536775284483015e+22 4.346163525529408e+22 2.7529291435894194e+22 2.741932306632956e+22 "" "" "" "" "" "" ""
2008bf CMFGEN 1.04 2454553.77 "" 2.4766295498031653e+22 1.052493512369597e+21 4.994986443824761e+21 "" 1.8416287771491377e+22 1.1669958467760347e+22 1.161805100780371e+22 "" "" "" "" "" "" ""
2008bf CMFGEN 1.04 2454556.67 "" 1.7417872394556705e+22 6.809547978347504e+20 3.216823762339803e+21 1.2290676061968924e+22 1.266325749548995e+22 7.868921712969305e+21 7.83633318444445e+21 "" "" "" "" "" "" ""
2008bf CMFGEN 1.04 2454553.75 2.9416643389984375e+19 "" "" "" 1.928174278401659e+22 "" "" "" "" "" "" "" "" "" ""
2008bf CMFGEN 1.04 2454585.6 "" 8.658260670918888e+24 5.427237606360472e+22 3.254043141178823e+24 6.75275576403688e+24 4.481050824407099e+24 2.549963588328644e+24 2.5462616775846476e+24 "" "" "" "" "" "" ""
2008bf CMFGEN 1.02 2454563.68 "" 2.6274728435198537e+22 1.461463492831168e+21 3.5553172034920546e+22 1.9811826477355216e+22 1.7630266865935962e+22 9.683359941231599e+21 9.6095276671668e+21 "" "" "" "" "" "" ""
2008bf CMFGEN 1.02 2454597.56 "" 2.2233991048238917e+24 2.523060292212196e+22 2.509148338476069e+23 1.7684699608898323e+24 1.1261117739323826e+24 6.267180404669156e+23 6.250305281183274e+23 "" "" "" "" "" "" ""
2008bf CMFGEN 1.02 2454568.65 "" 1.4953547139245032e+23 8.559840563417544e+21 2.172780355268968e+23 1.1915572726499043e+23 9.293278942027449e+22 4.682085424529339e+22 4.651181878417687e+22 "" "" "" "" "" "" ""
2008bf CMFGEN 1.02 2454545.73 "" 1.8738831573902988e+23 1.0313876022695731e+22 8.884715078312788e+22 1.2249462457400798e+23 1.3688460444278307e+23 8.910844910275414e+22 8.83819840035466e+22 "" "" "" "" "" "" ""
2008bf CMFGEN 1.02 2454549.61 "" 5.404136730450777e+22 3.2305370671403437e+21 5.310648728206492e+22 3.455483517997649e+22 4.048280821019421e+22 2.6641148994153917e+22 2.6444839826034073e+22 "" "" "" "" "" "" ""
2008bf CMFGEN 1.02 2454550.72 "" 8.142334162666134e+22 4.493978139886924e+21 4.652635894730489e+22 5.280367317006307e+22 6.018574548208261e+22 3.964632570609982e+22 3.936158994408142e+22 "" "" "" "" "" "" ""
2008bf CMFGEN 1.02 2454551.71 "" 5.874535773425882e+22 3.1453859530829993e+21 3.877738190806596e+22 3.928174017878911e+22 4.263030658790735e+22 2.7464051440325874e+22 2.7279426996257293e+22 "" "" "" "" "" "" ""
2008bf CMFGEN 1.02 2454553.77 "" 2.449792259075262e+22 1.5883758488790345e+21 2.766590640347556e+22 "" 1.8156892700945794e+22 1.1740062530876178e+22 1.1653044747256094e+22 "" "" "" "" "" "" ""
2008bf CMFGEN 1.02 2454556.67 "" 1.7260408474175474e+22 1.0228013603313844e+21 1.900138890347853e+22 1.1652998680496522e+22 1.2489739172522574e+22 7.924456358873367e+21 7.86983600279586e+21 "" "" "" "" "" "" ""
2008bf CMFGEN 1.02 2454553.75 8.96567051168371e+19 "" "" "" 1.8209298062276636e+22 "" "" "" "" "" "" "" "" "" ""
2008bf CMFGEN 1.02 2454585.6 "" 8.427320850647532e+24 8.43595859179329e+22 7.761369597697567e+24 6.646577515326559e+24 4.2056255503545035e+24 2.363996346621452e+24 2.3577541899932262e+24 "" "" "" "" "" "" ""
2008bf CMFGEN 1.4 2454563.68 "" 2.7333324967415267e+22 2.1499393244520582e+21 7.643791709892499e+22 1.995493332297955e+22 1.8205227451839486e+22 1.0550963329110588e+22 1.0447315793517023e+22 "" "" "" "" "" "" ""
2008bf CMFGEN 1.4 2454597.56 "" 2.307483338753838e+24 3.82414836681229e+22 5.1719257867373004e+23 1.846580508105209e+24 1.1132438324164248e+24 6.327038431765877e+23 6.303267467444771e+23 "" "" "" "" "" "" ""
2008bf CMFGEN 1.4 2454568.65 "" 1.5457314883581523e+23 1.2936804025013413e+22 4.643003605252488e+23 1.2096805043703151e+23 9.46520050491428e+22 5.021049333353529e+22 4.977627569967996e+22 "" "" "" "" "" "" ""
2008bf CMFGEN 1.4 2454545.73 "" 1.9657738529548993e+23 1.5058078184435882e+22 1.8788688298892144e+23 1.2281378713974458e+23 1.4365528889545143e+23 9.76960891201936e+22 9.66732154868652e+22 "" "" "" "" "" "" ""
2008bf CMFGEN 1.4 2454549.61 "" 5.677412181655341e+22 4.759300356542361e+21 1.1796085453551886e+23 3.454253593999177e+22 4.255872313721842e+22 2.9245270762194813e+22 2.8969060160854683e+22 "" "" "" "" "" "" ""
2008bf CMFGEN 1.4 2454550.72 "" 8.550496661278127e+22 6.610918548816961e+21 1.019250255678162e+23 5.283327536502329e+22 6.319057383885031e+22 4.3440423128491996e+22 4.303993462446594e+22 "" "" "" "" "" "" ""
2008bf CMFGEN 1.4 2454551.71 "" 6.15658163780867e+22 4.642967360050854e+21 8.478640230610698e+22 3.934186276742085e+22 4.4565861278166764e+22 2.998473702848951e+22 2.972507282011767e+22 "" "" "" "" "" "" ""
2008bf CMFGEN 1.4 2454553.77 "" 2.5745578389771e+22 2.357373481320368e+21 5.913940219246529e+22 "" 1.908157356870259e+22 1.2915392304942682e+22 1.2793098623931887e+22 "" "" "" "" "" "" ""
2008bf CMFGEN 1.4 2454556.67 "" 1.8146996123219576e+22 1.5057473747481073e+21 4.061933651943875e+22 1.1673315529860873e+22 1.3111851479982584e+22 8.721926109225125e+21 8.645176132401938e+21 "" "" "" "" "" "" ""
2008bf CMFGEN 1.4 2454553.75 1.3424644213235538e+20 "" "" "" 1.8216017899271481e+22 "" "" "" "" "" "" "" "" "" ""
2008bf CMFGEN 1.4 2454585.6 "" 8.761486800856252e+24 1.2674062578831931e+23 1.5477978296955986e+25 6.974114380794901e+24 4.1641454432234764e+24 2.3911061236019536e+24 2.3823067978132353e+24 "" "" "" "" "" "" ""
