results/spec_chisq/bands.ecsv
# %ECSV 0.9
# ---
# datatype:
# - name: obj_id
#   datatype: string
# - name: source
#   datatype: string
# - name: version
#   datatype: string
# - name: time
#   datatype: float64
# - name: csp_dr3_u
#   datatype: float64
# - name: csp_dr3_g
#   datatype: float64
# - name: csp_dr3_r
#   datatype: float64
# - name: csp_dr3_i
#   datatype: float64
# - name: csp_dr3_B
#   datatype: float64
# - name: csp_dr3_V0
#   datatype: float64
# - name: csp_dr3_V1
#   datatype: float64
# - name: csp_dr3_V
#   datatype: float64
# - name: csp_dr3_Y
#   datatype: float64
# - name: csp_dr3_J
#   datatype: float64
# - name: csp_dr3_Jrc2
#   datatype: float64
# - name: csp_dr3_H
#   datatype: float64
# - name: csp_dr3_Ydw
#   datatype: float64
# - name: csp_dr3_Jdw
#   datatype: float64
# - name: csp_dr3_Hdw
#   datatype: float64
# schema: astropy-2.0
obj_id source version time csp_dr3_u csp_dr3_g csp_dr3_r csp_dr3_i csp_dr3_B csp_dr3_V0 csp_dr3_V1 csp_dr3_V csp_dr3_Y csp_dr3_J csp_dr3_Jrc2 csp_dr3_H csp_dr3_Ydw csp_dr3_Jdw csp_dr3_Hdw
[from data line 1498]
2009Y CMFGEN 1.04 2454887.88 "" 2.358637502663034e+21 2.131026210333017e+19 2.5467814103000207e+20 2.077792315310549e+21 6.52272949481003e+20 4.497543322540194e+20 4.4741371775274313e+20 "" "" "" "" "" "" ""
2009Y CMFGEN 1.04 2454952.83 "" 4.517843820976562e+23 7.88773228414097e+21 1.3053127408328762e+23 3.3239340108351244e+23 2.661090194977097e+23 1.6178690091489666e+23 1.616228315065511e+23 "" "" "" "" "" "" ""
2009Y CMFGEN 1.04 2454905.91 "" "" 3.0752868241779524e+20 2.4119766587117813e+21 "" 7.13368716962292e+22 4.74600794800951e+22 4.743910678746788e+22 "" "" "" "" "" "" ""
2009Y CMFGEN 1.04 2454888.89 "" 3.072627085927579e+21 2.621472235653225e+19 2.927857817253839e+20 2.690149601667443e+21 8.619788536393104e+20 5.979461623963284e+20 5.952462526583408e+20 "" "" "" "" "" "" ""
2009Y CMFGEN 1.04 2454919.84 "" 7.228322889143423e+22 1.7097129958806517e+20 1.2961813320748203e+21 6.059383580390126e+22 2.5178858388767346e+22 1.6048483027993248e+22 1.6041164722298008e+22 "" "" "" "" "" "" ""
2009Y CMFGEN 1.04 2454871.82 2.892657511362183e+18 2.2546446002387865e+21 "" "" 1.8076064582632648e+21 "" "" "" "" "" "" "" "" "" ""
2009Y CMFGEN 1.04 2454871.83 "" 5.446828182853902e+21 8.999289531264123e+19 4.0077835789815356e+20 4.4078947547675734e+21 2.0738937420251472e+21 1.4657260502047232e+21 1.4601108966408735e+21 "" "" "" "" "" "" ""
2009Y CMFGEN 1.04 2454871.84 "" "" 2.4866172771107463e+19 1.270584553048775e+20 "" "" "" "" "" "" "" "" "" "" ""
2009Y CMFGEN 1.04 2454871.85 "" 8.470848004615725e+21 "" "" 6.791418320355924e+21 "" "" 2.3460230991445764e+21 "" "" "" "" "" "" ""
2009Y CMFGEN 1.04 2454870.83 "" 3.053424066899057e+21 5.154747780360129e+19 2.247188270485632e+20 2.458890857173456e+21 1.1738871421905123e+21 8.163472608339033e+20 8.133736764554041e+20 "" "" "" "" "" "" ""
2009Y CMFGEN 1.04 2454873.87 "" "" 1.5842328973012988e+21 6.166469309654396e+21 "" 2.734673261372549e+22 2.0086205779706957e+22 1.9970759148764127e+22 "" "" "" "" "" "" ""
2009Y CMFGEN 1.04 2454939.83 4.267236885538625e+21 1.808274717620161e+23 1.4817619413125568e+21 2.725242926376549e+23 1.378253144790137e+23 9.838141045484195e+22 5.9021189132314066e+22 5.8982659067185455e+22 "" "" "" "" "" "" ""
2009Y CMFGEN 1.04 2454878.89 "" "" 2.7582365113062187e+19 1.891266139843055e+20 "" 6.954254755218177e+20 5.0754865228486705e+20 5.050677236483053e+20 "" "" "" "" "" "" ""
2009Y CMFGEN 1.04 2454943.82 2.1981197268847705e+21 1.417599099552327e+23 1.4193510215311014e+21 1.446593835324631e+24 1.0734132331684688e+23 7.81748297272355e+22 4.722135626308222e+22 4.718917162861652e+22 "" "" "" "" "" "" ""
2009Y CMFGEN 1.02 2454885.84 "" 1.7546969287889498e+21 2.7370533893515457e+19 7.963146867685905e+20 1.5475678025550046e+21 4.7075095752775677e+20 3.472427443281985e+20 3.442760021053089e+20 "" "" "" "" "" "" ""
2009Y CMFGEN 1.02 2454886.88 "" 1.9500424322515044e+21 3.0219286647183237e+19 9.784955952516123e+20 1.7228160074636072e+21 5.172545866793133e+20 3.797302805496639e+20 3.765621745521746e+20 "" "" "" "" "" "" ""
2009Y CMFGEN 1.02 2454887.88 "" 2.262821507023323e+21 3.3931481052237308e+19 1.1227463864515702e+21 2.0016309369189627e+21 5.913651602868875e+20 4.296444737917364e+20 4.262512837036316e+20 "" "" "" "" "" "" ""
2009Y CMFGEN 1.02 2454952.83 "" 4.1484173843588283e+23 1.2890498288692893e+22 3.966861021921802e+23 3.0025129782436322e+23 2.3732473330705454e+23 1.5458297316530024e+23 1.5434443238279608e+23 "" "" "" "" "" "" ""
2009Y CMFGEN 1.02 2454905.91 "" "" 5.1977610015618236e+20 9.220723675038404e+21 "" 6.2866377434468635e+22 4.374828682538331e+22 4.3717823180088824e+22 "" "" "" "" "" "" ""
2009Y CMFGEN 1.02 2454888.89 "" 2.9440945372653027e+21 4.181248256439334e+19 1.3351003788297068e+21 2.591310956560956e+21 7.782884751071836e+20 5.6743742395218854e+20 5.635239900509368e+20 "" "" "" "" "" "" ""
2009Y CMFGEN 1.02 2454919.84 "" 6.799222485928844e+22 2.897041953901042e+20 5.177863481516131e+21 5.724486562843566e+22 2.2242298504866177e+22 1.4957654564611962e+22 1.4947028021429584e+22 "" "" "" "" "" "" ""
2009Y CMFGEN 1.02 2454871.82 1.3560912949600117e+19 2.2113931057090145e+21 "" "" 1.720645749316614e+21 "" "" "" "" "" "" "" "" "" ""
2009Y CMFGEN 1.02 2454871.83 "" 5.337639089562624e+21 1.4752929595909426e+20 2.1021636727798015e+21 4.1972399074100296e+21 2.0470146687854342e+21 1.5682075924542314e+21 1.5600255757761905e+21 "" "" "" "" "" "" ""
2009Y CMFGEN 1.02 2454871.84 "" "" 4.071089026314153e+19 6.432967619007676e+20 "" "" "" "" "" "" "" "" "" "" ""
2009Y CMFGEN 1.02 2454871.85 "" 8.304914158389073e+21 "" "" 6.463046185689914e+21 "" "" 2.509218541061407e+21 "" "" "" "" "" "" ""
2009Y CMFGEN 1.02 2454870.83 "" 2.9925435048372873e+21 8.483789555946329e+19 1.1630516910550305e+21 2.3400951179572391e+21 1.1595295185275683e+21 8.766939529455054e+20 8.723619029002765e+20 "" "" "" "" "" "" ""
2009Y CMFGEN 1.02 2454873.87 "" "" 2.5380800155407677e+21 3.835148913868086e+22 "" 2.7318979899997056e+22 2.1610959633479885e+22 2.1442659012346068e+22 "" "" "" "" "" "" ""
2009Y CMFGEN 1.02 2454939.83 1.1382331185852798e+22 1.6575623986711897e+23 2.4165290505133024e+21 7.26825886905303e+23 1.2547768907461687e+23 8.676287286328914e+22 5.528217288890229e+22 5.522626440331034e+22 "" "" "" "" "" "" ""
2009Y CMFGEN 1.02 2454878.89 "" "" 4.3680588564853146e+19 1.044075667336686e+21 "" 6.666892818811358e+20 5.1879850186269255e+20 5.1519198620572595e+20 "" "" "" "" "" "" ""
2009Y CMFGEN 1.02 2454943.82 6.970803817660807e+21 1.2990237824492638e+23 2.3164132660604447e+21 3.7262397413224416e+24 9.75699631240323e+22 6.9065636864978066e+22 4.436446719934689e+22 4.4317655247519725e+22 "" "" "" "" "" "" ""
2009Y CMFGEN 1.4 2454885.84 "" 1.7704651438793247e+21 4.152188462888303e+19 1.6849432357378798e+21 1.5608848072541363e+21 4.797943467665408e+20 3.704632770118804e+20 3.6645680389424395e+20 "" "" "" "" "" "" ""
2009Y CMFGEN 1.4 2454886.88 "" 1.965388586888445e+21 4.60016215029075e+19 2.064193590558024e+21 1.7371696512521352e+21 5.2512183932471325e+20 4.033686630009329e+20 3.990902169750163e+20 "" "" "" "" "" "" ""
2009Y CMFGEN 1.4 2454887.88 "" 2.2795017914526943e+21 5.182774048455734e+19 2.374140425641265e+21 2.0191283062177567e+21 5.965800322054487e+20 4.5342375492500193e+20 4.488412057303242e+20 "" "" "" "" "" "" ""
2009Y CMFGEN 1.4 2454952.83 "" 4.210197933932521e+23 2.0702846261003972e+22 8.387397899051557e+23 3.0157866909668648e+23 2.3803295120887267e+23 1.6500010770743664e+23 1.6467797096619067e+23 "" "" "" "" "" "" ""
2009Y CMFGEN 1.4 2454905.91 "" "" 7.996795889958516e+20 1.917366277674859e+22 "" 6.150531912567217e+22 4.458431138278535e+22 4.4543180480053995e+22 "" "" "" "" "" "" ""
2009Y CMFGEN 1.4 2454888.89 "" 2.9650722911336824e+21 6.419754640920432e+19 2.823009115351113e+21 2.6160024976446833e+21 7.812612263462274e+20 5.946491642844714e+20 5.893643609600152e+20 "" "" "" "" "" "" ""
2009Y CMFGEN 1.4 2454919.84 "" 6.827202733070941e+22 4.583138467300362e+20 1.0710181235797713e+22 5.752760543997229e+22 2.1900479695805093e+22 1.54566478106969e+22 1.5442298597002883e+22 "" "" "" "" "" "" ""
2009Y CMFGEN 1.4 2454871.82 2.1632622741773844e+19 2.3010721003476917e+21 "" "" 1.7355324604325133e+21 "" "" "" "" "" "" "" "" "" ""
2009Y CMFGEN 1.4 2454871.83 "" 5.553082475648717e+21 2.23683572152929e+20 4.430730594622161e+21 4.235723399406949e+21 2.2393690223196764e+21 1.8169361371161905e+21 1.8058872144795075e+21 "" "" "" "" "" "" ""
2009Y CMFGEN 1.4 2454871.84 "" "" 6.175687982200846e+19 1.3528077723744217e+21 "" "" "" "" "" "" "" "" "" "" ""
2009Y CMFGEN 1.4 2454871.85 "" 8.641916471292715e+21 "" "" 6.519607791558762e+21 "" "" 2.901440863490859e+21 "" "" "" "" "" "" ""
2009Y CMFGEN 1.4 2454870.83 "" 3.112230356701168e+21 1.2860213157363355e+20 2.4451625316633506e+21 2.3588988308598895e+21 1.267372348843976e+21 1.0174293182576529e+21 1.0115795457211576e+21 "" "" "" "" "" "" ""
2009Y CMFGEN 1.4 2454873.87 "" "" 3.812332391017132e+21 8.143319034585957e+22 "" 3.0087606019853677e+22 2.505123535526846e+22 2.4823980945962145e+22 "" "" "" "" "" "" ""
2009Y CMFGEN 1.4 2454939.83 1.4007591737465904e+22 1.66315145136033e+23 3.861929044832074e+21 1.5727527323581875e+24 1.2525416824495417e+23 8.577543923622605e+22 5.7921113435190094e+22 5.784565439361757e+22 "" "" "" "" "" "" ""
2009Y CMFGEN 1.4 2454878.89 "" "" 6.573503167123066e+19 2.223159983329665e+21 "" 7.103881207602942e+20 5.7992186598622514e+20 5.750519181718378e+20 "" "" "" "" "" "" ""
2009Y CMFGEN 1.4 2454943.82 9.534579887669934e+21 1.3058942531963016e+23 3.7054519614210976e+21 9.089707328918995e+24 9.755556068427035e+22 6.84478662467323e+22 4.6607616766726296e+22 4.654439896426636e+22 "" "" "" "" "" "" ""
2009Y CMFGEN 1.7 2454885.84 "" 1.947690091714592e+21 1.4992789459648664e+19 7.625766278947806e+19 1.7053664226933916e+21 5.2452279010969013e+20 3.632190798596443e+20 3.6144535924858565e+20 "" "" "" "" "" "" ""
2009Y CMFGEN 1.7 2454886.88 "" 2.1697763340043105e+21 1.6485903327137772e+19 9.366189766245751e+19 1.900294987564704e+21 5.806246828622793e+20 4.0104535487920774e+20 3.991512136196645e+20 "" "" "" "" "" "" ""
2009Y CMFGEN 1.7 2454887.88 "" 2.523052173192149e+21 1.8366708478638637e+19 1.0741976156025176e+20 2.2096430833010782e+21 6.705008521487177e+20 4.593028295281204e+20 4.572739367323e+20 "" "" "" "" "" "" ""
2009Y CMFGEN 1.7 2454952.83 "" 4.737192115735415e+23 6.152787807223564e+21 3.1268153829448535e+22 3.4185123991248174e+23 2.7712598112604233e+23 1.6854408266510624e+23 1.684015676389278e+23 "" "" "" "" "" "" ""
2009Y CMFGEN 1.7 2454905.91 "" "" 2.8700957520241757e+20 9.387822887579444e+20 "" 7.507460272897684e+22 5.014012181336853e+22 5.012191509591166e+22 "" "" "" "" "" "" ""
2009Y CMFGEN 1.7 2454888.89 "" 3.2892736619872644e+21 2.2523144885717074e+19 1.3126419438032501e+20 2.86088427215335e+21 8.898620565670097e+20 6.144790670706032e+20 6.121389969599288e+20 "" "" "" "" "" "" ""
2009Y CMFGEN 1.7 2454919.84 "" 7.706588885814977e+22 1.484702347136498e+20 5.895008784403312e+20 6.41500606486808e+22 2.622344150333978e+22 1.6702375709542455e+22 1.6696023377043446e+22 "" "" "" "" "" "" ""
2009Y CMFGEN 1.7 2454871.82 3.687861859925494e+18 2.3619023477767185e+21 "" "" 1.8970315352584796e+21 "" "" "" "" "" "" "" "" "" ""
2009Y CMFGEN 1.7 2454871.83 "" 5.704849054874892e+21 8.374849974128307e+19 2.204491921527054e+20 4.626037093881418e+21 2.0880077803106942e+21 1.4572930681042148e+21 1.4524066866899376e+21 "" "" "" "" "" "" ""
2009Y CMFGEN 1.7 2454871.84 "" "" 2.303398044364305e+19 6.677828609348535e+19 "" "" "" "" "" "" "" "" "" "" ""
2009Y CMFGEN 1.7 2454871.85 "" 8.872619095651999e+21 "" "" 7.122869324169132e+21 "" "" 2.342049683600628e+21 "" "" "" "" "" "" ""
2009Y CMFGEN 1.7 2454870.83 "" 3.199776281540958e+21 4.833255633016366e+19 1.2191803281961923e+20 2.5823720289421073e+21 1.1862029665529013e+21 8.149076879288525e+20 8.123203066717355e+20 "" "" "" "" "" "" ""
2009Y CMFGEN 1.7 2454873.87 "" "" 1.458085424522338e+21 4.2229155507728705e+21 "" 2.7479672475866966e+22 1.9956468612504217e+22 1.9855975176342325e+22 "" "" "" "" "" "" ""
2009Y CMFGEN 1.7 2454939.83 8.545378549344793e+21 1.9066064369320733e+23 1.1841445051219077e+21 2.1764152164760194e+22 1.428622035525291e+23 1.0278911622839217e+23 6.170878289708409e+22 6.167535590593119e+22 "" "" "" "" "" "" ""
2009Y CMFGEN 1.7 2454878.89 "" "" 2.4847904350609547e+19 1.094101110725904e+20 "" 6.975649318653808e+20 5.027564188378235e+20 5.00601415591372e+20 "" "" "" "" "" "" ""
2009Y CMFGEN 1.7 2454943.82 4.331884230905199e+21 1.4934034401251972e+23 1.1294575533838521e+21 2.5929646518189368e+23 1.1100314600735183e+23 8.171302210415852e+22 4.9423112826054035e+22 4.939514723266132e+22 "" "" "" "" "" "" ""
2009aa CMFGEN 1.04 2454885.72 "" 6.363960874247576e+22 2.756336552793444e+21 1.1409059442242043e+22 4.920297363086212e+22 4.6264648007847286e+22 2.7683618805061515e+22 2.762513893791998e+22 "" "" "" "" "" "" ""
2009aa CMFGEN 1.04 2454886.78 "" 9.278605581075849e+22 3.7280621985344845e+21 1.7181953855261233e+22 7.267692912102802e+22 6.6299926723308294e+22 3.878702150832026e+22 3.87032028670436e+22 "" "" "" "" "" "" ""
2009aa CMFGEN 1.04 2454887.75 "" 8.903394062402843e+22 3.4595892528674777e+21 1.4695950983261541e+22 6.9625864852005016e+22 6.228132744733645e+22 3.63379768275671e+22 3.6257841912581447e+22 "" "" "" "" "" "" ""
2009aa CMFGEN 1.04 2454888.8 "" 1.2439843760671383e+23 4.570900624083658e+21 2.05104441159069e+22 9.74436981789769e+22 8.582380182187309e+22 5.025946256305794e+22 5.01488937321526e+22 "" "" "" "" "" "" ""
2009aa CMFGEN 1.04 2454919.72 "" 6.292078066718535e+24 4.547890805088436e+22 1.3665082034196325e+23 4.91584968654662e+24 3.606053374414519e+24 2.1349299621921695e+24 2.1323072985980252e+24 "" "" "" "" "" "" ""
2009aa CMFGEN 1.04 2454876.57 "" "" "" 2.0208444591981193e+22 "" "" "" "" "" "" "" "" "" "" ""
2009aa CMFGEN 1.04 2454871.78 "" "" 8.420335502288077e+21 1.7553865092436595e+22 "" "" "" "" "" "" "" "" "" "" ""
2009aa CMFGEN 1.04 2454870.74 "" 4.5240856797451906e+23 1.6385448102159809e+22 2.5492588326436225e+22 3.1604602016925384e+23 3.6121025185262405e+23 2.39194731842762e+23 2.386408149068075e+23 "" "" "" "" "" "" ""
2009aa CMFGEN 1.04 2454871.76 2.9090154166999705e+20 3.787711095948652e+23 "" "" 2.5964970380119653e+23 "" "" "" "" "" "" "" "" "" ""
2009aa CMFGEN 1.04 2454873.76 "" 2.8284857445268575e+23 1.0492601946211434e+22 1.2868484980263684e+22 "" 2.2564432643038503e+23 1.4757554715438677e+23 1.4722444735968177e+23 "" "" "" "" "" "" ""
2009aa CMFGEN 1.04 2454906.75 "" 9.024303623194602e+24 2.2432591495922518e+22 8.31434709177656e+22 "" 2.3704347440378596e+24 1.4153029292015217e+24 1.4136969081113744e+24 "" "" "" "" "" "" ""
2009aa CMFGEN 1.04 2454876.84 "" 2.9433318763263184e+23 "" "" "" 2.3059688210188638e+23 1.518861849663767e+23 1.515583828358771e+23 "" "" "" "" "" "" ""
2009aa CMFGEN 1.04 2454878.84 "" 1.3625838300818229e+23 6.516539670911781e+21 1.6401167444668855e+22 "" 1.0578662560795015e+23 6.9669162271594865e+22 6.952028687931238e+22 "" "" "" "" "" "" ""
2009aa CMFGEN 1.02 2454885.72 "" 6.252958126628273e+22 3.9112888241895485e+21 6.038975107777676e+22 4.717835361747487e+22 4.501971881869692e+22 2.697337628416222e+22 2.6872900781989876e+22 "" "" "" "" "" "" ""
2009aa CMFGEN 1.02 2454886.78 "" 9.09453216932914e+22 5.324321687897711e+21 8.796096424482814e+22 6.982555461323434e+22 6.42555885224493e+22 3.754447135710341e+22 3.740047607875791e+22 "" "" "" "" "" "" ""
2009aa CMFGEN 1.02 2454887.75 "" 8.72227316097653e+22 4.975004540810571e+21 7.76284484472397e+22 6.704450170699309e+22 6.026757365468417e+22 3.5067837960226672e+22 3.4930090528921937e+22 "" "" "" "" "" "" ""
2009aa CMFGEN 1.02 2454888.8 "" 1.2157207535044817e+23 6.639102379191566e+21 1.0629264577817908e+23 9.393613963845426e+22 8.274935387980587e+22 4.81841268227624e+22 4.799397106024735e+22 "" "" "" "" "" "" ""
2009aa CMFGEN 1.02 2454919.72 "" 6.135790579764683e+24 6.918316479444752e+22 5.1562280343424335e+23 4.838769441361852e+24 3.4220882671716215e+24 1.985194165202409e+24 1.980682567612588e+24 "" "" "" "" "" "" ""
2009aa CMFGEN 1.02 2454876.57 "" "" "" 1.198525777733454e+23 "" "" "" "" "" "" "" "" "" "" ""
2009aa CMFGEN 1.02 2454871.78 "" "" 1.196429645304282e+22 9.419887013957971e+22 "" "" "" "" "" "" "" "" "" "" ""
2009aa CMFGEN 1.02 2454870.74 "" 4.4530774969539356e+23 2.303016669728306e+22 1.4071792913811689e+23 2.9879709221694457e+23 3.5433733571498455e+23 2.359717582704579e+23 2.35020579733837e+23 "" "" "" "" "" "" ""
2009aa CMFGEN 1.02 2454871.76 7.898229480996916e+20 3.732424845645826e+23 "" "" 2.4508739604544235e+23 "" "" "" "" "" "" "" "" "" ""
2009aa CMFGEN 1.02 2454873.76 "" 2.7782202549266346e+23 1.4653062978347444e+22 7.619748133696365e+22 "" 2.2071957975978595e+23 1.450399312625059e+23 1.4443727124999631e+23 "" "" "" "" "" "" ""
