results/spec_chisq/bands.ecsv
# %ECSV 0.9
# ---
# datatype:
# - name: obj_id
#   datatype: string
# - name: source
#   datatype: string
# - name: version
#   datatype: string
# - name: time
#   datatype: float64
# - name: csp_dr3_u
#   datatype: float64
# - name: csp_dr3_g
#   datatype: float64
# - name: csp_dr3_r
#   datatype: float64
# - name: csp_dr3_i
#   datatype: float64
# - name: csp_dr3_B
#   datatype: float64
# - name: csp_dr3_V0
#   datatype: float64
# - name: csp_dr3_V1
#   datatype: float64
# - name: csp_dr3_V
#   datatype: float64
# - name: csp_dr3_Y
#   datatype: float64
# - name: csp_dr3_J
#   datatype: float64
# - name: csp_dr3_Jrc2
#   datatype: float64
# - name: csp_dr3_H
#   datatype: float64
# - name: csp_dr3_Ydw
#   datatype: float64
# - name: csp_dr3_Jdw
#   datatype: float64
# - name: csp_dr3_Hdw
#   datatype: float64
# schema: astropy-2.0
obj_id source version time csp_dr3_u csp_dr3_g csp_dr3_r csp_dr3_i csp_dr3_B csp_dr3_V0 csp_dr3_V1 csp_dr3_V csp_dr3_Y csp_dr3_J csp_dr3_Jrc2 csp_dr3_H csp_dr3_Ydw csp_dr3_Jdw csp_dr3_Hdw
[from data line 503]
2006et CMFGEN 1.02 2454004.66 "" 1.777133540003655e+23 3.9407138532594234e+21 8.196458452675205e+22 1.4580309368922744e+23 9.045567022317089e+22 5.065878960317898e+22 5.050677607634274e+22 "" "" "" "" "" "" ""
2006et CMFGEN 1.02 2454070.62 "" 1.29278570520204e+22 1.469657951577792e+20 "" 1.0232001770130516e+22 6.830372660896663e+21 3.879743789022569e+21 3.873972040766255e+21 "" "" "" "" "" "" ""
2006et CMFGEN 1.02 2454013.63 "" "" "" 1.0234969065097863e+23 "" "" "" "" "" "" "" "" "" "" ""
2006et CMFGEN 1.4 2454013.61 "" 7.80725408268115e+23 1.7623097133986482e+22 3.245799617590446e+23 "" 3.7526061934368144e+23 2.218291947369926e+23 2.2093066915852272e+23 "" "" "" "" "" "" ""
2006et CMFGEN 1.4 2454013.6 1.746761491919845e+23 "" "" "" 1.0621308224096331e+24 "" "" "" "" "" "" "" "" "" ""
2006et CMFGEN 1.4 2454019.64 "" 4.867210409931142e+23 5.169618960636494e+21 7.907329254544645e+22 4.007782250050797e+23 2.035067815129577e+23 1.2442565589598602e+23 1.2402854402580993e+23 "" "" "" "" "" "" ""
2006et CMFGEN 1.4 2454003.7 "" 2.808149767040574e+22 1.1038478486225488e+21 1.7330079147820145e+23 2.203244635338482e+22 1.5191428715186506e+22 9.426153684740451e+21 9.386078473574588e+21 "" "" "" "" "" "" ""
2006et CMFGEN 1.4 2454004.66 "" 1.831656972861857e+23 5.874275132800942e+21 1.7435827264645943e+23 1.4845896475191439e+23 9.11279360038832e+22 5.30969566649826e+22 5.288499125818427e+22 "" "" "" "" "" "" ""
2006et CMFGEN 1.4 2454070.62 "" 1.3532090161898656e+22 2.150405781848292e+20 "" 1.063386859107499e+22 6.876214518159769e+21 4.059629229293134e+21 4.051584629564653e+21 "" "" "" "" "" "" ""
2006et CMFGEN 1.4 2454013.63 "" "" "" 2.124088331339735e+23 "" "" "" "" "" "" "" "" "" "" ""
2006et CMFGEN 1.7 2454013.61 "" 8.231411944729878e+23 6.537748045136131e+21 1.7140679325075575e+22 "" 4.3300010924787254e+23 2.4920147945389848e+23 2.4874425701713402e+23 "" "" "" "" "" "" ""
2006et CMFGEN 1.7 2454013.6 2.497445615624464e+23 "" "" "" 1.0843983227216682e+24 "" "" "" "" "" "" "" "" "" ""
2006et CMFGEN 1.7 2454019.64 "" 5.09613464551515e+23 2.033873422244274e+21 4.514952889224191e+21 4.019074455547616e+23 2.386181230471477e+23 1.4403609040991549e+23 1.438349695068308e+23 "" "" "" "" "" "" ""
2006et CMFGEN 1.7 2454003.7 "" 2.92304811347777e+22 4.4778101528912855e+20 7.042059180338183e+21 2.3634242595608664e+22 1.6405113629502614e+22 9.48905837284074e+21 9.468800601141994e+21 "" "" "" "" "" "" ""
2006et CMFGEN 1.7 2454004.66 "" 1.9286775529849803e+23 2.373810727163978e+21 8.341289275784077e+21 1.611048049657141e+23 9.993244557789013e+22 5.448147434946408e+22 5.43750331549434e+22 "" "" "" "" "" "" ""
2006et CMFGEN 1.7 2454070.62 "" 1.398401124745475e+22 9.687635004797077e+19 "" 1.1196514116381373e+22 7.612983524201215e+21 4.2365815037637763e+21 4.232549125289185e+21 "" "" "" "" "" "" ""
2006et CMFGEN 1.7 2454013.63 "" "" "" 1.1421154028675125e+22 "" "" "" "" "" "" "" "" "" "" ""
2006gj CMFGEN 1.04 2454016.87 "" 2.353424604280859e+26 3.560857240592295e+22 "" 2.3395702264317513e+26 2.9703676323760215e+24 1.9253291302937435e+24 1.923038466007058e+24 "" "" "" "" "" "" ""
2006gj CMFGEN 1.04 2454013.77 7.955763187012342e+25 "" "" "" 5.154124243363144e+28 "" "" "" "" "" "" "" "" "" ""
2006gj CMFGEN 1.04 2454019.78 "" 5.258244648495129e+24 2.9321472539484446e+22 5.931315160143624e+22 4.226229585749484e+24 2.8997521960115033e+24 1.7979540679881007e+24 1.7963914324893954e+24 "" "" "" "" "" "" ""
2006gj CMFGEN 1.04 2454025.88 "" 5.128324788703116e+24 3.7778444422308258e+22 "" 3.834945070347701e+24 3.129968120435848e+24 1.9444118414062105e+24 1.942258657217431e+24 "" "" "" "" "" "" ""
2006gj CMFGEN 1.04 2454003.85 "" 2.2221189569245503e+23 6.447160537048758e+21 1.0660806902094884e+22 1.7480454470562644e+23 1.662604675729256e+23 1.0750962042652068e+23 1.0737810463789257e+23 "" "" "" "" "" "" ""
2006gj CMFGEN 1.04 2454005.81 "" 5.1848756154230395e+23 1.5458881713376177e+22 3.4818302174308514e+22 4.08453354370771e+23 3.7520013278839586e+23 2.4050886403777262e+23 2.4016553592481645e+23 "" "" "" "" "" "" ""
2006gj CMFGEN 1.04 2454006.81 "" 5.785863619712454e+23 1.589829263789897e+22 3.873642766123029e+22 4.57117173314154e+23 4.083770472228506e+23 2.6405234741864673e+23 2.6368735983799184e+23 "" "" "" "" "" "" ""
2006gj CMFGEN 1.04 2454013.8 "" 3.459913132883226e+25 1.6831794505294727e+23 1.8743551429692205e+24 "" 1.1536875236460987e+25 6.761080151503308e+24 6.755055374811947e+24 "" "" "" "" "" "" ""
2006gj CMFGEN 1.02 2454016.87 "" 7.710804072038244e+25 5.262394442977193e+22 "" 7.595993446122894e+25 2.879832252079506e+24 1.8496470853830442e+24 1.8457094232681935e+24 "" "" "" "" "" "" ""
2006gj CMFGEN 1.02 2454013.77 2.2858293221736946e+26 "" "" "" 5.24048353155826e+28 "" "" "" "" "" "" "" "" "" ""
2006gj CMFGEN 1.02 2454019.78 "" 5.01630719797235e+24 4.294095185109093e+22 2.7722120374585332e+23 4.809582916347665e+24 2.752446734385372e+24 1.667236161593573e+24 1.664533762515768e+24 "" "" "" "" "" "" ""
2006gj CMFGEN 1.02 2454025.88 "" 4.98291324417857e+24 5.474830949556295e+22 "" 4.317517651192895e+24 2.9908737078945737e+24 1.8226988939444025e+24 1.8189752876431744e+24 "" "" "" "" "" "" ""
2006gj CMFGEN 1.02 2454003.85 "" 2.1667774344268633e+23 8.637554884789425e+21 6.125192599605493e+22 1.6686964124105264e+23 1.6061392757814445e+23 1.031409541012263e+23 1.029141406782541e+23 "" "" "" "" "" "" ""
2006gj CMFGEN 1.02 2454005.81 "" 5.053757680993259e+23 2.1080675432222943e+22 1.9748579906209736e+23 3.916058975010883e+23 3.6179579489304244e+23 2.2975713440117327e+23 2.2916516213343262e+23 "" "" "" "" "" "" ""
2006gj CMFGEN 1.02 2454006.81 "" 5.6286385395116965e+23 2.1863712086919878e+22 2.179387619152132e+23 4.3892542028024394e+23 3.9257806271780264e+23 2.5095273108408675e+23 2.503230205692894e+23 "" "" "" "" "" "" ""
2006gj CMFGEN 1.02 2454013.8 "" 2.796774710371586e+25 2.4412236488337457e+23 5.322464536241605e+24 "" 1.0947159156976932e+25 6.27181120749604e+24 6.261397648391493e+24 "" "" "" "" "" "" ""
2006gj CMFGEN 1.4 2454016.87 "" 1.0253802875392948e+26 7.571058482861356e+22 "" 1.0160023765121811e+26 2.955403620740918e+24 1.9338072822285473e+24 1.928208919164044e+24 "" "" "" "" "" "" ""
2006gj CMFGEN 1.4 2454013.77 3.224648154585453e+26 "" "" "" 5.597509693734941e+28 "" "" "" "" "" "" "" "" "" ""
2006gj CMFGEN 1.4 2454019.78 "" 5.307421476651303e+24 6.138945324750874e+22 5.743618612973072e+23 5.752519790646958e+24 2.744293026813565e+24 1.6688638254344347e+24 1.6650160501805982e+24 "" "" "" "" "" "" ""
2006gj CMFGEN 1.4 2454025.88 "" 5.28476099080062e+24 7.804140040204414e+22 "" 5.435848006615197e+24 3.0131384891590644e+24 1.8551098971776346e+24 1.8498079185392804e+24 "" "" "" "" "" "" ""
2006gj CMFGEN 1.4 2454003.85 "" 2.2457928788403967e+23 1.1673576811179952e+22 1.3217030095647619e+23 1.6888152124851016e+23 1.632327385467152e+23 1.066154970807905e+23 1.0629272887733059e+23 "" "" "" "" "" "" ""
2006gj CMFGEN 1.4 2454005.81 "" 5.244767592628826e+23 2.884062223661703e+22 4.26603703729371e+23 3.987913146125141e+23 3.6706765170626115e+23 2.3675596671786677e+23 2.359136157467848e+23 "" "" "" "" "" "" ""
2006gj CMFGEN 1.4 2454006.81 "" 5.8464004517843586e+23 3.018599330567014e+22 4.696122600028728e+23 4.4913767935933855e+23 3.97286642819134e+23 2.5739994056223973e+23 2.5650376362747407e+23 "" "" "" "" "" "" ""
2006gj CMFGEN 1.4 2454013.8 "" 3.415791938484864e+25 3.521460184652223e+23 1.0819315645145994e+25 "" 1.091625028508846e+25 6.305317952447968e+24 6.290493108533469e+24 "" "" "" "" "" "" ""
2006gj CMFGEN 1.7 2454016.87 "" 9.620589266630424e+25 3.436636004276811e+22 "" 9.485287956056643e+25 3.0900440747714876e+24 1.926028749307627e+24 1.9230349517036372e+24 "" "" "" "" "" "" ""
2006gj CMFGEN 1.7 2454013.77 1.3037614635835932e+26 "" "" "" 4.806704496176162e+28 "" "" "" "" "" "" "" "" "" ""
2006gj CMFGEN 1.7 2454019.78 "" 5.418475992354226e+24 2.85892401645903e+22 3.3118879860537285e+22 4.3665050688734857e+24 3.1166525228656e+24 1.8920307611083302e+24 1.8899933598855145e+24 "" "" "" "" "" "" ""
2006gj CMFGEN 1.7 2454025.88 "" 5.327568985198106e+24 3.715479657599431e+22 "" 3.991617475061416e+24 3.361070941680415e+24 2.0473482842629686e+24 2.044539305760372e+24 "" "" "" "" "" "" ""
2006gj CMFGEN 1.7 2454003.85 "" 2.3279732678257767e+23 6.53109637738008e+21 6.430460251170737e+21 1.8466271508189577e+23 1.7651491259252144e+23 1.1165366065288502e+23 1.1148192675352961e+23 "" "" "" "" "" "" ""
2006gj CMFGEN 1.7 2454005.81 "" 5.4299434884748095e+23 1.542565028596318e+22 2.068538782204556e+22 4.3096293650859304e+23 3.9869759918187394e+23 2.4980430956255094e+23 2.493559981308925e+23 "" "" "" "" "" "" ""
2006gj CMFGEN 1.7 2454006.81 "" 6.052347409109321e+23 1.5740300034047576e+22 2.2906753482356964e+22 4.8132648170081624e+23 4.3419465054486645e+23 2.744701256460452e+23 2.7399366205883268e+23 "" "" "" "" "" "" ""
2006gj CMFGEN 1.7 2454013.8 "" 3.3612266268552756e+25 1.5954900020498686e+23 4.5025304529891775e+23 "" 1.2272193829115984e+25 6.977672826496823e+24 6.969818183448308e+24 "" "" "" "" "" "" ""
2006gt CMFGEN 1.04 2454018.72 "" 1.081124284522279e+26 1.503872555317467e+24 9.310934328391676e+28 9.717562240858226e+25 5.467952268119759e+25 4.721394605312883e+25 4.72043646259509e+25 "" "" "" "" "" "" ""
2006gt CMFGEN 1.04 2454021.69 "" 3.0624828700751433e+25 6.037569321968437e+23 7.539820862317752e+25 2.1837060188008125e+25 2.6053384963122985e+25 2.1200135705788444e+25 2.119606745984484e+25 "" "" "" "" "" "" ""
2006gt CMFGEN 1.04 2454003.75 "" 3.987125124976816e+23 3.7647070058799723e+22 5.987540287813769e+22 2.9751192902790302e+23 3.913541718250057e+23 3.405824919753293e+23 3.4046304338389895e+23 "" "" "" "" "" "" ""
2006gt CMFGEN 1.04 2454005.6 "" 1.704469731442398e+24 1.8077812507480502e+23 6.719138463516928e+23 1.2458359927626053e+24 1.6739551293325462e+24 1.4613181837517234e+24 1.4607946772281236e+24 "" "" "" "" "" "" ""
2006gt CMFGEN 1.04 2454006.59 "" 1.6002788259433954e+24 1.683880792515263e+23 3.479719453895432e+23 1.1699651998756959e+24 1.5665100788956346e+24 1.3596916265476442e+24 1.3592320268083713e+24 "" "" "" "" "" "" ""
2006gt CMFGEN 1.02 2454018.72 "" 8.56919066295036e+25 2.0414100555756286e+24 2.3768358081070295e+29 1.1231031571276007e+26 5.22614514118799e+25 4.467077748620741e+25 4.465558749325141e+25 "" "" "" "" "" "" ""
2006gt CMFGEN 1.02 2454021.69 "" 2.886902582163261e+25 8.27895436006488e+23 1.9996658404959466e+26 2.29861439423562e+25 2.498740428967276e+25 2.005858345262622e+25 2.0052134479567285e+25 "" "" "" "" "" "" ""
2006gt CMFGEN 1.02 2454003.75 "" 3.947413568735582e+23 5.030895950003521e+22 2.9616897064415227e+23 2.9225600949907917e+23 3.907055332517194e+23 3.388656173323945e+23 3.386762998508182e+23 "" "" "" "" "" "" ""
2006gt CMFGEN 1.02 2454005.6 "" 1.6870703319107966e+24 2.4237807086473715e+23 2.6434466887552334e+24 1.2212207768617693e+24 1.6717086329630624e+24 1.4547261990764636e+24 1.4538964280131083e+24 "" "" "" "" "" "" ""
2006gt CMFGEN 1.02 2454006.59 "" 1.579031027504498e+24 2.255486538653907e+23 1.8716620237950597e+24 1.1450651448977693e+24 1.560742026779736e+24 1.3498301353718063e+24 1.3491016043301348e+24 "" "" "" "" "" "" ""
2006gt CMFGEN 1.4 2454018.72 "" 1.0505066824766428e+26 2.7226040239251446e+24 4.410805683126104e+29 1.6002905155102688e+26 5.317929845470751e+25 4.513565314181769e+25 4.511557179661462e+25 "" "" "" "" "" "" ""
2006gt CMFGEN 1.4 2454021.69 "" 3.0883462887134726e+25 1.1015363797883031e+24 3.744852121450737e+26 2.6150959400529757e+25 2.552890191729912e+25 2.0304868307462404e+25 2.029634289121147e+25 "" "" "" "" "" "" ""
2006gt CMFGEN 1.4 2454003.75 "" 4.106951301557263e+23 6.412062010755673e+22 6.113124654093828e+23 2.9794073609614134e+23 4.0574058614070624e+23 3.508105666094276e+23 3.505606478713732e+23 "" "" "" "" "" "" ""
2006gt CMFGEN 1.4 2454005.6 "" 1.7579394182835294e+24 3.097836052738813e+23 5.497191906536079e+24 1.2446387134384784e+24 1.739107051218257e+24 1.5091814936118664e+24 1.5080858329138595e+24 "" "" "" "" "" "" ""
2006gt CMFGEN 1.4 2454006.59 "" 1.645460975749614e+24 2.88506478522907e+23 3.892740492084535e+24 1.1690385102873904e+24 1.622209712728543e+24 1.39868339478456e+24 1.3977212132337403e+24 "" "" "" "" "" "" ""
2006gt CMFGEN 1.7 2454018.72 "" 9.705890602036359e+25 1.5602068783343264e+24 3.114334412116288e+28 8.564246010125088e+25 5.731436444622862e+25 4.973444552377338e+25 4.972464072670048e+25 "" "" "" "" "" "" ""
2006gt CMFGEN 1.7 2454021.69 "" 3.107070355965394e+25 6.335889433800258e+23 2.5265373917459616e+25 2.2300967941661967e+25 2.727369294380856e+25 2.2361930239130766e+25 2.2357764470547126e+25 "" "" "" "" "" "" ""
2006gt CMFGEN 1.7 2454003.75 "" 4.231131414901802e+23 4.019388158657636e+22 3.2478991050372926e+22 3.209389391212449e+23 4.1883628160248436e+23 3.663910159323603e+23 3.662690168285172e+23 "" "" "" "" "" "" ""
2006gt CMFGEN 1.7 2454005.6 "" 1.8041592015381096e+24 1.9314999070765248e+23 2.4982522389246666e+23 1.3414365890525846e+24 1.7873743659873611e+24 1.5683871977603368e+24 1.5678526985131028e+24 "" "" "" "" "" "" ""
2006gt CMFGEN 1.7 2454006.59 "" 1.6893162187033237e+24 1.798830099784455e+23 2.0042168102305296e+23 1.2557711670516784e+24 1.6695501243576608e+24 1.4572414613684468e+24 1.456772030889789e+24 "" "" "" "" "" "" ""
2006hx CMFGEN 1.04 2454018.77 "" 3.376104082401344e+23 2.2318305385365807e+22 7.88554919672092e+21 2.4665506530665867e+23 3.3127092887516254e+23 2.7662177187048203e+23 2.7655710542737407e+23 "" "" "" "" "" "" ""
2006hx CMFGEN 1.04 2454013.65 "" 6.195596212631521e+23 4.063205866675636e+22 7.883223543920506e+21 "" 6.011426171866888e+23 5.0668625161115893e+23 5.0659571413928426e+23 "" "" "" "" "" "" ""
2006hx CMFGEN 1.02 2454018.77 "" 3.282791412086693e+23 2.9078369059048062e+22 4.4737319541456775e+22 2.4059947436635416e+23 3.247390407771083e+23 2.6908391805616184e+23 2.6898147276223604e+23 "" "" "" "" "" "" ""
2006hx CMFGEN 1.02 2454013.65 "" 6.009542799099997e+23 5.223710863026962e+22 4.373013785706065e+22 "" 5.893813560582929e+23 4.932962097486949e+23 4.931527371591813e+23 "" "" "" "" "" "" ""
2006hx CMFGEN 1.4 2454018.77 "" 3.393029820396735e+23 3.6798665825925695e+22 9.410595482012614e+22 2.4588095941751296e+23 3.339743999939918e+23 2.7489397866637187e+23 2.7475811144314044e+23 "" "" "" "" "" "" ""
2006hx CMFGEN 1.4 2454013.65 "" 6.246972349253603e+23 6.537775479433272e+22 9.214851637256804e+22 "" 6.071742586360014e+23 5.0512209990643654e+23 5.049318567355968e+23 "" "" "" "" "" "" ""
2006hx CMFGEN 1.7 2454018.77 "" 3.554652632023518e+23 2.3568531432087744e+22 5.445920575288622e+21 2.623674052594783e+23 3.5225481533717625e+23 2.9677231109399973e+23 2.9670573735120486e+23 "" "" "" "" "" "" ""
2006hx CMFGEN 1.7 2454013.65 "" 6.485899605557402e+23 4.308986174630281e+22 5.277755868327669e+21 "" 6.369484637393283e+23 5.417889799997225e+23 5.416956630665717e+23 "" "" "" "" "" "" ""
2006kf CMFGEN 1.04 2454055.76 "" 1.6011087686460144e+23 2.1100600819706652e+21 1.217101944844313e+22 1.213351185529747e+23 7.79387284864699e+22 5.12193701968257e+22 5.109691225759393e+22 "" "" "" "" "" "" ""
2006kf CMFGEN 1.04 2454057.86 "" 1.7873673736622407e+23 1.6372136575562343e+21 "" 1.3493272681530808e+23 8.219080027200755e+22 5.591541156855178e+22 5.581313112241042e+22 "" "" "" "" "" "" ""
2006kf CMFGEN 1.04 2454035.81 "" 1.399799068936214e+23 3.7291716656923846e+21 9.862712442926146e+21 9.970000391053509e+22 9.826419136044093e+22 6.01442010897915e+22 5.9745391579727084e+22 "" "" "" "" "" "" ""
2006kf CMFGEN 1.04 2454042.74 "" "" "" 4.6896208881361276e+21 "" "" "" "" "" "" "" "" "" "" ""
2006kf CMFGEN 1.04 2454042.73 "" 4.362288777814316e+22 1.3998532681584833e+21 6.98329770437429e+21 "" 2.938462740915943e+22 1.8532568506192215e+22 1.8426060821248107e+22 "" "" "" "" "" "" ""
2006kf CMFGEN 1.04 2454070.78 "" 1.489745565585877e+26 3.480971170802289e+22 "" 5.344914134873192e+25 9.743410691399446e+25 9.596165655352398e+25 9.59586437075241e+25 "" "" "" "" "" "" ""
