results/spec_chisq/bands.ecsv
# %ECSV 0.9
# ---
# datatype:
# - {name: obj_id, datatype: string}
# - {name: source, datatype: string}
# - {name: version, datatype: string}
# - {name: time, datatype: float64}
# - {name: csp_dr3_u, datatype: float64}
# - {name: csp_dr3_g, datatype: float64}
# - {name: csp_dr3_r, datatype: float64}
# - {name: csp_dr3_i, datatype: float64}
# - {name: csp_dr3_B, datatype: float64}
# - {name: csp_dr3_V, datatype: float64}
# - {name: csp_dr3_Y, datatype: float64}
# - {name: csp_dr3_J, datatype: float64}
# - {name: csp_dr3_H, datatype: float64}
# schema: astropy-2.0
obj_id source version time csp_dr3_u csp_dr3_g csp_dr3_r csp_dr3_i csp_dr3_B csp_dr3_V csp_dr3_Y csp_dr3_J csp_dr3_H
[from data line 116]
2005M CMFGEN 1.7 2453453.57 "" 8.377588845047232e+29 2.9454467120619563e+27 "" 9.417949074810262e+29 2.920967560248555e+27 "" "" ""
2005M CMFGEN 1.7 2453462.58 "" 1.1424645020885467e+27 2.1192331658767677e+26 8.024135224893933e+25 1.254729906580147e+27 2.179781259189542e+26 "" "" ""
2005M CMFGEN 1.7 2453472.54 "" 1.0274553733505414e+27 2.224474462998056e+26 1.6774595271565795e+27 1.3238319351357938e+27 2.141381456778918e+26 "" "" ""
2005M CMFGEN 1.7 2453475.54 "" 1.3308523302370188e+27 2.8071500906694206e+26 8.275169779177774e+28 8.102132756851521e+27 2.7747959105051523e+26 "" "" ""
2005W CMFGEN 1.04 2453404.51 "" "" "" "" "" "" "" "" ""
2005W CMFGEN 1.02 2453404.51 "" "" "" "" "" "" "" "" ""
2005W CMFGEN 1.4 2453404.51 "" "" "" "" "" "" "" "" ""
2005W CMFGEN 1.7 2453404.51 "" "" "" "" "" "" "" "" ""
2005ag CMFGEN 1.04 2453413.89 "" 631111.1111111111 580000.0000000001 591111.1111111112 481111.1111111112 465555.5555555556 "" "" ""
2005ag CMFGEN 1.04 2453444.84 "" 1.2817488682811283e+30 1.0474128016382186e+29 3.553733864455625e+29 1.8356704578385306e+30 3.1418535591179618e+29 "" "" ""
2005ag CMFGEN 1.04 2453448.79 "" 1.388973035177039e+30 9.277525653473846e+28 1.927639465537126e+30 6.206583724754529e+31 1.832194361854031e+29 "" "" ""
2005ag CMFGEN 1.04 2453463.79 "" 2.591175365412383e+32 1.1777518201151458e+31 9.405571466178975e+30 2.334395623621898e+32 1.4021358501560539e+32 "" "" ""
2005ag CMFGEN 1.02 2453413.89 "" 631111.1111111111 580000.0000000001 591111.1111111112 481111.1111111112 465555.5555555556 "" "" ""
2005ag CMFGEN 1.02 2453444.84 "" 1.7375826352980583e+30 2.1292160097117276e+29 1.4546617900382055e+30 2.0339609276010124e+30 5.1163136393243e+29 "" "" ""
2005ag CMFGEN 1.02 2453448.79 "" 1.6190888789758452e+30 2.3180068777764634e+29 6.224740931402934e+30 4.126182101588645e+31 3.524683128830394e+29 "" "" ""
2005ag CMFGEN 1.02 2453463.79 "" 2.200174245919984e+32 3.0017169566273555e+31 4.668581393960054e+31 1.9544357702436646e+32 1.260232019612689e+32 "" "" ""
2005ag CMFGEN 1.4 2453413.89 "" 631111.1111111111 580000.0000000001 591111.1111111112 481111.1111111112 465555.5555555556 "" "" ""
2005ag CMFGEN 1.4 2453444.84 "" 1.8754079349945758e+30 2.96504009899708e+29 2.740051139258462e+30 2.089183932553525e+30 5.6908728393702414e+29 "" "" ""
2005ag CMFGEN 1.4 2453448.79 "" 1.732817999428208e+30 3.713415626569844e+29 1.1350973061885114e+31 3.897156000721348e+31 4.310303027472577e+29 "" "" ""
2005ag CMFGEN 1.4 2453463.79 "" 1.9769222383149162e+32 6.463120714802264e+31 9.913451122955412e+31 1.7702724934087245e+32 1.1613411822732741e+32 "" "" ""
2005ag CMFGEN 1.7 2453413.89 "" 631111.1111111111 580000.0000000001 591111.1111111112 481111.1111111112 465555.5555555556 "" "" ""
2005ag CMFGEN 1.7 2453444.84 "" 1.4541033051693512e+30 1.3783210403328885e+29 4.090238444724026e+29 1.9638991796987882e+30 3.775090804690468e+29 "" "" ""
2005ag CMFGEN 1.7 2453448.79 "" 1.5190405993290466e+30 1.2600014733000875e+29 1.9608084730046188e+30 5.447447885444402e+31 2.3102946846266398e+29 "" "" ""
2005ag CMFGEN 1.7 2453463.79 "" 4.05015964134104e+32 1.1414381507151233e+31 3.79398356240901e+30 3.676863195672782e+32 2.2656126365755674e+32 "" "" ""
2005al CMFGEN 1.04 2453444.81 "" 2.399370421379969e+26 1.0523682474689552e+26 7.673375758927303e+25 2.266062631749062e+26 1.0352017189830052e+26 "" "" ""
2005al CMFGEN 1.04 2453448.76 "" 3.379298905034068e+26 7.673466154249733e+25 4.019546388082594e+25 3.2585094172441925e+26 9.68586399283131e+25 "" "" ""
2005al CMFGEN 1.04 2453453.77 "" 8.590580802125984e+28 2.158941345147274e+26 "" 9.416590483979576e+29 4.1544680198477876e+26 "" "" ""
2005al CMFGEN 1.04 2453467.87 "" 6.417159150772826e+26 8.682876667574446e+25 5.096245434440036e+25 6.0701746896101645e+26 1.2744784780780277e+26 "" "" ""
2005al CMFGEN 1.04 2453472.87 "" 4.639232279600773e+26 8.818801778681607e+25 4.3313359387194295e+26 4.5821349376623276e+26 1.0269331153287782e+26 "" "" ""
2005al CMFGEN 1.04 2453475.82 "" 3.344386886771528e+26 6.776365218521494e+25 5.1140387130756505e+25 3.1290831728578504e+26 7.477796743315073e+25 "" "" ""
2005al CMFGEN 1.04 2453479.77 "" 2.880534722523616e+26 7.051760974400357e+25 5.48120360174035e+25 2.670826142734221e+26 6.978464662310503e+25 "" "" ""
2005al CMFGEN 1.02 2453444.81 "" 1.6369687204911214e+26 9.95198557201598e+25 1.2894494018643671e+26 1.523392318546816e+26 7.427365925310059e+25 "" "" ""
2005al CMFGEN 1.02 2453448.76 "" 3.0048683037508407e+26 8.503553835596388e+25 6.846998274490753e+25 2.8479981812173474e+26 9.114370048085684e+25 "" "" ""
2005al CMFGEN 1.02 2453453.77 "" 8.652247123280738e+28 3.296209159922158e+26 "" 1.1087421909249493e+30 5.852906420347781e+26 "" "" ""
2005al CMFGEN 1.02 2453467.87 "" 7.442613727817652e+26 1.60116121895835e+26 1.1728535303994295e+26 6.313780791670931e+26 2.5330759080333337e+26 "" "" ""
2005al CMFGEN 1.02 2453472.87 "" 4.8352257526898705e+26 2.002949768663804e+26 1.3522186073856867e+27 4.26721675809895e+26 2.0154563971978724e+26 "" "" ""
2005al CMFGEN 1.02 2453475.82 "" 3.3917658916991283e+26 1.5144978678374612e+26 1.605956522934566e+26 2.80243549487361e+26 1.413886633682784e+26 "" "" ""
2005al CMFGEN 1.02 2453479.77 "" 2.8855598198067133e+26 1.5407002816104071e+26 1.815909237822809e+26 2.3785771471544415e+26 1.2561091095830375e+26 "" "" ""
2005al CMFGEN 1.4 2453444.81 "" 1.301571845188109e+26 9.184514417941052e+25 1.4281597912800525e+26 1.2081559168346659e+26 5.918341671319785e+25 "" "" ""
2005al CMFGEN 1.4 2453448.76 "" 2.6091707566539475e+26 8.529571761497258e+25 8.632193413636799e+25 2.48604254813482e+26 8.00109640412611e+25 "" "" ""
2005al CMFGEN 1.4 2453453.77 "" 8.296024885825629e+28 3.816616417173597e+26 "" 1.1956044801207776e+30 6.0085982826172175e+26 "" "" ""
2005al CMFGEN 1.4 2453467.87 "" 7.552197902617022e+26 2.5846847255532977e+26 2.022544098571678e+26 6.258598412222638e+26 3.153716296579643e+26 "" "" ""
2005al CMFGEN 1.4 2453472.87 "" 4.7223147761547804e+26 3.4413558078951676e+26 2.7040379292508574e+27 4.0233688957457566e+26 2.5643093135208132e+26 "" "" ""
2005al CMFGEN 1.4 2453475.82 "" 3.15772585033145e+26 2.697594034875525e+26 3.32428796514206e+26 2.4880603403694172e+26 1.808821297912348e+26 "" "" ""
2005al CMFGEN 1.4 2453479.77 "" 2.6070483674396972e+26 2.7423499742823573e+26 3.9370134670534523e+26 2.0283503373305204e+26 1.6012092925002194e+26 "" "" ""
2005al CMFGEN 1.7 2453444.81 "" 2.091968339503033e+26 1.0332610298699105e+26 8.805527871740741e+25 1.9549841113887525e+26 9.64276984000916e+25 "" "" ""
2005al CMFGEN 1.7 2453448.76 "" 3.421859495869802e+26 8.227608800106909e+25 3.976081215786658e+25 3.2656010225200886e+26 1.0429031670615996e+26 "" "" ""
2005al CMFGEN 1.7 2453453.77 "" 8.700497473804632e+28 2.6302254794233775e+26 "" 1.154624929323007e+30 5.277988081280954e+26 "" "" ""
2005al CMFGEN 1.7 2453467.87 "" 7.452583030932827e+26 9.745019387103481e+25 2.217606341618826e+25 6.995708837541049e+26 1.757713752425263e+26 "" "" ""
2005al CMFGEN 1.7 2453472.87 "" 6.063928201538951e+26 9.583463485915717e+25 1.4814248552712344e+26 6.210151308965363e+26 1.4695479899310731e+26 "" "" ""
2005al CMFGEN 1.7 2453475.82 "" 4.6474111535990435e+26 7.350111809284563e+25 2.0008153115766254e+25 4.3961565801951456e+26 1.0694942692391435e+26 "" "" ""
2005al CMFGEN 1.7 2453479.77 "" 4.088267378712938e+26 7.367386483443921e+25 2.2475630556929093e+25 3.848811435329303e+26 9.760072080317659e+25 "" "" ""
2005am CMFGEN 1.04 2453444.59 "" 3.6796145946470624e+24 2.0963945266245033e+24 3.937267407800687e+24 3.5270993621210615e+24 1.4520394040951223e+24 "" "" ""
2005am CMFGEN 1.04 2453448.56 "" 7.420074656143152e+24 2.1288775644144051e+24 1.5881831805126307e+24 7.286837113919988e+24 2.3623564610307914e+24 "" "" ""
2005am CMFGEN 1.04 2453453.53 "" 5.1919986526830534e+29 1.7936147195486438e+25 "" 5.19481604415435e+29 3.3586862864629294e+25 "" "" ""
2005am CMFGEN 1.04 2453462.5 "" 1.2452273887473607e+26 8.459588922021225e+24 2.551086504416923e+24 1.222762588000976e+26 2.2323821556626565e+25 "" "" ""
2005am CMFGEN 1.04 2453467.54 "" 9.619160389978307e+25 7.225021870828775e+24 2.596711381538478e+24 9.335329629644333e+25 1.7150844968259826e+25 "" "" ""
2005am CMFGEN 1.04 2453472.51 "" 7.002781901995579e+27 9.80627091165986e+26 1.71808596691851e+29 1.2092112341111838e+28 1.4734557253905847e+27 "" "" ""
2005am CMFGEN 1.04 2453475.5 "" 4.065486217269835e+26 6.343656470859126e+25 2.0146895737855457e+27 3.9390021771817265e+26 9.040571350622865e+25 "" "" ""
2005am CMFGEN 1.02 2453444.59 "" 1.745820918087027e+24 1.3072225066574104e+24 3.1813116165382356e+24 1.6768510121356204e+24 7.01983460724593e+23 "" "" ""
2005am CMFGEN 1.02 2453448.56 "" 4.465916108506119e+24 1.833289536693283e+24 2.2443911349481377e+24 4.3104253930126446e+24 1.468811994739848e+24 "" "" ""
2005am CMFGEN 1.02 2453453.53 "" 2.408232870932049e+29 1.8356127525377236e+25 "" 2.4102585616919773e+29 2.821663614909871e+25 "" "" ""
2005am CMFGEN 1.02 2453462.5 "" 1.793273727500519e+26 1.3674327448170302e+25 5.513299110064708e+24 1.7151740065270043e+26 3.60936949883826e+25 "" "" ""
2005am CMFGEN 1.02 2453467.54 "" 1.3014507412679277e+26 1.1862701435894969e+25 5.023742020601023e+24 1.2018658455178137e+26 3.1825573068405753e+25 "" "" ""
2005am CMFGEN 1.02 2453472.51 "" 8.139855814789002e+27 1.7188438174268572e+27 2.8706120807145744e+29 1.9981310138178066e+28 2.753384025668553e+27 "" "" ""
2005am CMFGEN 1.02 2453475.5 "" 4.5784315462241074e+26 1.25507729091515e+26 2.219770175647002e+27 3.9338090373843934e+26 1.753806182347026e+26 "" "" ""
2005am CMFGEN 1.4 2453444.59 "" 1.221889767407507e+24 8.890703227816865e+23 2.1582364022430448e+24 1.2059735137745004e+24 4.631176260129066e+23 "" "" ""
2005am CMFGEN 1.4 2453448.56 "" 3.355035767443729e+24 1.544434261123046e+24 2.1257562849477244e+24 3.2028264833009525e+24 1.094331374739576e+24 "" "" ""
2005am CMFGEN 1.4 2453453.53 "" 1.767896678345391e+29 1.7812830103408976e+25 "" 1.76967078647623e+29 2.3701347981207076e+25 "" "" ""
2005am CMFGEN 1.4 2453462.5 "" 1.8721519158368655e+26 1.7467313998379143e+25 8.163377022885903e+24 1.800433759770163e+26 3.986200387188562e+25 "" "" ""
2005am CMFGEN 1.4 2453467.54 "" 1.420991259321481e+26 1.8501503947170695e+25 9.130891739462895e+24 1.3081071440360978e+26 3.945681443078608e+25 "" "" ""
2005am CMFGEN 1.4 2453472.51 "" 8.383005621865408e+27 2.8178104102595577e+27 5.159731636939224e+29 2.3378928198509627e+28 3.392478993294116e+27 "" "" ""
2005am CMFGEN 1.4 2453475.5 "" 4.591536167208842e+26 2.0423444639090638e+26 3.417089674402764e+27 3.870751914745738e+26 2.153166660488442e+26 "" "" ""
2005am CMFGEN 1.7 2453444.59 "" 2.4047230920574828e+24 1.7204844090244196e+24 3.8546211364588146e+24 2.3117251447952775e+24 1.0105686821324629e+24 "" "" ""
2005am CMFGEN 1.7 2453448.56 "" 5.995662341355518e+24 2.05007340563508e+24 1.8762411084237167e+24 5.812927433686714e+24 2.029375088038336e+24 "" "" ""
2005am CMFGEN 1.7 2453453.53 "" 3.697958453117574e+29 1.8457745416851213e+25 "" 3.700457093254388e+29 3.3884735751012187e+25 "" "" ""
2005am CMFGEN 1.7 2453462.5 "" 1.4977322153965402e+26 1.0070944441288292e+25 2.487450507071012e+24 1.4611392268336023e+26 2.917376059438146e+25 "" "" ""
2005am CMFGEN 1.7 2453467.54 "" 1.0707570041597442e+26 8.738777251896186e+24 1.9741513528981313e+24 1.0285233805681743e+26 2.2705415406096153e+25 "" "" ""
2005am CMFGEN 1.7 2453472.51 "" 7.730385540943299e+27 1.0509439648127317e+27 5.63585031390257e+28 2.0446721308701667e+28 1.9765851722738583e+27 "" "" ""
2005am CMFGEN 1.7 2453475.5 "" 4.878566917558904e+26 6.731421096890198e+25 5.323127590861713e+26 4.683137278119995e+26 1.258152633849046e+26 "" "" ""
2005bl CMFGEN 1.04 2453475.63 "" 597777.7777777779 550000.0000000001 561111.1111111112 456666.66666666674 442222.22222222225 "" "" ""
2005bl CMFGEN 1.04 2453479.63 "" 597777.7777777779 550000.0000000001 561111.1111111112 456666.66666666674 442222.2222222223 "" "" ""
2005bl CMFGEN 1.02 2453475.63 "" 597777.7777777779 550000.0000000001 561111.1111111112 456666.66666666674 442222.22222222225 "" "" ""
2005bl CMFGEN 1.02 2453479.63 "" 597777.7777777779 550000.0000000001 561111.1111111112 456666.66666666674 442222.2222222223 "" "" ""
2005bl CMFGEN 1.4 2453475.63 "" 597777.7777777779 550000.0000000001 561111.1111111112 456666.66666666674 442222.22222222225 "" "" ""
2005bl CMFGEN 1.4 2453479.63 "" 597777.7777777779 550000.0000000001 561111.1111111112 456666.66666666674 442222.2222222223 "" "" ""
2005bl CMFGEN 1.7 2453475.63 "" 597777.7777777779 550000.0000000001 561111.1111111112 456666.66666666674 442222.22222222225 "" "" ""
2005bl CMFGEN 1.7 2453479.63 "" 597777.7777777779 550000.0000000001 561111.1111111112 456666.66666666674 442222.2222222223 "" "" ""
2005el CMFGEN 1.04 2453639.82 "" 593333.3333333335 545555.5555555557 555555.5555555557 453333.3333333334 437777.77777777787 "" "" ""
2005el CMFGEN 1.04 2453640.84 "" 593333.3333333335 545555.5555555557 555555.5555555557 453333.3333333334 437777.77777777787 "" "" ""
2005el CMFGEN 1.04 2453648.88 "" 7.494105278307109e+21 1.4293313385264537e+22 2.3389494108236617e+22 3.3279425799908963e+21 8.010429969910441e+21 "" "" ""
2005el CMFGEN 1.04 2453661.84 "" "" 1.36857795033123e+26 8.812233714609481e+25 "" 1.3517908275289183e+26 "" "" ""
2005el CMFGEN 1.04 2453661.85 "" "" "" 5.000859385039589e+26 "" "" "" "" ""
2005el CMFGEN 1.04 2453661.86 1.0992455070983405e+27 "" "" "" 6.443913997757507e+26 "" "" "" ""
2005el CMFGEN 1.02 2453639.82 "" 593333.3333333335 545555.5555555557 555555.5555555557 453333.3333333334 437777.77777777787 "" "" ""
2005el CMFGEN 1.02 2453640.84 "" 593333.3333333335 545555.5555555557 555555.5555555557 453333.3333333334 437777.77777777787 "" "" ""
2005el CMFGEN 1.02 2453648.88 "" 5.968621427491458e+20 2.948635055231713e+21 5.405401396951544e+21 1.4614658902465621e+20 1.1505486503513354e+21 "" "" ""
2005el CMFGEN 1.02 2453661.84 "" "" 1.3032196210214256e+26 1.499327782963827e+26 "" 9.868998511488322e+25 "" "" ""
2005el CMFGEN 1.02 2453661.85 "" "" "" 8.744345650420965e+26 "" "" "" "" ""
2005el CMFGEN 1.02 2453661.86 8.96598356153004e+26 "" "" "" 4.425924733568022e+26 "" "" "" ""
2005el CMFGEN 1.4 2453639.82 "" 593333.3333333335 545555.5555555557 555555.5555555557 453333.3333333334 437777.77777777787 "" "" ""
2005el CMFGEN 1.4 2453640.84 "" 593333.3333333335 545555.5555555557 555555.5555555557 453333.3333333334 437777.77777777787 "" "" ""
2005el CMFGEN 1.4 2453648.88 "" 1.2664437079181122e+20 1.3480221291806778e+21 2.5872513944900317e+21 1.4710608751889275e+19 3.892103213494453e+20 "" "" ""
2005el CMFGEN 1.4 2453661.84 "" "" 1.2125215061977349e+26 1.6867266792362186e+26 "" 7.975477783892639e+25 "" "" ""
2005el CMFGEN 1.4 2453661.85 "" "" "" 9.83854848377181e+26 "" "" "" "" ""
2005el CMFGEN 1.4 2453661.86 7.642602166697392e+26 "" "" "" 3.534606781087142e+26 "" "" "" ""
2005el CMFGEN 1.7 2453639.82 "" 593333.3333333335 545555.5555555557 555555.5555555557 453333.3333333334 437777.77777777787 "" "" ""
2005el CMFGEN 1.7 2453640.84 "" 593333.3333333335 545555.5555555557 555555.5555555557 453333.3333333334 437777.77777777787 "" "" ""
2005el CMFGEN 1.7 2453648.88 "" 5.652662783753804e+21 1.1088827019674589e+22 1.8610446012516806e+22 2.4162398979651944e+21 6.28222453672407e+21 "" "" ""
2005el CMFGEN 1.7 2453661.84 "" "" 1.3501972920099609e+26 1.0026444888685534e+26 "" 1.2619185743674525e+26 "" "" ""
2005el CMFGEN 1.7 2453661.85 "" "" "" 5.850652022130823e+26 "" "" "" "" ""
2005el CMFGEN 1.7 2453661.86 9.561494165008266e+26 "" "" "" 5.644696796548243e+26 "" "" "" ""
2005eq CMFGEN 1.04 2453648.81 "" 601111.1111111112 552222.2222222224 563333.3333333335 458888.88888888893 444444.4444444445 "" "" ""
2005eq CMFGEN 1.04 2453661.73 "" 8.577713955338469e+25 6.842522377867986e+25 1.514807157144029e+26 "" 4.195989362448872e+25 "" "" ""
2005eq CMFGEN 1.04 2453661.74 "" "" "" 3.9213974043102904e+26 "" "" "" "" ""
2005eq CMFGEN 1.04 2453661.76 1.6577023970724542e+26 "" "" "" 1.188376050954883e+26 "" "" "" ""
