results/spec_chisq/features.ecsv
# %ECSV 0.9
# ---
# datatype:
# - name: obj_id
#   datatype: string
# - name: source
#   datatype: string
# - name: version
#   datatype: string
# - name: time
#   datatype: float64
# - name: pW1
#   datatype: float64
# - name: pW2
#   datatype: float64
# - name: pW3
#   datatype: float64
# - name: pW4
#   datatype: float64
# - name: pW5
#   datatype: float64
# - name: pW6
#   datatype: float64
# - name: pW7
#   datatype: float64
# - name: pW8
#   datatype: float64
# schema: astropy-2.0
obj_id source version time pW1 pW2 pW3 pW4 pW5 pW6 pW7 pW8
[from data line 1531]
2009Y CMFGEN 1.4 2454952.83 "" 3.222736974768758e+20 2.7414514287000597e+22 3.888526553394115e+23 2.187320565306662e+22 6.093081979057288e+20 5.236821041840596e+21 6.138047491346101e+23
2009Y CMFGEN 1.4 2454905.91 "" "" "" 2.6202979188109967e+23 2.54616475286675e+21 2.8952022418514383e+19 5.3202869378048924e+20 8.456126108251076e+21
2009Y CMFGEN 1.4 2454888.89 "" 1.41559412637806e+19 6.0704535708555e+19 2.821480342935076e+21 8.251147260592143e+19 2.7016089176100716e+18 2.6261648293169103e+19 6.965945107944761e+20
2009Y CMFGEN 1.4 2454919.84 "" 7.2282633121133625e+19 2.9361703922536153e+21 6.537571035669558e+22 1.1805315454968201e+21 1.3717491279534782e+19 2.352912577579113e+20 4.085547878761377e+21
2009Y CMFGEN 1.4 2454871.82 9.225578454217632e+17 4.1917706718102515e+17 2.2169866215358657e+19 1.817942962561079e+21 4.4612562531123934e+20 "" "" ""
2009Y CMFGEN 1.4 2454871.83 "" 9.630110960350554e+17 5.768173046312372e+19 4.321112142627436e+21 1.0401772794548996e+21 6.414912515794301e+18 1.2002774863072245e+20 8.612454530535368e+20
2009Y CMFGEN 1.4 2454871.84 "" "" "" "" "" 1.4964663231235684e+18 3.234954940825068e+19 2.986751306275001e+20
2009Y CMFGEN 1.4 2454871.85 "" 2.2423492861003668e+18 8.424204723104306e+19 6.796158735095478e+21 1.6774229985910202e+21 8.893287667881984e+18 "" ""
2009Y CMFGEN 1.4 2454870.83 "" 4.5543120832017376e+17 3.231758419859726e+19 2.4519836825864e+21 5.986178375801054e+20 4.0173161324326134e+18 6.9747387849587294e+19 5.7181743056039025e+20
2009Y CMFGEN 1.4 2454873.87 "" "" "" 5.262239829154684e+22 1.3935769971912543e+22 8.600979934671821e+19 1.97699371242914e+21 8.756194949913049e+21
2009Y CMFGEN 1.4 2454939.83 4.247584235257704e+21 1.2202302990293136e+20 9.276543388751367e+21 1.572129447835058e+23 5.466731426600508e+21 7.110538171459889e+19 1.1283759433686955e+21 1.5264511995483697e+24
2009Y CMFGEN 1.4 2454878.89 "" "" "" 1.8439653583212288e+21 2.315332143853597e+20 6.835641003305279e+17 3.3273377963370103e+19 2.6425252345853998e+20
2009Y CMFGEN 1.4 2454943.82 3.7781547558506746e+21 1.2398241848853273e+20 7.515333759345405e+21 1.2257948955321339e+23 4.601068060091196e+21 9.529388651182067e+19 1.0364411736563248e+21 9.045371629083097e+24
2009Y CMFGEN 1.7 2454885.84 "" 7.319328026036321e+18 1.003226946682036e+19 1.891966776590346e+21 4.594363550118917e+19 1.6442714723990512e+17 8.72805398653942e+18 1.5709313631858168e+19
2009Y CMFGEN 1.7 2454886.88 "" 8.888550793003272e+18 1.215733966488745e+19 2.1131772780383366e+21 4.478241569336002e+19 1.695520635264423e+17 9.190615107506991e+18 2.0759828652915462e+19
2009Y CMFGEN 1.7 2454887.88 "" 1.22354181716627e+19 1.5930797678702764e+19 2.4599818376059326e+21 4.740856513627522e+19 3.2187863146656845e+17 9.713334524990808e+18 2.7331627136086553e+19
2009Y CMFGEN 1.7 2454952.83 "" 6.685545091543872e+20 1.406071898761381e+22 4.5684177171892655e+23 1.5474932084074577e+22 1.1787416427551674e+20 1.5008708706936787e+21 1.2540903892455042e+22
2009Y CMFGEN 1.7 2454905.91 "" "" "" 2.9745505181032977e+23 1.879429593803655e+21 5.421668132203152e+18 2.0634255952986194e+20 2.3677528500133115e+20
2009Y CMFGEN 1.7 2454888.89 "" 1.8797601077564486e+19 2.3700014070605087e+19 3.2115884184463013e+21 5.442213116795219e+19 4.0649607424778176e+17 1.1537174465860078e+19 2.5777804541123965e+19
2009Y CMFGEN 1.7 2454919.84 "" 1.499667112561492e+20 1.308444349064099e+21 7.579288199537433e+22 8.597642781626584e+20 2.0671534980105603e+18 7.978623407614263e+19 1.1791983445674141e+20
2009Y CMFGEN 1.7 2454871.82 1.774339705029756e+18 7.49679135275705e+17 5.308372812095973e+18 2.0459758688047784e+21 2.8873680574635835e+20 "" "" ""
2009Y CMFGEN 1.7 2454871.83 "" 1.689188303339948e+18 1.3952108488589111e+19 4.819159208652132e+21 6.750663335721744e+20 5.6597235823243034e+17 5.523014235141373e+19 4.302370618325685e+19
2009Y CMFGEN 1.7 2454871.84 "" "" "" "" "" 1.478833884448113e+17 1.4936481071536988e+19 1.5018050515497097e+19
2009Y CMFGEN 1.7 2454871.85 "" 3.9847337797937787e+18 1.9257712701934248e+19 7.638578971621453e+21 1.0891388505495676e+21 8.576820701051625e+17 "" ""
2009Y CMFGEN 1.7 2454870.83 "" 8.15501014739612e+17 8.120867452938893e+18 2.757631311763123e+21 3.8912653659148694e+20 3.779804205715222e+17 3.247258481554318e+19 2.859236966293079e+19
2009Y CMFGEN 1.7 2454873.87 "" "" "" 5.905979039879576e+22 8.983985473339047e+21 7.128060790429773e+18 9.092711034757669e+20 4.1912604626747707e+20
2009Y CMFGEN 1.7 2454939.83 2.667295626965267e+20 2.5858898785337167e+20 4.6453144292568953e+21 1.8613461954016226e+23 3.9264443465373655e+21 1.2913531146514397e+19 3.406283628924596e+20 1.7831385583291841e+22
2009Y CMFGEN 1.7 2454878.89 "" "" "" 2.0507746243544812e+21 1.4856871055022663e+20 7.350048736230538e+16 1.4784275870581135e+19 1.2799962776394553e+19
2009Y CMFGEN 1.7 2454943.82 1.951538030758976e+20 2.7279029719631164e+20 3.8204308041091357e+21 1.4533115049580978e+23 3.298984988958928e+21 1.5755183628246702e+19 3.0938521765270834e+20 2.5571689262419987e+23
2009aa CMFGEN 1.04 2454885.72 "" 9.765618761414784e+19 5.294136129094248e+20 5.606048508538324e+22 7.213340234891817e+21 4.305424499127879e+19 7.068165349430438e+20 3.9062823280620334e+21
2009aa CMFGEN 1.04 2454886.78 "" 1.5817430488702442e+20 8.800545051653914e+20 8.301599588992883e+22 9.108513747103624e+21 6.2492524288417776e+19 9.295782654047019e+20 6.381766414489612e+21
2009aa CMFGEN 1.04 2454887.75 "" 1.7475141420360607e+20 1.0017409797261453e+21 8.030819899201219e+22 7.891543102837462e+21 1.1262138185744941e+20 8.532519528096344e+20 4.881769957456493e+21
2009aa CMFGEN 1.04 2454888.8 "" 2.3220708710257905e+20 1.626657011486533e+21 1.1310526388139873e+23 9.760890932414227e+21 2.2144307905042212e+20 1.1174474407130306e+21 7.097386938391784e+21
2009aa CMFGEN 1.04 2454919.72 "" 1.0806663592673622e+21 1.5881885210366405e+23 6.131539751717336e+24 2.0024115791762044e+23 2.2509907637659094e+21 1.4047938871683786e+22 9.105488565802378e+22
2009aa CMFGEN 1.04 2454876.57 "" "" "" "" "" "" "" 4.555341757231668e+21
2009aa CMFGEN 1.04 2454871.78 "" "" "" "" 4.238554863989212e+22 1.8428098318002625e+20 2.033693869247276e+21 5.450634852868769e+21
2009aa CMFGEN 1.04 2454870.74 "" 6.76102984767211e+20 2.8155355110676014e+21 3.6474788446361793e+23 8.647445204674618e+22 3.4444413236896596e+20 3.6675171467960066e+21 7.20002980149603e+21
2009aa CMFGEN 1.04 2454871.76 8.09394837828009e+19 4.5544745647309953e+20 2.10784602907801e+21 2.7643105953762838e+23 8.675936997248481e+22 "" "" ""
2009aa CMFGEN 1.04 2454873.76 "" "" "" 2.296513074742648e+23 5.248288610429547e+22 8.851385564417186e+19 2.570159209560116e+21 3.0298350671852476e+21
2009aa CMFGEN 1.04 2454906.75 "" "" "" 4.1489402586101616e+24 1.19908042011472e+23 1.4262978694143727e+21 8.793930710825514e+21 5.635456793265282e+22
2009aa CMFGEN 1.04 2454876.84 "" "" "" 2.426398116870268e+23 5.033554337473471e+22 4.59386547997292e+19 "" ""
2009aa CMFGEN 1.04 2454878.84 "" "" "" 1.1283859866119245e+23 2.2770004648024982e+22 2.5056642823352998e+20 1.5092127067618468e+21 3.393843335322357e+21
2009aa CMFGEN 1.02 2454885.72 "" 3.410644686673704e+19 5.558037285831646e+20 5.336851959042682e+22 8.786965640598388e+21 9.772862370734816e+19 1.0986736319047345e+21 1.0520392510423303e+22
2009aa CMFGEN 1.02 2454886.78 "" 5.452536141132861e+19 8.951833236257104e+20 7.91514670961661e+22 1.1144077611574745e+22 1.4213387633622712e+20 1.4428645265076736e+21 1.7432084685697527e+22
2009aa CMFGEN 1.02 2454887.75 "" 6.066644351792913e+19 1.0164470627126537e+21 7.665081978722456e+22 9.733478878686082e+21 2.141839344493169e+20 1.331962877652017e+21 1.340256831037197e+22
2009aa CMFGEN 1.02 2454888.8 "" 7.708193587641156e+19 1.6153435113742506e+21 1.0802694518612906e+23 1.2018816965941744e+22 3.8414909146251244e+20 1.7593503247848728e+21 1.929121706341649e+22
2009aa CMFGEN 1.02 2454919.72 "" 2.5569461791688874e+20 1.5111627119207295e+23 5.982970579708271e+24 2.5988888910733123e+23 4.4492123959731337e+21 2.393595804903971e+22 2.295522278010083e+23
2009aa CMFGEN 1.02 2454876.57 "" "" "" "" "" "" "" 1.207367915040178e+22
2009aa CMFGEN 1.02 2454871.78 "" "" "" "" 4.927539980013657e+22 4.108398878128185e+20 3.2115572052390754e+21 1.581400732267147e+22
2009aa CMFGEN 1.02 2454870.74 "" 2.5303618884236277e+20 2.797287434633388e+21 3.4296881158053777e+23 1.013831621614481e+23 7.80147419492443e+20 5.815212365206049e+21 2.121465975295128e+22
2009aa CMFGEN 1.02 2454871.76 5.200645190599298e+20 1.707173452170154e+20 2.170941386747962e+21 2.6155830825115976e+23 9.832690910956382e+22 "" "" ""
2009aa CMFGEN 1.02 2454873.76 "" "" "" 2.1588571163904898e+23 6.142598609663734e+22 2.3828606092658976e+20 4.0776077177322115e+21 9.115310760041462e+21
2009aa CMFGEN 1.02 2454906.75 "" "" "" 4.048900512691551e+24 1.5674897338782518e+23 2.5901482038022064e+21 1.4393061375073854e+22 1.4269245030770761e+23
2009aa CMFGEN 1.02 2454876.84 "" "" "" 2.2828481248125345e+23 5.974699481811914e+22 1.151212224989034e+20 "" ""
2009aa CMFGEN 1.02 2454878.84 "" "" "" 1.0638906288351072e+23 2.709423125100464e+22 4.101351212936497e+20 2.367552901308515e+21 8.698378423171446e+21
2009aa CMFGEN 1.4 2454885.72 "" 3.558062454170325e+19 1.0524265645426647e+21 5.322912640534224e+22 1.0848494791815544e+22 2.1311370580469495e+20 1.5077626703390434e+21 2.079364212697272e+22
2009aa CMFGEN 1.4 2454886.78 "" 5.658628982827922e+19 1.6858668643891088e+21 7.9018682064911e+22 1.377315160335403e+22 3.100717425286191e+20 1.9765049025136422e+21 3.4480443217401652e+22
2009aa CMFGEN 1.4 2454887.75 "" 6.286394269011609e+19 1.9142903957140952e+21 7.66660014383151e+22 1.2056289801666103e+22 4.375137635920486e+20 1.8325944011994235e+21 2.650082892378706e+22
2009aa CMFGEN 1.4 2454888.8 "" 7.795275017518565e+19 3.0201047113760286e+21 1.0810684683999003e+23 1.484418713924362e+22 7.526854565576522e+20 2.433987840431748e+21 3.775267502468396e+22
2009aa CMFGEN 1.4 2454919.72 "" 2.6380808246745337e+20 2.794019678098726e+23 6.11053257895252e+24 3.2410868116143935e+23 9.330084386679138e+21 3.455316495520274e+22 4.6355225087206686e+23
2009aa CMFGEN 1.4 2454876.57 "" "" "" "" "" "" "" 2.342464464047178e+22
2009aa CMFGEN 1.4 2454871.78 "" "" "" "" 5.914892434921153e+22 8.86456565695688e+20 4.4279633234093157e+21 3.1198040805438124e+22
2009aa CMFGEN 1.4 2454870.74 "" 2.7528741224955858e+20 5.329553377903075e+21 3.3957873759313074e+23 1.2241014271828492e+23 1.6690206113644607e+21 8.026814155034088e+21 4.183182202352184e+22
2009aa CMFGEN 1.4 2454871.76 9.222525351632541e+20 1.85950974958433e+20 4.1676515245872387e+21 2.6020877845506506e+23 1.1637895499037396e+23 "" "" ""
2009aa CMFGEN 1.4 2454873.76 "" "" "" 2.1369177601582038e+23 7.4364606484034294e+22 5.671832857481031e+20 5.615583272485278e+21 1.8475057826126977e+22
2009aa CMFGEN 1.4 2454906.75 "" "" "" 4.144864998010454e+24 1.972566211968984e+23 5.21798456990119e+21 2.014814355758489e+22 2.8335898230808696e+23
2009aa CMFGEN 1.4 2454876.84 "" "" "" 2.2607830060390645e+23 7.272353191831704e+22 2.7589629495339175e+20 "" ""
2009aa CMFGEN 1.4 2454878.84 "" "" "" 1.054777572087537e+23 3.3040747500569086e+22 7.759555243005047e+20 3.2485407757331926e+21 1.695930164095822e+22
2009aa CMFGEN 1.7 2454885.72 "" 8.243219378596119e+19 4.014199129354452e+20 5.939220016203852e+22 7.181636105030691e+21 2.4964609996059554e+19 6.892755484944804e+20 8.868024846280106e+20
2009aa CMFGEN 1.7 2454886.78 "" 1.321634752343366e+20 6.759066722720569e+20 8.79400600058977e+22 9.083213592159103e+21 3.622555377611027e+19 9.104636545828507e+20 1.5202467902814604e+21
2009aa CMFGEN 1.7 2454887.75 "" 1.4765688810273682e+20 7.728153491430609e+20 8.503343307468027e+22 7.874962590456476e+21 7.1074497648512066e+19 8.401768311966674e+20 1.175161797370229e+21
2009aa CMFGEN 1.7 2454888.8 "" 1.9022880990360587e+20 1.2682260133080416e+21 1.1977419468673905e+23 9.752544803068685e+21 1.4873489140184095e+20 1.109323218046432e+21 1.691430279782049e+21
2009aa CMFGEN 1.7 2454919.72 "" 5.011702590522186e+20 1.2704357684620075e+23 6.479315061654027e+24 1.9451377752145874e+23 1.41447390916926e+21 1.5042341955926336e+22 1.692265558947448e+22
2009aa CMFGEN 1.7 2454876.57 "" "" "" "" "" "" "" 1.1075683923145287e+21
2009aa CMFGEN 1.7 2454871.78 "" "" "" "" 4.273964436139254e+22 1.078231216250165e+20 2.074046899262927e+21 1.457963520888923e+21
2009aa CMFGEN 1.7 2454870.74 "" 5.844374450314421e+20 2.1397382506495308e+21 3.870252531684028e+23 8.66492949688539e+22 2.1522903963266154e+20 3.771217907969117e+21 1.9646456370671457e+21
2009aa CMFGEN 1.7 2454871.76 1.0810988233908095e+20 3.93779170709773e+20 1.584898610002438e+21 2.8941345502097736e+23 8.904311924394735e+22 "" "" ""
2009aa CMFGEN 1.7 2454873.76 "" "" "" 2.4342759871144608e+23 5.254424054073497e+22 4.809880130739744e+19 2.6042224819758317e+21 8.273804594217091e+20
2009aa CMFGEN 1.7 2454906.75 "" "" "" 4.35052789009e+24 1.138645157643976e+23 9.50354816051855e+20 9.229334694304184e+21 1.0914634422811644e+22
2009aa CMFGEN 1.7 2454876.84 "" "" "" 2.5722672422869207e+23 5.030537946809961e+22 2.6805870123885015e+19 "" ""
2009aa CMFGEN 1.7 2454878.84 "" "" "" 1.1960689558851422e+23 2.2754599079747955e+22 1.734779798732591e+20 1.4845078092581574e+21 8.405284366253727e+20
2009ab CMFGEN 1.04 2454886.55 "" 8.671607619111084e+18 1.652311107569569e+19 1.7522463939514642e+21 2.7529977479115493e+20 2.0207362673930908e+18 1.2738525164814082e+19 7.178073671002888e+19
2009ab CMFGEN 1.04 2454888.56 "" 1.1582482913007151e+19 4.12682675092774e+19 2.7631630633849727e+21 3.401557015307245e+20 7.530081375136468e+17 2.018066235130404e+19 1.1144136642184477e+20
2009ab CMFGEN 1.04 2454876.63 "" "" "" 2.547157828163021e+22 5.314549579268197e+21 5.20013559029915e+19 "" ""
2009ab CMFGEN 1.04 2454873.54 "" "" "" 3.72841160516993e+22 7.871851010250375e+21 9.268350658709378e+19 2.2663374967605386e+20 5.733012415157042e+20
2009ab CMFGEN 1.04 2454876.79 "" "" "" "" "" "" "" 1.4007144183599292e+22
2009ab CMFGEN 1.04 2454877.57 "" "" "" 9.271756247580444e+21 1.931436835914558e+21 1.6723992098407807e+19 6.0501516020217e+19 2.3036248637533474e+20
2009ab CMFGEN 1.02 2454886.55 "" 4.1596986916978934e+18 1.7931418708316234e+19 1.6296820348716544e+21 3.5080052001786325e+20 3.45075615642958e+18 2.0762672017841144e+19 1.837354224584881e+20
2009ab CMFGEN 1.02 2454888.56 "" 5.2923865925723e+18 4.197208931586315e+19 2.577961566014921e+21 4.3292066985676807e+20 1.3614249893046282e+18 3.275047997521317e+19 2.7287090224709668e+20
2009ab CMFGEN 1.02 2454876.63 "" "" "" 2.3641146237243676e+22 6.744005465979994e+21 8.869738143591316e+19 "" ""
2009ab CMFGEN 1.02 2454873.54 "" "" "" 3.4863416930435007e+22 9.935202779904315e+21 1.677987281934618e+20 3.853120729209789e+20 1.5114162922548772e+21
2009ab CMFGEN 1.02 2454876.79 "" "" "" "" "" "" "" 4.566792865142219e+22
2009ab CMFGEN 1.02 2454877.57 "" "" "" 8.611629067338405e+21 2.4541461448986334e+21 2.8040832987880284e+19 1.0050353795933477e+20 5.979956098278934e+20
2009ab CMFGEN 1.4 2454886.55 "" 5.171068755245227e+18 3.388139937032895e+19 1.6138539848843736e+21 4.374103381499513e+20 5.143069639014326e+18 3.0846598803966005e+19 3.6048348116440436e+20
2009ab CMFGEN 1.4 2454888.56 "" 6.067330603322076e+18 7.336692530192702e+19 2.548429026948404e+21 5.3832277767944104e+20 2.435365768326409e+18 4.807282069009441e+19 5.345714857015747e+20
2009ab CMFGEN 1.4 2454876.63 "" "" "" 2.3471866713403222e+22 8.462251033203254e+21 1.2873974286015726e+20 "" ""
2009ab CMFGEN 1.4 2454873.54 "" "" "" 3.4607863500286607e+22 1.2439232563796567e+22 2.6626085671653035e+20 5.760503559967121e+20 2.944784904594524e+21
2009ab CMFGEN 1.4 2454876.79 "" "" "" "" "" "" "" 9.528847934935138e+22
2009ab CMFGEN 1.4 2454877.57 "" "" "" 8.555382084235189e+21 3.080156062698429e+21 3.957889275270625e+19 1.4885767841439928e+20 1.160488306270675e+21
