results/spec_chisq/features.ecsv
# %ECSV 0.9
# ---
# datatype:
# - {name: obj_id, datatype: string}
# - {name: source, datatype: string}
# - {name: version, datatype: string}
# - {name: time, datatype: float64}
# - {name: pW1, datatype: float64}
# - {name: pW2, datatype: float64}
# - {name: pW3, datatype: float64}
# - {name: pW4, datatype: float64}
# - {name: pW5, datatype: float64}
# - {name: pW6, datatype: float64}
# - {name: pW7, datatype: float64}
# - {name: pW8, datatype: float64}
# schema: astropy-2.0
obj_id source version time pW1 pW2 pW3 pW4 pW5 pW6 pW7 pW8
[from data line 585]
2006kf CMFGEN 1.04 2454055.76 "" 1.1593421593827365e+26 1.60662160218474e+27 4.6662776733038035e+26 3.3521188174935896e+25 1.670834131345198e+26 1.1914511218924477e+26 2.283858668778307e+26
2006kf CMFGEN 1.04 2454057.86 "" 1.6176214322649277e+26 2.0564598649735026e+27 5.488542036874363e+26 3.928636658153828e+25 1.2702110834324317e+26 1.2320919564481815e+26 ""
2006kf CMFGEN 1.04 2454070.78 "" 1.4927806930664721e+28 2.684287886742154e+30 6.782264993166515e+28 6.941001935237703e+26 1.5745575423983624e+26 1.6757262673141744e+27 ""
2006kf CMFGEN 1.02 2454035.81 "" 62222.22222222223 155555.55555555556 224444.4444444445 155555.55555555556 102222.22222222223 168888.88888888893 391111.1111111112
2006kf CMFGEN 1.02 2454042.71 8676171158660710.0 3049754797868075.0 5.284140934292235e+18 "" "" "" "" ""
2006kf CMFGEN 1.02 2454042.73 "" "" "" 6.391542790381529e+18 1.0896056874659358e+20 2.5509544110967544e+20 6.637662509907462e+20 8.003498429968927e+20
2006kf CMFGEN 1.02 2454042.74 "" "" "" "" "" "" 5.2132519867927835e+20 4.231593919939373e+20
2006kf CMFGEN 1.02 2454043.83 "" 2.0050043884932743e+20 2.3483807532669545e+21 8.033058949714837e+21 1.0635026696319529e+22 7.669904403552648e+21 1.004459597036578e+22 ""
2006kf CMFGEN 1.02 2454055.76 "" 7.2211155752753526e+25 1.041200077050794e+27 3.4615792659751806e+26 2.26050527399549e+25 1.1686422296786434e+26 1.0610062656684268e+26 4.375520763292622e+26
2006kf CMFGEN 1.02 2454057.86 "" 1.0727760109322508e+26 1.5179030817137758e+27 4.61144980038714e+26 3.019833655103183e+25 1.0086277982094817e+26 1.2137150664938554e+26 ""
2006kf CMFGEN 1.02 2454070.78 "" 1.874270498983317e+28 6.001502665260135e+30 1.4307550025287126e+29 1.4478967292582285e+27 4.384075403646867e+26 1.9237549996195497e+27 ""
2006kf CMFGEN 1.4 2454035.81 "" 62222.22222222223 155555.55555555556 224444.4444444445 155555.55555555556 102222.22222222223 168888.88888888893 391111.1111111112
2006kf CMFGEN 1.4 2454042.71 370082150621097.0 121175916619353.92 8.396696293987808e+17 "" "" "" "" ""
2006kf CMFGEN 1.4 2454042.73 "" "" "" 2.066796668041874e+17 1.0139595428177666e+19 5.364516122136554e+19 1.6747295750718813e+20 2.207617970516594e+20
2006kf CMFGEN 1.4 2454042.74 "" "" "" "" "" "" 1.3391805285884081e+20 1.1128529054491058e+20
2006kf CMFGEN 1.4 2454043.83 "" 2.315453809721547e+19 3.9652390643139746e+20 1.8010436082287745e+21 3.3900313653585683e+21 3.6174705318816063e+21 5.964155567981624e+21 ""
2006kf CMFGEN 1.4 2454055.76 "" 5.73745780516178e+25 8.147860236509736e+26 2.7597393201297417e+26 1.9239919192131438e+25 9.243349175010797e+25 9.309662583942248e+25 4.884825501037241e+26
2006kf CMFGEN 1.4 2454057.86 "" 9.071585385694038e+25 1.2441169588119372e+27 3.886534952099749e+26 2.7155935012772042e+25 8.495308710569815e+25 1.0979483381160235e+26 ""
2006kf CMFGEN 1.4 2454070.78 "" 2.2359130494633486e+28 6.992245936902398e+30 1.8056097180902285e+29 1.7709882630455932e+27 7.084031365582795e+26 2.578882720583154e+27 ""
2006kf CMFGEN 1.7 2454035.81 "" 62222.22222222223 155555.55555555556 224444.4444444445 155555.55555555556 102222.22222222223 168888.88888888893 391111.1111111112
2006kf CMFGEN 1.7 2454042.71 3.4613764240810803e+19 2.332388437731566e+19 1.6971882295939403e+20 "" "" "" "" ""
2006kf CMFGEN 1.7 2454042.73 "" "" "" 8.477848719238331e+20 1.6020252577656215e+21 1.3782838798454998e+21 2.5148415595960263e+21 3.924369960501456e+21
2006kf CMFGEN 1.7 2454042.74 "" "" "" "" "" "" 1.9555179129912906e+21 2.3228504944131682e+21
2006kf CMFGEN 1.7 2454043.83 "" 7.208195557712815e+21 3.2763890579196458e+22 3.3420226040441673e+22 3.494800374422058e+22 1.9750155351727618e+22 3.2920113887865274e+22 ""
2006kf CMFGEN 1.7 2454055.76 "" 9.92426829202571e+25 1.376722232759542e+27 4.2980460536010555e+26 2.7307590736741735e+25 1.5396326301931985e+26 1.3536506902990495e+26 3.0271984345161062e+26
2006kf CMFGEN 1.7 2454057.86 "" 1.3948391534145299e+26 1.8971255510019402e+27 5.3931424979399046e+26 3.417542133830788e+25 1.2572903856338164e+26 1.441178306487064e+26 ""
2006kf CMFGEN 1.7 2454070.78 "" 1.6015922657233442e+28 3.968879211889318e+30 9.39562587669622e+28 9.469325831849732e+26 2.4580964657965057e+26 1.8563791584767377e+27 ""
2006mr CMFGEN 1.04 2454048.65 "" 241111.11111111115 1013333.3333333335 1454444.4444444445 574444.4444444445 587777.7777777779 "" ""
2006mr CMFGEN 1.04 2454048.66 "" "" "" "" "" "" 518888.88888888905 743333.3333333335
2006mr CMFGEN 1.04 2454052.62 "" "" "" 3.932922290717294e+21 1.5387374543805748e+21 1.1560316741741102e+21 2.0935141212070457e+21 1.3396482202732088e+22
2006mr CMFGEN 1.04 2454052.63 "" "" "" "" 2.234318688434581e+21 1.2778381295910477e+21 1.767470307784314e+21 5.789058613935671e+21
2006mr CMFGEN 1.04 2454055.71 "" 2.9304201258593426e+23 1.6991968119709377e+25 1.4505060113084626e+24 1.6368193430082697e+23 1.097538436602568e+23 3.2045834223769855e+23 5.3603293164614955e+23
2006mr CMFGEN 1.04 2454058.53 "" 1.7759471050789433e+24 3.9487918739083386e+26 2.1511881492363937e+25 1.694385569489214e+24 9.594879979844955e+23 1.90064723492798e+24 5.372530122398202e+24
2006mr CMFGEN 1.04 2454059.8 "" 2.8086925558014795e+25 8.634979473768906e+27 3.0513069587211253e+25 2.7979321839460313e+24 1.1372109335891928e+24 3.5792772088805686e+24 ""
2006mr CMFGEN 1.04 2454061.73 "" 1.4785496230480301e+26 1.6850695249308904e+28 7.618343295707548e+26 5.633290140966209e+25 3.569127926331163e+25 5.90115802535213e+25 6.763122171191811e+25
2006mr CMFGEN 1.04 2454082.7 "" 6.79013740700222e+29 8.1980479163698e+28 2.412109951502793e+27 3.4921438994558415e+26 5.1752896490004804e+26 2.2562759586576638e+26 2.095120336699445e+25
2006mr CMFGEN 1.04 2454087.7 "" 1.547400233791153e+25 1.439159476632706e+27 2.0908441485464335e+26 1.8639692486677077e+25 8.925919413318744e+25 5.011954321554271e+25 2.0458960301507392e+26
2006mr CMFGEN 1.04 2454101.63 "" 8.596763807932566e+27 6.406108012054209e+30 7.683886002512738e+27 8.725191642393359e+26 1.5235513553260432e+29 "" ""
2006mr CMFGEN 1.04 2454106.59 6.4091057221082066e+28 7.29233935915655e+24 7.304907304580341e+26 "" "" "" "" ""
2006mr CMFGEN 1.04 2454106.61 "" "" "" 2.4309146218697912e+25 3.307098833947302e+24 1.137825692634682e+24 1.1463723612965606e+25 6.662450631613582e+24
2006mr CMFGEN 1.04 2454106.63 "" "" "" "" "" "" 4.038837616328e+25 2.9275083200985393e+25
2006mr CMFGEN 1.04 2454113.61 "" "" "" 1.7504711333357512e+26 1.3812289215262233e+25 2.584006670811988e+29 1.2579935925196779e+29 1.0644818402291677e+32
2006mr CMFGEN 1.02 2454048.65 "" 241111.11111111115 1013333.3333333335 1454444.4444444445 574444.4444444445 587777.7777777779 "" ""
2006mr CMFGEN 1.02 2454048.66 "" "" "" "" "" "" 518888.88888888905 743333.3333333335
2006mr CMFGEN 1.02 2454052.62 "" "" "" 2.537250168933411e+20 1.5600644275269118e+20 3.125544933154806e+20 4.569644144707477e+20 1.9475917285962285e+21
2006mr CMFGEN 1.02 2454052.63 "" "" "" "" 2.2750903294880786e+20 3.394102897076682e+20 3.8985999539964713e+20 8.335674671411931e+20
2006mr CMFGEN 1.02 2454055.71 "" 9.812418080473493e+22 6.4961244131167e+24 5.8293897935791615e+23 6.460856530526115e+22 4.490078536300327e+22 1.2063698519390923e+23 3.4556045680327186e+23
2006mr CMFGEN 1.02 2454058.53 "" 7.036705526390249e+23 1.828529376072128e+26 1.066605982614243e+25 8.122505677868863e+23 4.5060463290542167e+23 1.2437441789947928e+24 5.291865092312838e+24
2006mr CMFGEN 1.02 2454059.8 "" 1.1157524065639893e+25 5.132300707889323e+27 1.6223058533669628e+25 1.4257924121316058e+24 5.260650703590144e+23 2.631173376156378e+24 ""
2006mr CMFGEN 1.02 2454061.73 "" 5.486133369756993e+25 1.015084995862861e+28 4.566627988219541e+26 3.191986166557666e+25 1.9798284114605904e+25 5.065005258335225e+25 8.888275238012534e+25
2006mr CMFGEN 1.02 2454082.7 "" 5.909391967464789e+29 7.599172698592004e+28 5.017716352882024e+27 1.0766920068086577e+27 7.309546107440691e+26 4.615662835403704e+26 4.19881401581922e+25
2006mr CMFGEN 1.02 2454087.7 "" 1.2304791217424573e+25 1.2928104064724423e+27 4.1845604326851406e+26 7.881620918650552e+25 1.9027710934141507e+26 7.514722535293478e+25 3.281274034754269e+26
2006mr CMFGEN 1.02 2454101.63 "" 6.146396048271443e+27 4.75479981658125e+30 1.0378978482756542e+28 2.3053491555151705e+27 6.733542601607601e+29 "" ""
2006mr CMFGEN 1.02 2454106.59 8.045764640868728e+28 5.645896445668182e+24 7.003070902277042e+26 "" "" "" "" ""
2006mr CMFGEN 1.02 2454106.61 "" "" "" 3.271025902303354e+25 9.553894741946383e+24 3.4822023447700874e+24 1.4185756127662066e+25 2.993313721081779e+25
2006mr CMFGEN 1.02 2454106.63 "" "" "" "" "" "" 4.392388077834578e+25 1.1734078989532706e+26
2006mr CMFGEN 1.02 2454113.61 "" "" "" 1.9375839595803556e+26 3.437894926475905e+25 5.0037046596117884e+29 1.7280557495121645e+29 3.550700691629083e+32
2006mr CMFGEN 1.4 2454048.65 "" 241111.11111111115 1013333.3333333335 1454444.4444444445 574444.4444444445 587777.7777777779 "" ""
2006mr CMFGEN 1.4 2454048.66 "" "" "" "" "" "" 518888.88888888905 743333.3333333335
2006mr CMFGEN 1.4 2454052.62 "" "" "" 2.8792044809862627e+19 3.816495155809246e+19 1.3415577823628262e+20 2.095340898502724e+20 8.294434586432449e+20
2006mr CMFGEN 1.4 2454052.63 "" "" "" "" 5.68241377204579e+19 1.4555844525595302e+20 1.8103315159700937e+20 3.5502220066334494e+20
2006mr CMFGEN 1.4 2454055.71 "" 7.908294489933925e+21 1.624374382557523e+24 2.7546239893962776e+23 3.794432445588632e+22 2.4781652390552837e+22 5.880806691781176e+22 1.15819003873053e+23
2006mr CMFGEN 1.4 2454058.53 "" 5.2418290642191895e+23 1.3528283926483826e+26 6.823944074617415e+24 5.5373567051030045e+23 2.8739952175241186e+23 8.63737504847011e+23 4.1271505381051646e+24
2006mr CMFGEN 1.4 2454059.8 "" 9.557536169757401e+24 4.32365396593767e+27 1.1102895883083865e+25 1.0187726598759468e+24 3.163822129600923e+23 1.9963339408106872e+24 ""
2006mr CMFGEN 1.4 2454061.73 "" 4.085414229003183e+25 7.395016728954268e+27 3.326404027983325e+26 2.397492180292515e+25 1.3307680871844196e+25 4.263162070996856e+25 7.921339384677396e+25
2006mr CMFGEN 1.4 2454082.7 "" 5.917786863360859e+29 7.59286456667964e+28 6.074466033821384e+27 1.534658445615528e+27 1.140659925156578e+27 7.286291889152126e+26 7.763472612991216e+25
2006mr CMFGEN 1.4 2454087.7 "" 1.1141628081473287e+25 1.1378680783737995e+27 4.770998423923769e+26 1.0888977736577656e+26 3.912970520350716e+26 1.1175874973623404e+26 5.602006800171386e+26
2006mr CMFGEN 1.4 2454101.63 "" 4.7217658583154316e+27 3.6002525347888506e+30 1.0655442893326266e+28 2.767011120751783e+27 1.6258309543574096e+30 "" ""
2006mr CMFGEN 1.4 2454106.59 6.803006879012059e+28 4.359821644308459e+24 5.5067912003160814e+26 "" "" "" "" ""
2006mr CMFGEN 1.4 2454106.61 "" "" "" 3.4277551095742103e+25 1.3254264488616715e+25 7.252803568418138e+24 1.532509460956486e+25 6.549591943753286e+25
2006mr CMFGEN 1.4 2454106.63 "" "" "" "" "" "" 4.39906538402377e+25 2.754281865477144e+26
2006mr CMFGEN 1.4 2454113.61 "" "" "" 1.9787805045462866e+26 4.604067988541177e+25 7.551499924476046e+29 2.002518552106715e+29 8.05105766427182e+32
2006mr CMFGEN 1.7 2454048.65 "" 241111.11111111115 1013333.3333333335 1454444.4444444445 574444.4444444445 587777.7777777779 "" ""
2006mr CMFGEN 1.7 2454048.66 "" "" "" "" "" "" 518888.88888888905 743333.3333333335
2006mr CMFGEN 1.7 2454052.62 "" "" "" 3.045470842363694e+21 1.0882922364214849e+21 1.0021444671311864e+21 1.6381517338442303e+21 8.417206245225832e+21
2006mr CMFGEN 1.7 2454052.63 "" "" "" "" 1.5758322937510198e+21 1.0918493600761664e+21 1.3863259722996064e+21 3.625891080467464e+21
2006mr CMFGEN 1.7 2454055.71 "" 1.3334862499197791e+23 9.622257185644109e+24 8.167707544663122e+23 9.136783233646746e+22 7.846956435311046e+22 1.7508400708674207e+23 3.821279455442634e+23
2006mr CMFGEN 1.7 2454058.53 "" 9.13172130600219e+23 2.6735032669663636e+26 1.4444134427445384e+25 1.090019726037699e+24 7.13966968416099e+23 1.61276069498132e+24 5.487987670783404e+24
2006mr CMFGEN 1.7 2454059.8 "" 1.571584010706118e+25 6.162775035467856e+27 2.2103057651851212e+25 1.9357539026147892e+24 8.471433556461116e+23 3.3102434694262557e+24 ""
2006mr CMFGEN 1.7 2454061.73 "" 8.348505474811094e+25 1.3924553809998956e+28 6.1520468218988425e+26 4.305303663904812e+25 2.9452139159786956e+25 5.883744721364848e+25 7.563050879223937e+25
2006mr CMFGEN 1.7 2454082.7 "" 5.6706670675912504e+29 7.858562502588529e+28 3.143088889259447e+27 5.4587241982106355e+26 6.951788976641517e+26 2.647149006278565e+26 1.4029924452113e+25
2006mr CMFGEN 1.7 2454087.7 "" 1.455825666376228e+25 1.6776878707499574e+27 2.8082689797530805e+26 3.010683528515316e+25 1.2218636732436272e+26 5.518749333751327e+25 8.519797105946359e+25
2006mr CMFGEN 1.7 2454101.63 "" 1.1211115317204733e+28 9.428439050724646e+30 1.1002810544972808e+28 1.3338554162296235e+27 7.610734828946323e+28 "" ""
2006mr CMFGEN 1.7 2454106.59 1.3225042770362174e+29 9.587006808854631e+24 1.0613500495558845e+27 "" "" "" "" ""
2006mr CMFGEN 1.7 2454106.61 "" "" "" 3.513966565019837e+25 4.706822930676355e+24 6.650106415674839e+23 1.3331994498575723e+25 2.9808665987060265e+24
2006mr CMFGEN 1.7 2454106.63 "" "" "" "" "" "" 4.35769560633925e+25 9.86109638293986e+24
2006mr CMFGEN 1.7 2454113.61 "" "" "" 2.204706925450029e+26 2.0081172493688385e+25 2.1380763221616738e+29 1.513381537676168e+29 3.321289725923672e+31
2006ob CMFGEN 1.04 2454087.62 "" 3.7603548174250447e+27 5.8175864827390254e+29 2.011087003720926e+29 1.5993318038904206e+28 1.1387895551823555e+28 5.474027938858905e+28 ""
2006ob CMFGEN 1.02 2454087.62 "" 5.925296592633834e+27 7.204548393266636e+29 2.6313551322897098e+29 2.351344152762823e+28 1.4863640315478105e+28 7.332097453650925e+28 ""
2006ob CMFGEN 1.4 2454087.62 "" 6.483209290989054e+27 7.169122410040844e+29 2.7197140478063548e+29 2.359435452592545e+28 1.5691918219822522e+28 7.7913031981539245e+28 ""
2006ob CMFGEN 1.7 2454087.62 "" 6.18623441838072e+27 6.70324904445325e+29 2.4313458740454866e+29 2.085753125985477e+28 1.394460720272494e+28 6.74454165847326e+28 ""
2007A CMFGEN 1.04 2454106.54 263333.3333333335 78888.88888888889 267777.77777777787 "" "" "" "" ""
2007A CMFGEN 1.04 2454106.56 "" "" "" 201111.11111111112 142222.22222222225 94444.44444444445 183333.33333333337 340000.00000000006
2007A CMFGEN 1.04 2454106.57 "" "" "" "" "" "" 135555.55555555562 318888.8888888889
2007A CMFGEN 1.04 2454113.54 "" 57777.77777777778 208888.88888888893 228888.88888888893 180000.00000000003 91111.11111111112 147777.7777777778 222222.22222222225
2007A CMFGEN 1.02 2454106.54 263333.3333333335 78888.88888888889 267777.77777777787 "" "" "" "" ""
2007A CMFGEN 1.02 2454106.56 "" "" "" 201111.11111111112 142222.22222222225 94444.44444444445 183333.33333333337 340000.00000000006
2007A CMFGEN 1.02 2454106.57 "" "" "" "" "" "" 135555.55555555562 318888.8888888889
2007A CMFGEN 1.02 2454113.54 "" 57777.77777777778 208888.88888888893 228888.88888888893 180000.00000000003 91111.11111111112 147777.7777777778 222222.22222222225
2007A CMFGEN 1.4 2454106.54 263333.3333333335 78888.88888888889 267777.77777777787 "" "" "" "" ""
2007A CMFGEN 1.4 2454106.56 "" "" "" 201111.11111111112 142222.22222222225 94444.44444444445 183333.33333333337 340000.00000000006
2007A CMFGEN 1.4 2454106.57 "" "" "" "" "" "" 135555.55555555562 318888.8888888889
2007A CMFGEN 1.4 2454113.54 "" 57777.77777777778 208888.88888888893 228888.88888888893 180000.00000000003 91111.11111111112 147777.7777777778 222222.22222222225
2007A CMFGEN 1.7 2454106.54 263333.3333333335 78888.88888888889 267777.77777777787 "" "" "" "" ""
2007A CMFGEN 1.7 2454106.56 "" "" "" 201111.11111111112 142222.22222222225 94444.44444444445 183333.33333333337 340000.00000000006
2007A CMFGEN 1.7 2454106.57 "" "" "" "" "" "" 135555.55555555562 318888.8888888889
2007A CMFGEN 1.7 2454113.54 "" 57777.77777777778 208888.88888888893 228888.88888888893 180000.00000000003 91111.11111111112 147777.7777777778 222222.22222222225
