results/spec_chisq/features.ecsv
# %ECSV 0.9
# ---
# datatype:
# - name: obj_id
#   datatype: string
# - name: source
#   datatype: string
# - name: version
#   datatype: string
# - name: time
#   datatype: float64
# - name: pW1
#   datatype: float64
# - name: pW2
#   datatype: float64
# - name: pW3
#   datatype: float64
# - name: pW4
#   datatype: float64
# - name: pW5
#   datatype: float64
# - name: pW6
#   datatype: float64
# - name: pW7
#   datatype: float64
# - name: pW8
#   datatype: float64
# schema: astropy-2.0
obj_id source version time pW1 pW2 pW3 pW4 pW5 pW6 pW7 pW8
[from data line 90]
2005M CMFGEN 1.04 2453453.57 "" 5.110963146170458e+24 6.936677299046954e+25 3.923740561354116e+25 1.0436920375230408e+24 5.255579298637341e+21 7.234730153460424e+22 ""
2005M CMFGEN 1.04 2453462.58 "" 1.5082795432307374e+21 1.1129402962134408e+23 3.513468261009901e+24 1.582523817697321e+23 1.117631092132307e+21 1.0553985338475828e+22 8.746911790458485e+22
2005M CMFGEN 1.04 2453405.71 "" 7.69052799645443e+19 1.9512657456298436e+20 3.232394690718763e+22 7.407103120633553e+21 1.7077686329330178e+19 2.8779143053656084e+20 9.737466137662765e+20
2005M CMFGEN 1.02 2453472.54 "" 5.863435353683342e+20 1.78285531013603e+23 5.952366888520674e+24 3.641600168346126e+23 5.781828257066508e+21 3.7228233335315083e+22 5.835142299619433e+25
2005M CMFGEN 1.02 2453409.73 "" 3.2437332946874315e+19 2.210166960271522e+20 2.8495997949737538e+22 7.63146257276189e+21 3.133591757852121e+19 4.25426032330763e+20 3.699251007028397e+21
2005M CMFGEN 1.02 2453475.54 "" 2.7640033012517894e+21 2.728375511465969e+23 8.780897499476889e+24 5.646381252476753e+23 1.260974456896912e+22 6.190613047831884e+22 2.5081407785746348e+26
2005M CMFGEN 1.02 2453444.62 "" 1.395832060854401e+20 5.935377965705808e+22 1.8819457296563552e+24 9.505378005544093e+22 7.265144076760192e+20 6.65927688929635e+21 3.0938231979005893e+22
2005M CMFGEN 1.02 2453413.75 "" 1.5299301433689427e+20 7.858174165943165e+20 9.142129616985668e+22 1.5299944958563912e+22 9.090381555391919e+19 1.0580719622968044e+21 2.417922957439646e+22
2005M CMFGEN 1.02 2453448.58 "" 1.369900660451526e+21 6.394992965184912e+23 6.406191905795607e+26 5.2854076182416914e+23 3.6258141404731697e+21 4.253761496284933e+22 4.3052496308710454e+24
2005M CMFGEN 1.02 2453453.57 "" 2.396848740177468e+24 6.341244191784107e+25 3.890105997152611e+25 1.3429095212804877e+24 1.2058389537833978e+22 1.3337411141943685e+23 ""
2005M CMFGEN 1.02 2453462.58 "" 3.810045543010668e+20 1.0617648493609345e+23 3.4182156320577683e+24 2.0359212095581616e+23 2.514003948092645e+21 1.895306820564039e+22 2.464336924364477e+23
2005M CMFGEN 1.02 2453405.71 "" 3.164802021978962e+19 2.5460494331408817e+20 3.0535652500731257e+22 8.646861224226272e+21 4.426484553360812e+19 5.3470325322443325e+20 3.0075089665975627e+21
2005M CMFGEN 1.4 2453472.54 "" 5.8808628549333916e+20 3.2625103264183166e+23 6.028289603924599e+24 4.5068713043090395e+23 1.3085602964506975e+22 5.5732651653169464e+22 1.1365241562649434e+26
2005M CMFGEN 1.4 2453409.73 "" 3.599271835929682e+19 4.4916952043521966e+20 2.856098566220501e+22 9.192768937572237e+21 7.043199998936972e+19 6.508255288210125e+20 7.18516304359626e+21
2005M CMFGEN 1.4 2453475.54 "" 2.621125696781645e+21 4.926298268702174e+23 8.887510910865775e+24 7.015447796062114e+23 2.6980564538991516e+22 9.343613250682782e+22 4.4734004118882904e+26
2005M CMFGEN 1.4 2453444.62 "" 1.3130581984149386e+20 1.0851381319910166e+23 1.915701946257477e+24 1.1743943323024544e+23 1.5333066256427018e+21 9.800559097792675e+21 6.386178284794298e+22
2005M CMFGEN 1.4 2453413.75 "" 1.753885934854808e+20 1.6197699338602487e+21 9.150118474581716e+22 1.9112661835106467e+22 1.8781358064680223e+20 1.5972577548195162e+21 4.752240507765541e+22
2005M CMFGEN 1.4 2453448.58 "" 1.2967898459976033e+21 1.1815093271195157e+24 8.007405892680914e+26 6.532687334658306e+23 7.946681718219934e+21 6.277063235511667e+22 8.162044352813513e+24
2005M CMFGEN 1.4 2453453.57 "" 2.741566174654982e+24 1.1912629383514268e+26 4.003857234233958e+25 1.6617007359739547e+24 2.6836157411095856e+22 2.0093373588842113e+23 ""
2005M CMFGEN 1.4 2453462.58 "" 3.76482187539489e+20 1.9243201609779008e+23 3.476046109937533e+24 2.5214887278273387e+23 5.553240782128553e+21 2.8208402088737246e+22 5.480984127652498e+23
2005M CMFGEN 1.4 2453405.71 "" 3.520010350715715e+19 5.140009622230983e+20 3.058213273986038e+22 1.0411740351355754e+22 1.0282929094795169e+20 8.194540993138031e+20 5.847177772213715e+21
2005M CMFGEN 1.7 2453472.54 "" 1.2602335981350462e+21 1.4106343977038273e+23 6.605298433876383e+24 2.851832373389971e+23 1.358061164229836e+21 2.1804473322467693e+22 2.1849762320367841e+24
2005M CMFGEN 1.7 2453409.73 "" 7.263054212407565e+19 1.1133963876146479e+20 3.1654293830248232e+22 6.576124093164066e+21 8.157961610485213e+18 2.293011996048045e+20 3.7970301229623044e+20
2005M CMFGEN 1.7 2453475.54 "" 7.172443406370758e+21 2.225701451196992e+23 9.69087171637121e+24 4.3879087584422725e+23 3.7742282462825866e+21 3.5664878965375378e+22 3.345224049652894e+25
2005M CMFGEN 1.7 2453444.62 "" 3.3354492045569445e+20 4.698994648515901e+22 2.0704322278157304e+24 7.30630766970062e+22 2.204160576062317e+20 4.038034681638515e+21 2.4138735842277877e+21
2005M CMFGEN 1.7 2453413.75 "" 3.3014826730751564e+20 3.220790135769007e+20 1.0189975940159112e+23 1.203754727127366e+22 3.1110396667830567e+19 5.8604042408496995e+20 2.428969298934278e+21
2005M CMFGEN 1.7 2453448.58 "" 3.2872760056173067e+21 5.372114763704337e+23 4.9089652867652506e+26 4.07257377218222e+23 9.603573174788369e+20 2.5689081964423362e+22 9.177851993215868e+22
2005M CMFGEN 1.7 2453453.57 "" 5.021320821690388e+24 5.640472342969563e+25 4.231241347156934e+25 1.03772433429136e+24 3.0239479992784236e+21 7.807807221597718e+22 ""
2005M CMFGEN 1.7 2453462.58 "" 8.459920082474353e+20 8.739751358193318e+22 3.7668890812010074e+24 1.57208943078749e+23 6.500076442575399e+20 1.1247892227646346e+22 1.5533424867160434e+22
2005M CMFGEN 1.7 2453405.71 "" 7.047768266274407e+19 1.3458630436815109e+20 3.3902579582045916e+22 7.474221519498589e+21 9.737959429849174e+18 2.875497665830049e+20 2.8919290743385922e+20
2005W CMFGEN 1.04 2453404.51 "" "" "" "" "" "" 1.1043443711181457e+20 ""
2005W CMFGEN 1.02 2453404.51 "" "" "" "" "" "" 1.8805031643413725e+20 ""
2005W CMFGEN 1.4 2453404.51 "" "" "" "" "" "" 2.8155609332044438e+20 ""
2005W CMFGEN 1.7 2453404.51 "" "" "" "" "" "" 1.0801557800681249e+20 ""
2005ag CMFGEN 1.04 2453448.79 "" 7.491458062676615e+21 1.7196287801518474e+25 4.704235176911031e+26 8.404460477671629e+24 5.61407968018725e+24 4.032177492464769e+23 ""
2005ag CMFGEN 1.04 2453444.84 "" 2.2291332475287157e+22 7.95592975486801e+24 7.71535456781385e+26 4.809738031893331e+24 5.300089543270956e+24 2.2805356771714062e+23 ""
2005ag CMFGEN 1.04 2453413.89 "" 3.820386690791044e+20 1.0241417288817654e+23 8.222842548933439e+24 4.230303761671257e+24 8.217726206382286e+23 1.4575165601719645e+23 ""
2005ag CMFGEN 1.04 2453463.79 "" 1.3186741230077045e+25 5.035779103611853e+27 5.029733640619225e+29 3.20608333241399e+27 1.9393209787372596e+27 1.7092103299434898e+26 ""
2005ag CMFGEN 1.02 2453448.79 "" 2.1637974820038844e+23 1.2624268408014261e+25 4.565550019421801e+26 7.840919144953719e+24 7.022600277197041e+24 7.022731102440603e+23 ""
2005ag CMFGEN 1.02 2453444.84 "" 2.4003778829205324e+23 5.494576953802035e+24 7.160199025399105e+26 4.465580818226607e+24 6.646131644362156e+24 3.9472581779651454e+23 ""
2005ag CMFGEN 1.02 2453413.89 "" 3.882531834615501e+21 5.5613659034785665e+22 8.283986373428029e+24 3.9625111608900865e+24 1.001913176534555e+24 2.6730770661184867e+23 ""
2005ag CMFGEN 1.02 2453463.79 "" 1.3676919642467108e+26 2.135358200157481e+27 4.7930403921731486e+29 2.6596197456464057e+27 2.5219003852931634e+27 3.0644801424556694e+26 ""
2005ag CMFGEN 1.4 2453448.79 "" 4.561187868484569e+23 2.3408713167023438e+25 4.565873592520733e+26 7.714873228854582e+24 8.523947137203321e+24 1.1471930146798378e+24 ""
2005ag CMFGEN 1.4 2453444.84 "" 4.6455798724331936e+23 9.637730625715051e+24 6.859525738131024e+26 4.385906430282813e+24 8.08287115707912e+24 6.400017598072015e+23 ""
2005ag CMFGEN 1.4 2453413.89 "" 7.003316291053208e+21 8.135331623974455e+22 8.688448139749389e+24 4.1326736823643476e+24 1.1970060910659228e+24 4.6296629231069474e+23 ""
2005ag CMFGEN 1.4 2453463.79 "" 2.3291466089427145e+26 2.926832215709095e+27 4.8216141630672414e+29 2.5393976845604693e+27 3.0252687874601216e+27 5.237886467935962e+26 ""
2005ag CMFGEN 1.7 2453448.79 "" 1.6126935826793987e+22 1.3880175503838996e+25 5.122916832389365e+26 8.790138890935057e+24 5.867842510601872e+24 3.856640799354895e+23 ""
2005ag CMFGEN 1.7 2453444.84 "" 2.4844244170198026e+22 6.515886087944133e+24 8.314708560787876e+26 5.060429635889601e+24 5.5066132151052e+24 2.1829744026479422e+23 ""
2005ag CMFGEN 1.7 2453413.89 "" 4.0566297167763256e+20 9.368839220743422e+22 8.590735161478314e+24 4.339209976987456e+24 8.991719017145343e+23 1.4987772425435591e+23 ""
2005ag CMFGEN 1.7 2453463.79 "" 1.4319972815862288e+25 3.407555256013305e+27 5.165313840521827e+29 3.515731877651193e+27 2.0495453602868655e+27 1.6350303422452937e+26 ""
2005al CMFGEN 1.04 2453472.87 "" 1.7981332698254538e+21 2.3892024115422013e+22 9.058594419974634e+23 2.3201411314251406e+22 7.606243365042903e+19 1.8777410789217143e+21 6.108540644463133e+22
2005al CMFGEN 1.04 2453475.82 "" 1.0518899331281419e+21 2.3848427675505587e+22 8.054962536759053e+23 2.3681828012065244e+22 7.12563156490745e+19 1.7575237361719142e+21 1.3792279420497348e+22
2005al CMFGEN 1.04 2453444.81 "" 1.953629056231961e+20 5.132415717713011e+20 2.190157196900387e+22 1.1256365764835869e+21 1.470655807325607e+19 1.2783270620563243e+20 8.32830085957192e+20
2005al CMFGEN 1.04 2453479.77 "" 1.395138337191132e+21 2.917531012496419e+22 1.0233135761890047e+24 2.6361131068380806e+22 1.0242237497238764e+20 2.3341592790311413e+21 2.22488712683189e+22
2005al CMFGEN 1.04 2453448.76 "" 5.154996756541194e+19 9.104310002572549e+20 2.945105393137023e+22 8.170448115397304e+20 9.492573240789352e+18 1.0957294927622131e+20 5.453481899478841e+20
2005al CMFGEN 1.04 2453453.77 "" 5.225104981066252e+23 2.3138293502130285e+22 3.539817216396052e+23 8.595916026636278e+21 2.4314672954370544e+19 7.4630872819766e+20 ""
2005al CMFGEN 1.04 2453467.87 "" 1.246397054263761e+21 1.9391158172798016e+22 6.958390566369244e+23 1.858083096487726e+22 3.9855800164733305e+19 1.3377609291433781e+21 5.980577681048208e+21
2005al CMFGEN 1.02 2453472.87 "" 7.528428554216951e+20 2.4695401538114067e+22 8.72078047297018e+23 2.901396634665365e+22 1.909084626227376e+20 3.4652309621435175e+21 1.5235669433529538e+23
2005al CMFGEN 1.02 2453475.82 "" 3.9608066605165176e+20 2.466136779675491e+22 7.73248078769329e+23 2.975319852229519e+22 1.775745906692073e+20 3.251965249202702e+21 3.266215790716583e+22
2005al CMFGEN 1.02 2453444.81 "" 9.247846183280978e+19 5.129218684296351e+20 2.0693337667747906e+22 1.4198275471124466e+21 3.71888729387672e+19 2.2095850707580613e+20 2.053024315697861e+21
2005al CMFGEN 1.02 2453479.77 "" 5.7147884044147786e+20 3.082398742436873e+22 9.812935456148876e+23 3.2819424399945376e+22 2.717095051386287e+20 4.3804344545851904e+21 5.582569049390722e+22
2005al CMFGEN 1.02 2453448.76 "" 1.963317964638135e+19 9.127225036009201e+20 2.8292984633629872e+22 1.0162663299176228e+21 2.4166870382631195e+19 1.9182480478234136e+20 1.5268306011298296e+21
2005al CMFGEN 1.02 2453453.77 "" 2.4507880990243902e+23 2.5321040754768104e+22 3.426392858415542e+23 1.0803953990770788e+22 6.28673772090114e+19 1.3066902810504357e+21 ""
2005al CMFGEN 1.02 2453467.87 "" 5.1183527686641346e+20 2.0264230315879536e+22 6.717463217081652e+23 2.326312715360408e+22 1.0421872005030461e+20 2.4259276436561634e+21 1.4455234640343076e+22
2005al CMFGEN 1.4 2453472.87 "" 8.367314094879163e+20 4.4025006110511e+22 8.750971561877679e+23 3.4990465067973377e+22 4.400020749319208e+20 5.284042905747217e+21 3.635827705895771e+23
2005al CMFGEN 1.4 2453475.82 "" 4.153693557894084e+20 4.355851581914982e+22 7.750498386908822e+23 3.6014229112698205e+22 4.1002284233126065e+20 4.968437907060553e+21 6.225596295245122e+22
2005al CMFGEN 1.4 2453444.81 "" 1.0902302589958508e+20 9.314142285392493e+20 2.0528352560128195e+22 1.7495503221174748e+21 8.530097360853441e+19 3.287702702975611e+20 4.0073214942156145e+21
2005al CMFGEN 1.4 2453479.77 "" 6.281638279668468e+20 5.3549775562409635e+22 9.815689441156379e+23 3.945963161379575e+22 6.475204942571757e+20 6.745611293776019e+21 1.1187980409214287e+23
2005al CMFGEN 1.4 2453448.76 "" 2.0715506315313033e+19 1.5826526902740826e+21 2.838690038232694e+22 1.2240372711086364e+21 5.571947068057974e+19 2.85908378362161e+20 3.043872322692247e+21
2005al CMFGEN 1.4 2453453.77 "" 2.8395521520386023e+23 4.802919710591648e+22 3.449986809842999e+23 1.303239894451789e+22 1.4847940584082322e+20 1.946661694555874e+21 ""
2005al CMFGEN 1.4 2453467.87 "" 5.63327177168858e+20 3.5917794821003245e+22 6.75667351281364e+23 2.8003727133004314e+22 2.4725086120047595e+20 3.666695192176115e+21 2.8176137305277497e+22
2005al CMFGEN 1.7 2453472.87 "" 1.7455220972946443e+21 1.8275302554882842e+22 9.812915795726091e+23 2.4607850628562542e+22 4.69606018677303e+19 1.9158173680236117e+21 4.67170693525913e+21
2005al CMFGEN 1.7 2453475.82 "" 9.753252400720976e+20 1.8335932490165007e+22 8.700366178496131e+23 2.470752011380945e+22 4.452603893802821e+19 1.7860721732007562e+21 1.93819813179958e+21
2005al CMFGEN 1.7 2453444.81 "" 1.9170119845325308e+20 4.0140441218567884e+20 2.352839278975011e+22 1.1466605600108988e+21 9.074677745417458e+18 1.3090372556442544e+20 1.7893442327557092e+20
2005al CMFGEN 1.7 2453479.77 "" 1.3486661337855712e+21 2.250746077867331e+22 1.1074875073066204e+24 2.813105663961887e+22 5.7946379130171744e+19 2.3513527459469425e+21 3.3695840793005754e+21
2005al CMFGEN 1.7 2453448.76 "" 4.808407593081733e+19 7.14844332781326e+20 3.1872516117922956e+22 8.684293525960458e+20 5.693168155788509e+18 1.1388755762031323e+20 1.3492566669191514e+20
2005al CMFGEN 1.7 2453453.77 "" 5.212171461078147e+23 1.7130982401058103e+22 3.8401418509006844e+23 9.021431591104611e+21 1.3888902299170568e+19 7.786733679726226e+20 ""
2005al CMFGEN 1.7 2453467.87 "" 1.2025183137511564e+21 1.480823751391609e+22 7.534334801270026e+23 1.9657675094756333e+22 2.2690350116764287e+19 1.3811415818885406e+21 1.0109552206165909e+21
2005am CMFGEN 1.04 2453472.51 "" 9.978730748489551e+21 1.487411942660491e+23 7.515586046416658e+24 1.1659784704321917e+23 4.408283426172752e+20 1.3514946267160783e+22 4.559201115518796e+25
2005am CMFGEN 1.04 2453475.5 "" 4.8223898288628315e+20 1.4261075176362017e+22 5.591604415477188e+23 1.241988928026367e+22 2.597718913117901e+19 1.0363422583580494e+21 2.809951117367388e+23
2005am CMFGEN 1.04 2453444.59 "" 1.4053512318148055e+19 2.362700950980387e+19 1.3506503566914085e+21 1.007049528941178e+20 5.355580869008726e+17 9.197264233095205e+18 5.311273747126897e+19
2005am CMFGEN 1.04 2453448.56 "" 6.219371759203207e+18 2.1571199717398565e+19 8.446410885766506e+20 3.1527952238893834e+19 3.2524918561968154e+17 4.4680759386291215e+18 1.434501199013929e+19
2005am CMFGEN 1.04 2453453.53 "" 2.8405169460969657e+24 2.8409795243142964e+24 1.4114429755081437e+22 2.7145559795825403e+20 2.4273714069054546e+18 3.3907698655973777e+19 ""
2005am CMFGEN 1.04 2453462.5 "" 8.774078066760352e+19 8.789342392928247e+20 2.871236642264719e+22 5.351125598639854e+20 9.296104099636663e+17 4.76963155085875e+19 9.65395388715668e+19
2005am CMFGEN 1.04 2453467.54 "" 1.4082619684226931e+20 1.2305786851279207e+21 4.6538954622326045e+22 8.889714877251423e+20 1.423989097028993e+18 7.422557899129414e+19 2.1061831041975275e+20
2005am CMFGEN 1.02 2453472.51 "" 4.1955060283214413e+21 1.712889230649437e+23 7.168668054267033e+24 1.4286252761172357e+23 8.686313075066997e+20 2.5072552629455794e+22 1.8678595030597314e+26
2005am CMFGEN 1.02 2453475.5 "" 2.23662335494468e+20 1.56906165407203e+22 5.342494600956303e+23 1.5397922164024501e+22 5.996298491215294e+19 1.917528267315594e+21 1.1298601535699364e+23
2005am CMFGEN 1.02 2453444.59 "" 7.336087626266233e+18 2.366881721029754e+19 1.2676553452081953e+21 1.2809140990228033e+20 1.0531447112430397e+18 1.5527081293651665e+19 1.2340837896146095e+20
2005am CMFGEN 1.02 2453448.56 "" 2.862189957024243e+18 2.2001722709009388e+19 7.964712506966705e+20 3.95364802179819e+19 7.088720635454945e+17 7.818332087387815e+18 3.3329808489749545e+19
