results/spec_chisq/features.ecsv
# %ECSV 0.9
# ---
# datatype:
# - name: obj_id
#   datatype: string
# - name: source
#   datatype: string
# - name: version
#   datatype: string
# - name: time
#   datatype: float64
# - name: pW1
#   datatype: float64
# - name: pW2
#   datatype: float64
# - name: pW3
#   datatype: float64
# - name: pW4
#   datatype: float64
# - name: pW5
#   datatype: float64
# - name: pW6
#   datatype: float64
# - name: pW7
#   datatype: float64
# - name: pW8
#   datatype: float64
# schema: astropy-2.0
obj_id source version time pW1 pW2 pW3 pW4 pW5 pW6 pW7 pW8
[from data line 559]
2006gt CMFGEN 1.02 2454003.75 "" 3.6044759785784336e+19 3.364999442002472e+21 3.0264745454704464e+23 7.607340003832387e+22 4.999337933554996e+21 7.285626934491941e+21 ""
2006gt CMFGEN 1.02 2454005.6 "" 1.0707885329030778e+20 1.537182948556509e+22 1.2687090948078687e+24 3.5023724911534344e+23 1.6606943936116318e+22 3.657396615229975e+22 ""
2006gt CMFGEN 1.02 2454006.59 "" 1.54888016590308e+20 1.687779607064881e+22 1.281706224788308e+24 3.157217685692313e+23 1.4659200100107605e+22 3.312251315172105e+22 ""
2006gt CMFGEN 1.4 2454018.72 "" 8.715512159088874e+22 4.545732753249056e+25 5.9261058394495615e+25 2.9594265578832206e+24 7.544642993710416e+23 5.0127175990214656e+23 ""
2006gt CMFGEN 1.4 2454021.69 "" 4.4368319046918545e+21 2.853534834028379e+24 2.770298963398517e+25 1.5586385431693109e+24 2.799379403233599e+23 2.7166637261864155e+23 ""
2006gt CMFGEN 1.4 2454003.75 "" 5.945835486633568e+19 5.920935573782295e+21 3.0532477643908603e+23 8.882450583604175e+22 7.181800443413679e+21 1.020681449491615e+22 ""
2006gt CMFGEN 1.4 2454005.6 "" 1.919696366187611e+20 2.706133107181641e+22 1.2777250997769377e+24 4.096091924416916e+23 2.533706576940411e+22 5.129571178399997e+22 ""
2006gt CMFGEN 1.4 2454006.59 "" 2.3241156440857277e+20 2.95959959325135e+22 1.2874889560354904e+24 3.703022085928278e+23 2.262499718478809e+22 4.640778768563934e+22 ""
2006gt CMFGEN 1.7 2454018.72 "" 2.5720118822831745e+22 3.4955460009670898e+25 6.1836863226922125e+25 2.249835322340382e+24 4.203625939646065e+23 2.4421021583167835e+23 ""
2006gt CMFGEN 1.7 2454021.69 "" 2.3489279517632535e+20 1.811767810291113e+24 2.9019926955401124e+25 1.155898580201354e+24 1.572007377189412e+23 1.3191043983639496e+23 ""
2006gt CMFGEN 1.7 2454003.75 "" 3.881737560457136e+19 3.5057713833497534e+21 3.344373680747616e+23 6.878692647522586e+22 3.6937506296997263e+21 5.053337499537263e+21 ""
2006gt CMFGEN 1.7 2454005.6 "" 8.50979456592117e+19 1.5935250576431313e+22 1.4048734408025826e+24 3.161806591885336e+23 1.1188433482769158e+22 2.5483840748670843e+22 ""
2006gt CMFGEN 1.7 2454006.59 "" 1.9642932085372296e+20 1.777976391006435e+22 1.4230243982439736e+24 2.8309935713241885e+23 9.699137096753558e+21 2.308877247884175e+22 ""
2006hx CMFGEN 1.04 2454018.77 "" 1.3704257657755677e+19 3.8992217524941263e+21 2.5781545359576855e+23 7.567395498506255e+22 1.450947377767627e+21 1.2363872744308264e+21 ""
2006hx CMFGEN 1.04 2454013.65 "" 2.070604711372011e+20 1.242691019826451e+22 5.49682304702786e+23 1.3004395064515835e+23 4.6952825682857545e+20 1.9563103863454546e+21 3.8921931721551307e+21
2006hx CMFGEN 1.02 2454018.77 "" 1.2754417040550443e+19 2.9826873136671495e+21 2.4798131272898788e+23 7.801380472372834e+22 1.94400154500383e+21 2.0156504163269833e+21 ""
2006hx CMFGEN 1.02 2454013.65 "" 1.0357942357903281e+20 9.528973681644647e+21 5.236370707860623e+23 1.344904367470761e+23 9.71470695377658e+20 3.4356616187558956e+21 2.117157269292522e+22
2006hx CMFGEN 1.4 2454018.77 "" 2.915842915789241e+19 5.210131092973109e+21 2.495118770964011e+23 8.53266205790678e+22 3.046731587870795e+21 2.7996032326163853e+21 ""
2006hx CMFGEN 1.4 2454013.65 "" 2.147676338819701e+20 1.6506714506065921e+22 5.256634154955825e+23 1.4908659267217262e+23 2.020853229427026e+21 5.069899376437335e+21 4.751960408388246e+22
2006hx CMFGEN 1.7 2454018.77 "" 2.1137575613436524e+18 3.276278733448066e+21 2.738401480459694e+23 8.021386611940053e+22 1.248388186431706e+21 1.3519524600661533e+21 ""
2006hx CMFGEN 1.7 2454013.65 "" 6.9295655058320105e+19 1.0579915165086488e+22 5.833255749872287e+23 1.395927467725919e+23 2.808203179968756e+20 2.0826332621297167e+21 1.6103097211365868e+21
2006kf CMFGEN 1.04 2454055.76 "" 1.5945599622223787e+20 4.421062876930962e+21 1.544891188155195e+23 5.329096693027352e+21 1.063606644111552e+20 7.155111080448101e+20 5.618019645037372e+21
2006kf CMFGEN 1.04 2454057.86 "" 2.844299356596592e+20 5.582084919113174e+21 1.7251681521482083e+23 5.332432937704735e+21 6.802265361960185e+19 6.282909380390185e+20 ""
2006kf CMFGEN 1.04 2454035.81 "" 2.9365351602072437e+20 4.978832728345176e+20 1.0733125172605788e+23 2.4747053556923336e+22 4.135045117076939e+19 1.4181031703173577e+21 2.934129847798514e+21
2006kf CMFGEN 1.04 2454042.74 "" "" "" "" "" "" 3.237841357099868e+20 1.0706975916286698e+21
2006kf CMFGEN 1.04 2454042.73 "" "" "" 3.6043419586783315e+22 7.35608287598179e+21 3.1913429655090926e+19 4.5146973680645715e+20 1.5650600424206547e+21
2006kf CMFGEN 1.04 2454070.78 "" 7.4667373527824855e+22 2.4692260686372346e+25 1.2428136135799917e+26 2.168509382503248e+23 4.3067526614018e+20 1.8701810119413105e+22 ""
2006kf CMFGEN 1.04 2454042.71 2.5440373432317673e+19 1.3964602266437681e+20 3.758369744889545e+20 "" "" "" "" ""
2006kf CMFGEN 1.04 2454043.83 "" 6.243541745730424e+19 1.492110098447624e+20 1.599939620295455e+22 2.896085753039112e+21 8.909202085562794e+18 1.8277167859496305e+20 ""
2006kf CMFGEN 1.02 2454055.76 "" 4.3454858140603195e+19 4.186927873362201e+21 1.4942050307955536e+23 6.798772513321057e+21 2.3766075113317374e+20 1.184631729722263e+21 1.5050524437333332e+22
2006kf CMFGEN 1.02 2454057.86 "" 8.313710888677573e+19 5.2257386954933e+21 1.6728225986050842e+23 6.884145067755186e+21 1.559370193120939e+20 1.0419540600528914e+21 ""
2006kf CMFGEN 1.02 2454035.81 "" 1.2117902469990459e+20 6.901651871750306e+20 1.007650295526459e+23 3.0103432452892768e+22 1.0795009859172629e+20 2.2649309878276194e+21 8.07629024033533e+21
2006kf CMFGEN 1.02 2454042.74 "" "" "" "" "" "" 5.067964485684276e+20 2.812546994673222e+21
2006kf CMFGEN 1.02 2454042.73 "" "" "" 3.371260938642888e+22 9.117848404321044e+21 6.453239633309798e+19 7.02079139192597e+20 4.2611509599209773e+21
2006kf CMFGEN 1.02 2454070.78 "" 2.0983604343605876e+22 5.62621315286736e+25 1.128344178447878e+26 2.831974867775648e+23 1.1644257490276423e+21 3.021457481430551e+22 ""
2006kf CMFGEN 1.02 2454042.71 1.4814895755917387e+20 5.705885304572333e+19 3.945086638293076e+20 "" "" "" "" ""
2006kf CMFGEN 1.02 2454043.83 "" 2.6460047549815206e+19 1.5447848067651446e+20 1.4996240507724775e+22 3.5977675114264123e+21 1.9227460241015607e+19 2.835762648388344e+20 ""
2006kf CMFGEN 1.4 2454055.76 "" 4.215176485289189e+19 7.74542753494934e+21 1.515009294941023e+23 8.34648810782312e+21 5.1700415416248893e+20 1.6959214196037197e+21 3.111578402902308e+22
2006kf CMFGEN 1.4 2454057.86 "" 7.891904624765252e+19 9.618101525750944e+21 1.6989523832572907e+23 8.525440156921952e+21 3.440486474031401e+20 1.4939050048154826e+21 ""
2006kf CMFGEN 1.4 2454035.81 "" 1.349864787043602e+20 1.414091249564444e+21 9.977701794205293e+22 3.7201044425996843e+22 2.551005321385119e+20 3.1471841695620625e+21 1.5920297746999525e+22
2006kf CMFGEN 1.4 2454042.74 "" "" "" "" "" "" 7.015226970127283e+20 5.489111332342722e+21
2006kf CMFGEN 1.4 2454042.73 "" "" "" 3.3275627480590823e+22 1.1345500134531448e+22 1.2128480213165307e+20 9.69862407461643e+20 8.318413982058709e+21
2006kf CMFGEN 1.4 2454070.78 "" 2.1438109494341584e+22 1.2431179558159401e+26 1.0873623896865625e+26 3.49322311928372e+23 2.761369695350423e+21 4.285514641015047e+22 ""
2006kf CMFGEN 1.4 2454042.71 2.5716437360342522e+20 6.294190390516922e+19 7.539602449523957e+20 "" "" "" "" ""
2006kf CMFGEN 1.4 2454043.83 "" 3.0026019981914845e+19 2.87894184961112e+20 1.4836388602749712e+22 4.4810078724172336e+21 3.909169392358533e+19 3.915146536625116e+20 ""
2006kf CMFGEN 1.7 2454055.76 "" 1.0479559130217256e+20 3.508498721656858e+21 1.6488247114536907e+23 5.379998932906765e+21 6.2528538138283205e+19 7.353659133930078e+20 1.2446435597333517e+21
2006kf CMFGEN 1.7 2454057.86 "" 2.1265805139730845e+20 4.451099813022035e+21 1.8429488184180233e+23 5.27327677047134e+21 3.9275134369705484e+19 6.480974404103533e+20 ""
2006kf CMFGEN 1.7 2454035.81 "" 2.6621168952010703e+20 3.3069663720128637e+20 1.1281589350559609e+23 2.4633921786164724e+22 2.3461326295779176e+19 1.45258939198611e+21 8.042930999106415e+20
2006kf CMFGEN 1.7 2454042.74 "" "" "" "" "" "" 3.167214963026942e+20 2.5584935120414786e+20
2006kf CMFGEN 1.7 2454042.73 "" "" "" 3.8269565552327284e+22 7.285698668526711e+21 2.6034224852815266e+19 4.4138908367122747e+20 3.967826449574721e+20
2006kf CMFGEN 1.7 2454070.78 "" 4.863560944229037e+22 1.061145348239706e+25 1.493775454012472e+26 2.1354137305909572e+23 2.3313255616683832e+20 1.909021740159892e+22 ""
2006kf CMFGEN 1.7 2454042.71 2.883171758771757e+19 1.2778967337056487e+20 2.8216251528267124e+20 "" "" "" "" ""
2006kf CMFGEN 1.7 2454043.83 "" 5.764924864042059e+19 1.1255503788868252e+20 1.697771917814454e+22 2.8725635551336176e+21 6.804207861125238e+18 1.7767876922414006e+20 ""
2006mr CMFGEN 1.04 2454048.66 "" "" "" "" "" "" 3.771053257371959e+19 1.3072485965760399e+20
2006mr CMFGEN 1.04 2454048.65 "" 1.6663631685464054e+20 5.3287667069890265e+20 1.7282189265954885e+22 1.362567983941031e+21 1.902577502257533e+19 "" ""
2006mr CMFGEN 1.04 2454082.7 "" 2.3781891095393825e+25 3.2455343077204895e+24 4.723093926680994e+24 1.2679995919686168e+23 4.928021395388563e+21 3.2147091213684016e+21 3.3692106942121766e+21
2006mr CMFGEN 1.04 2454113.61 "" "" "" 3.381650720453423e+24 7.992941594671083e+22 1.6273617091813634e+25 1.4412795918793631e+25 9.147044777831837e+28
2006mr CMFGEN 1.04 2454052.63 "" "" "" "" 7.293500036689122e+20 8.392658916893037e+18 2.2020623758174245e+19 8.085872071614728e+19
2006mr CMFGEN 1.04 2454052.62 "" "" "" 9.297507959654998e+21 5.3566370293225626e+20 9.061684477498381e+18 2.5648508488482333e+19 1.9539502752082834e+20
2006mr CMFGEN 1.04 2454055.71 "" 3.0006867489166447e+19 8.654288096795525e+20 8.156680343309033e+21 2.3184898793316113e+20 3.6079520352140493e+18 1.3055434335978746e+19 3.939230092991902e+19
2006mr CMFGEN 1.04 2454087.7 "" 8.008011248674738e+20 5.298230304919024e+22 7.448802770941809e+23 1.2743385697222977e+22 8.921212165661481e+20 9.920789493209503e+20 3.206838444218657e+22
2006mr CMFGEN 1.04 2454058.53 "" 3.847161945878097e+19 3.28232227660607e+21 2.479497152543616e+22 5.653671493897489e+20 4.91148126958453e+18 2.3754804394353525e+19 1.0776890414104622e+20
2006mr CMFGEN 1.04 2454059.8 "" 3.703017226597327e+20 5.808447096785847e+22 2.220495200389352e+22 6.38923944305724e+20 3.223866495652018e+17 2.9963384782416404e+19 ""
2006mr CMFGEN 1.04 2454061.73 "" 1.2573780617781775e+21 5.616917338768968e+22 3.853817607471014e+23 7.713590666450144e+21 2.7258190801192595e+19 3.8659423145258883e+20 1.1004761176357491e+21
2006mr CMFGEN 1.04 2454101.63 "" 1.5073461063348147e+24 7.336509980778762e+26 8.768990870470932e+25 2.1761674356448196e+24 2.2378325598208832e+24 "" ""
2006mr CMFGEN 1.04 2454106.63 "" "" "" "" "" "" 2.735619651391033e+21 2.0037130190560325e+22
2006mr CMFGEN 1.04 2454106.61 "" "" "" 2.8445235400396438e+23 1.0354014150063079e+22 4.313283657394965e+19 7.739497522564427e+20 2.7178507548632757e+21
2006mr CMFGEN 1.04 2454106.59 1.087827604345369e+24 1.6912911637062387e+21 4.462893738839977e+23 "" "" "" "" ""
2006mr CMFGEN 1.02 2454048.66 "" "" "" "" "" "" 6.933086532687877e+19 3.0516107005720776e+20
2006mr CMFGEN 1.02 2454048.65 "" 7.612885688815911e+19 5.666450171805815e+20 1.6673816180124404e+22 1.7313039093639647e+21 3.3267259668879913e+19 "" ""
2006mr CMFGEN 1.02 2454082.7 "" 1.1759284612043398e+25 2.2932376337147896e+24 4.5481812779580726e+24 1.5501663383907897e+23 8.472997969232489e+21 6.450739494195659e+21 9.059776425547608e+21
2006mr CMFGEN 1.02 2454113.61 "" "" "" 3.123059386534074e+24 9.938698265050974e+22 2.644408194137136e+25 2.199507193431384e+25 3.590607343911242e+29
2006mr CMFGEN 1.02 2454052.63 "" "" "" "" 9.029609265283176e+20 1.4145837050165576e+19 4.1112967157014725e+19 1.7990408285111307e+20
2006mr CMFGEN 1.02 2454052.62 "" "" "" 8.811162771983792e+21 6.718231366557678e+20 1.525935683712992e+19 4.852363042911045e+19 4.3264436391974096e+20
2006mr CMFGEN 1.02 2454055.71 "" 1.4526598593855099e+19 9.758475855770057e+20 7.839617784924882e+21 2.8340643386998083e+20 6.062749929870922e+18 2.4871265904204734e+19 8.631842668267299e+19
2006mr CMFGEN 1.02 2454087.7 "" 3.873703364425832e+20 6.742365991289968e+22 7.125034613641907e+23 1.542086742678283e+22 1.5689476243239414e+21 1.9635174291848715e+21 2.7308710454347117e+22
2006mr CMFGEN 1.02 2454058.53 "" 1.8953866916589375e+19 3.975291720596678e+21 2.384442840912101e+22 6.883090928325692e+20 8.19597218150697e+18 4.516927472716713e+19 2.188614944462352e+20
2006mr CMFGEN 1.02 2454059.8 "" 1.7628942784593022e+20 4.254036475297395e+22 2.141069833086871e+22 7.804511349273085e+20 5.798109621564672e+17 5.691997620433703e+19 ""
2006mr CMFGEN 1.02 2454061.73 "" 5.957193982571851e+20 6.833361250315827e+22 3.70791400003916e+23 9.349761128125471e+21 4.443430391514857e+19 7.307360827487637e+20 2.2227112721145586e+21
2006mr CMFGEN 1.02 2454101.63 "" 7.464185484364434e+23 8.4248409174239e+26 8.219897249887219e+25 2.6956794362584416e+24 4.98094718709731e+24 "" ""
2006mr CMFGEN 1.02 2454106.63 "" "" "" "" "" "" 4.790928829525108e+21 6.491412126099e+22
2006mr CMFGEN 1.02 2454106.61 "" "" "" 2.7642736488439382e+23 1.2644736862659627e+22 9.455922480054128e+19 1.3967779830453623e+21 8.976657118800944e+21
2006mr CMFGEN 1.02 2454106.59 4.3657510708734963e+24 8.360674277166854e+20 4.974031668309763e+23 "" "" "" "" ""
2006mr CMFGEN 1.4 2454048.66 "" "" "" "" "" "" 1.0735108393721768e+20 6.232007987708495e+20
2006mr CMFGEN 1.4 2454048.65 "" 8.761521710325708e+19 1.0905681185580806e+21 1.7142358181786274e+22 2.135654477422076e+21 5.113030619824378e+19 "" ""
2006mr CMFGEN 1.4 2454082.7 "" 1.377203680052037e+25 3.4202422633757167e+24 4.5810416513563895e+24 1.887018535357149e+23 1.2393448095453517e+22 1.07265986303239e+22 1.7425661856558763e+22
2006mr CMFGEN 1.4 2454113.61 "" "" "" 3.0563026044455005e+24 1.2013501437149196e+23 3.7022795230749466e+25 3.0281972834315755e+25 6.728184931646327e+29
2006mr CMFGEN 1.4 2454052.63 "" "" "" "" 1.0971376035961863e+21 2.0322285258445447e+19 6.4312567427617325e+19 3.71384889964897e+20
2006mr CMFGEN 1.4 2454052.62 "" "" "" 8.903720377241202e+21 8.224675717802668e+20 2.174732470999773e+19 7.643014840583297e+19 8.854000445929058e+20
2006mr CMFGEN 1.4 2454055.71 "" 1.7111737953569985e+19 1.8666557937576496e+21 7.958319323058198e+21 3.440496961547376e+20 8.539255042521357e+18 3.9737147949857825e+19 1.7534070911047175e+20
2006mr CMFGEN 1.4 2454087.7 "" 4.5639872541603784e+20 1.2216755354758979e+23 7.121037686664492e+23 1.8623402599979455e+22 2.3966979807389244e+21 3.140197663579701e+21 4.512112468785021e+22
2006mr CMFGEN 1.4 2454058.53 "" 2.2302029209140273e+19 7.799779314556025e+21 2.4043454635496073e+22 8.301753268039981e+20 1.1436519310093599e+19 7.136401021420182e+19 4.488279053429808e+20
2006mr CMFGEN 1.4 2454059.8 "" 2.0514505411584816e+20 8.033733595019145e+22 2.1663144216505338e+22 9.405448311030172e+20 1.1274135232064579e+18 8.868781794663167e+19 ""
2006mr CMFGEN 1.4 2454061.73 "" 6.976300531469926e+20 1.351765295902967e+23 3.729698897442858e+23 1.1286053417024366e+22 6.4449077516142944e+19 1.1425714999470145e+21 4.5026146107970793e+21
2006mr CMFGEN 1.4 2454101.63 "" 8.756505189967379e+23 1.7069331471324965e+27 8.111009255342239e+25 3.2468034737317204e+24 1.056592764961417e+25 "" ""
2006mr CMFGEN 1.4 2454106.63 "" "" "" "" "" "" 7.294446804282234e+21 1.2817114448433619e+23
2006mr CMFGEN 1.4 2454106.61 "" "" "" 2.8436650830593427e+23 1.5362496686573958e+22 2.0198785937035454e+20 2.0850471608086477e+21 1.8589491271855927e+22
2006mr CMFGEN 1.4 2454106.59 1.0247186222733258e+25 9.815872320031975e+20 6.940203856880857e+23 "" "" "" "" ""
2006mr CMFGEN 1.7 2454048.66 "" "" "" "" "" "" 3.823400758962269e+19 1.9929044783561937e+19
2006mr CMFGEN 1.7 2454048.65 "" 1.608618181017096e+20 4.0568380599464093e+20 1.7978258588082666e+22 1.3943114984677625e+21 1.898344335415424e+19 "" ""
2006mr CMFGEN 1.7 2454082.7 "" 2.375777307880021e+25 2.889817686291404e+24 5.045247926624696e+24 1.378123046921267e+23 5.500074193145357e+21 2.693837170231213e+21 8.788825536413459e+20
