results/spec_chisq/features.ecsv
# %ECSV 0.9
# ---
# datatype:
# - {name: obj_id, datatype: string}
# - {name: source, datatype: string}
# - {name: version, datatype: string}
# - {name: time, datatype: float64}
# - {name: pW1, datatype: float64}
# - {name: pW2, datatype: float64}
# - {name: pW3, datatype: float64}
# - {name: pW4, datatype: float64}
# - {name: pW5, datatype: float64}
# - {name: pW6, datatype: float64}
# - {name: pW7, datatype: float64}
# - {name: pW8, datatype: float64}
# schema: astropy-2.0
obj_id source version time pW1 pW2 pW3 pW4 pW5 pW6 pW7 pW8
2004ef CMFGEN 1.04 2453255.66 "" 73333.33333333334 248888.88888888893 250000.00000000006 205555.5555555556 105555.55555555556 242222.22222222225 ""
2004ef CMFGEN 1.04 2453256.68 "" 110000.00000000001 391111.1111111111 415555.5555555556 341111.1111111112 156666.6666666667 340000.00000000006 ""
2004ef CMFGEN 1.04 2453257.77 "" 45555.55555555556 156666.6666666667 150000.0 137777.77777777787 52222.22222222222 118888.8888888889 ""
2004ef CMFGEN 1.04 2453258.68 "" 111111.11111111112 423333.33333333343 440000.00000000006 373333.3333333334 135555.55555555562 318888.88888888893 ""
2004ef CMFGEN 1.04 2453262.61 "" 66666.66666666667 222222.22222222225 225555.5555555556 158888.8888888889 113333.33333333334 156666.6666666667 312222.22222222225
2004ef CMFGEN 1.04 2453267.57 "" "" "" 2.2571727364781984e+25 1.1334493946593856e+25 4.644074361961294e+24 6.808600773746546e+24 4.137411699739696e+26
2004ef CMFGEN 1.04 2453268.63 "" 6.268131046422139e+24 1.990262885883332e+25 1.68836041796307e+25 6.676044880889698e+24 2.8275139088261394e+24 5.849444914151206e+24 8.728292385013601e+25
2004ef CMFGEN 1.04 2453302.62 5.055694067681515e+28 1.3872646558287032e+26 5.74178349784338e+27 3.529598463977847e+27 3.6734042421901666e+26 7.934361684770626e+25 1.1192066111180675e+27 ""
2004ef CMFGEN 1.02 2453255.66 "" 73333.33333333334 248888.88888888893 250000.00000000006 205555.5555555556 105555.55555555556 242222.22222222225 ""
2004ef CMFGEN 1.02 2453256.68 "" 110000.00000000001 391111.1111111111 415555.5555555556 341111.1111111112 156666.6666666667 340000.00000000006 ""
2004ef CMFGEN 1.02 2453257.77 "" 45555.55555555556 156666.6666666667 150000.0 137777.77777777787 52222.22222222222 118888.8888888889 ""
2004ef CMFGEN 1.02 2453258.68 "" 111111.11111111112 423333.33333333343 440000.00000000006 373333.3333333334 135555.55555555562 318888.88888888893 ""
2004ef CMFGEN 1.02 2453262.61 "" 66666.66666666667 222222.22222222225 225555.5555555556 158888.8888888889 113333.33333333334 156666.6666666667 312222.22222222225
2004ef CMFGEN 1.02 2453267.57 "" "" "" 5.761429040893062e+24 4.1279183033907454e+24 1.4076787199902874e+24 3.161199767814863e+24 7.936888562522003e+25
2004ef CMFGEN 1.02 2453268.63 "" 1.905444246620958e+24 5.897911889716033e+24 5.768665069213288e+24 2.9075163506896464e+24 8.846002962914221e+23 2.991553293840598e+24 2.325070619377981e+25
2004ef CMFGEN 1.02 2453302.62 2.2417262677953565e+28 1.567672296861963e+26 5.583961486014861e+27 6.414392336338726e+27 7.94923003255281e+26 4.181570749774576e+26 1.1484761106300598e+27 ""
2004ef CMFGEN 1.4 2453255.66 "" 73333.33333333334 248888.88888888893 250000.00000000006 205555.5555555556 105555.55555555556 242222.22222222225 ""
2004ef CMFGEN 1.4 2453256.68 "" 110000.00000000001 391111.1111111111 415555.5555555556 341111.1111111112 156666.6666666667 340000.00000000006 ""
2004ef CMFGEN 1.4 2453257.77 "" 45555.55555555556 156666.6666666667 150000.0 137777.77777777787 52222.22222222222 118888.8888888889 ""
2004ef CMFGEN 1.4 2453258.68 "" 111111.11111111112 423333.33333333343 440000.00000000006 373333.3333333334 135555.55555555562 318888.88888888893 ""
2004ef CMFGEN 1.4 2453262.61 "" 66666.66666666667 222222.22222222225 225555.5555555556 158888.8888888889 113333.33333333334 156666.6666666667 312222.22222222225
2004ef CMFGEN 1.4 2453267.57 "" "" "" 1.6277063400223425e+24 1.6042356170630322e+24 7.221035336463089e+23 1.501711335584559e+24 2.2574225544807904e+25
2004ef CMFGEN 1.4 2453268.63 "" 3.5771729800614094e+23 1.1101853317142104e+24 2.4250224890625815e+24 1.5176137419738763e+24 5.029369765231584e+23 2.0106651213173187e+24 3.0254039593061366e+24
2004ef CMFGEN 1.4 2453302.62 1.9324661313872776e+28 1.7075208994121886e+26 5.007335159473326e+27 7.198890176310935e+27 9.147293365073402e+26 8.168758461221875e+26 1.488309411151903e+27 ""
2004ef CMFGEN 1.7 2453255.66 "" 73333.33333333334 248888.88888888893 250000.00000000006 205555.5555555556 105555.55555555556 242222.22222222225 ""
2004ef CMFGEN 1.7 2453256.68 "" 110000.00000000001 391111.1111111111 415555.5555555556 341111.1111111112 156666.6666666667 340000.00000000006 ""
2004ef CMFGEN 1.7 2453257.77 "" 45555.55555555556 156666.6666666667 150000.0 137777.77777777787 52222.22222222222 118888.8888888889 ""
2004ef CMFGEN 1.7 2453258.68 "" 111111.11111111112 423333.33333333343 440000.00000000006 373333.3333333334 135555.55555555562 318888.88888888893 ""
2004ef CMFGEN 1.7 2453262.61 "" 66666.66666666667 222222.22222222225 225555.5555555556 158888.8888888889 113333.33333333334 156666.6666666667 312222.22222222225
2004ef CMFGEN 1.7 2453267.57 "" "" "" 1.0698012479095076e+25 7.347244678283261e+24 2.7504289869744025e+24 5.710705909303755e+24 2.4692037938569146e+26
2004ef CMFGEN 1.7 2453268.63 "" 3.494058875685782e+24 1.0487425323686262e+25 8.56521415860404e+24 3.9519353581189896e+24 1.7166465972663583e+24 4.91812430855e+24 5.513608828427524e+25
2004ef CMFGEN 1.7 2453302.62 4.427008632754901e+28 1.632818127480065e+26 6.864883213505929e+27 4.910706808472244e+27 5.349741095035477e+26 1.2432667767282088e+26 1.3683506192950364e+27 ""
2004eo CMFGEN 1.04 2453267.52 "" "" "" 268888.888888889 181111.11111111112 107777.7777777778 148888.8888888889 305555.5555555556
2004eo CMFGEN 1.04 2453268.51 "" 56666.66666666667 220000.00000000003 250000.00000000006 148888.8888888889 128888.8888888889 203333.33333333337 262222.22222222236
2004eo CMFGEN 1.04 2453303.52 "" 3.5869793113976435e+25 4.015178761767549e+26 1.2709286005003587e+26 1.1659269973734357e+25 8.49969846538281e+24 2.0435001625820546e+25 ""
2004eo CMFGEN 1.02 2453267.52 "" "" "" 268888.888888889 181111.11111111112 107777.7777777778 148888.8888888889 305555.5555555556
2004eo CMFGEN 1.02 2453268.51 "" 56666.66666666667 220000.00000000003 250000.00000000006 148888.8888888889 128888.8888888889 203333.33333333337 262222.22222222236
2004eo CMFGEN 1.02 2453303.52 "" 4.34803300615303e+25 5.463642142674954e+26 2.059603669307671e+26 1.672585602472156e+25 1.6108477738937109e+25 2.586911390681871e+25 ""
2004eo CMFGEN 1.4 2453267.52 "" "" "" 268888.888888889 181111.11111111112 107777.7777777778 148888.8888888889 305555.5555555556
2004eo CMFGEN 1.4 2453268.51 "" 56666.66666666667 220000.00000000003 250000.00000000006 148888.8888888889 128888.8888888889 203333.33333333337 262222.22222222236
2004eo CMFGEN 1.4 2453303.52 "" 4.635973437182231e+25 5.511890249127036e+26 2.227735205233001e+26 1.8955589386844709e+25 1.8947915794038933e+25 3.0659258293017724e+25 ""
2004eo CMFGEN 1.7 2453267.52 "" "" "" 268888.888888889 181111.11111111112 107777.7777777778 148888.8888888889 305555.5555555556
2004eo CMFGEN 1.7 2453268.51 "" 56666.66666666667 220000.00000000003 250000.00000000006 148888.8888888889 128888.8888888889 203333.33333333337 262222.22222222236
2004eo CMFGEN 1.7 2453303.52 "" 3.89769705477654e+25 4.7618823151169305e+26 1.6489700711017846e+26 1.4183589289349251e+25 1.190626276915896e+25 2.3226897232195237e+25 ""
2004ey CMFGEN 1.04 2453303.56 "" 28888.88888888889 155555.55555555556 183333.33333333337 135555.55555555562 70000.0 104444.44444444445 ""
2004ey CMFGEN 1.04 2453335.56 "" 6.372751637910946e+24 1.3956823409063678e+26 4.5311197313006124e+25 4.176881534656951e+24 1.5885516026916377e+24 9.52718872459684e+24 ""
2004ey CMFGEN 1.04 2453348.53 "" 7.675055142479737e+24 9.676486992702272e+25 5.745793945831577e+25 5.359789940181295e+24 1.2687041599244446e+24 2.2787500036444137e+25 2.8007348920333984e+25
2004ey CMFGEN 1.04 2453352.53 "" 7.058952042026698e+24 1.615116169957714e+26 9.570686600812942e+25 7.834078752234275e+24 1.9445293643748634e+24 3.4185844256876474e+25 5.56957587438442e+25
2004ey CMFGEN 1.02 2453303.56 "" 28888.88888888889 155555.55555555556 183333.33333333337 135555.55555555562 70000.0 104444.44444444445 ""
2004ey CMFGEN 1.02 2453335.56 "" 7.712475233211877e+24 1.585631079369689e+26 9.16848721750039e+25 1.0682717066042126e+25 4.416520413579307e+24 1.0739258381609852e+25 ""
2004ey CMFGEN 1.02 2453348.53 "" 6.567644952859427e+24 7.368770500841654e+25 8.702787918721029e+25 1.4135213070698213e+25 7.299874513123326e+24 2.678668918985146e+25 9.281561630470458e+25
2004ey CMFGEN 1.02 2453352.53 "" 5.91520585035466e+24 1.2587733056074837e+26 1.2838281913069672e+26 1.7831808267108624e+25 1.0156990584855205e+25 4.1296153853981665e+25 1.9093328768007927e+26
2004ey CMFGEN 1.4 2453303.56 "" 28888.88888888889 155555.55555555556 183333.33333333337 135555.55555555562 70000.0 104444.44444444445 ""
2004ey CMFGEN 1.4 2453335.56 "" 8.816045664037588e+24 1.6261307723082876e+26 1.1013342064516665e+26 1.3903538907295552e+25 8.26360322468645e+24 1.482777998924731e+25 ""
2004ey CMFGEN 1.4 2453348.53 "" 5.784993264851241e+24 6.115252448671769e+25 9.059264951211793e+25 1.6215502924855643e+25 1.694787694779773e+25 3.4532888434687985e+25 1.9648058355540705e+26
2004ey CMFGEN 1.4 2453352.53 "" 4.859912737950671e+24 9.921347323851826e+25 1.2734074952963755e+26 1.952223217189137e+25 2.497317674163403e+25 5.0009896903942886e+25 4.333918136001305e+26
2004ey CMFGEN 1.7 2453303.56 "" 28888.88888888889 155555.55555555556 183333.33333333337 135555.55555555562 70000.0 104444.44444444445 ""
2004ey CMFGEN 1.7 2453335.56 "" 6.861016862323659e+24 1.4660114467235217e+26 5.860938247944103e+25 6.04311946872545e+24 2.5706617681694076e+24 1.1210583881202023e+25 ""
2004ey CMFGEN 1.7 2453348.53 "" 1.0954621419139068e+25 1.2660692257463926e+26 8.596016948418024e+25 8.642507858858151e+24 1.0786886180640756e+24 2.8363529008967354e+25 9.806094398810288e+24
2004ey CMFGEN 1.7 2453352.53 "" 1.0621988762577347e+25 2.2037373519184333e+26 1.4638597081539582e+26 1.2471643205036608e+25 1.1329290980990092e+24 4.259259713910143e+25 2.0147659858585913e+25
2004gs CMFGEN 1.04 2453352.76 "" 55555.55555555556 176666.6666666667 372222.22222222225 113333.33333333334 105555.55555555556 166666.6666666667 246666.6666666667
2004gs CMFGEN 1.04 2453358.75 "" 1.7098817762493916e+23 9.271582249572024e+23 1.013309867940325e+24 4.9480133959404734e+23 3.410882544890514e+23 6.179137139967649e+23 ""
2004gs CMFGEN 1.02 2453352.76 "" 55555.55555555556 176666.6666666667 372222.22222222225 113333.33333333334 105555.55555555556 166666.6666666667 246666.6666666667
2004gs CMFGEN 1.02 2453358.75 "" 7.600869073245283e+21 2.8382015337850267e+22 1.283869168003434e+23 1.0780819863330952e+23 8.845945517622933e+22 1.2919922756519908e+23 ""
2004gs CMFGEN 1.4 2453352.76 "" 55555.55555555556 176666.6666666667 372222.22222222225 113333.33333333334 105555.55555555556 166666.6666666667 246666.6666666667
2004gs CMFGEN 1.4 2453358.75 "" 8.016033215588016e+20 3.7663273708511046e+21 2.8521549524055397e+22 3.480580750466197e+22 3.931191065213466e+22 8.15947585407052e+22 ""
2004gs CMFGEN 1.7 2453352.76 "" 55555.55555555556 176666.6666666667 372222.22222222225 113333.33333333334 105555.55555555556 166666.6666666667 246666.6666666667
2004gs CMFGEN 1.7 2453358.75 "" 1.8972875783612565e+23 5.857763767369714e+23 5.3560446080222854e+23 3.584715325271536e+23 2.196595379862999e+23 4.228995805328318e+23 ""
2004gu CMFGEN 1.04 2453358.83 105555.55555555556 30000.0 161111.11111111112 160000.00000000003 140000.00000000012 64444.44444444445 115555.55555555558 ""
2004gu CMFGEN 1.02 2453358.83 105555.55555555556 30000.0 161111.11111111112 160000.00000000003 140000.00000000012 64444.44444444445 115555.55555555558 ""
2004gu CMFGEN 1.4 2453358.83 105555.55555555556 30000.0 161111.11111111112 160000.00000000003 140000.00000000012 64444.44444444445 115555.55555555558 ""
2004gu CMFGEN 1.7 2453358.83 105555.55555555556 30000.0 161111.11111111112 160000.00000000003 140000.00000000012 64444.44444444445 115555.55555555558 ""
2005A CMFGEN 1.04 2453384.61 2.6060191881911942e+29 2.6907087624013314e+26 5.594725512056551e+26 1.0455828499337991e+27 1.9817734732516364e+25 5.00086068991747e+24 6.848301340211024e+24 ""
2005A CMFGEN 1.04 2453405.59 "" 2.7802450672818282e+32 4.024782291863308e+32 1.593980451296517e+29 3.66475799632444e+26 1.9343296455981562e+26 7.931889625518541e+26 8.775686190169971e+29
2005A CMFGEN 1.04 2453413.59 "" 3.646111009315143e+29 2.84588478552681e+30 1.3383105490166917e+30 1.4776694127024024e+27 1.7857432826640183e+26 2.237614754889266e+27 5.130131846744707e+27
2005A CMFGEN 1.02 2453384.61 3.0076785196125658e+28 7.727168139583152e+25 1.8235459431400846e+26 3.6647528293977826e+26 8.315154079646309e+24 1.5392608393959052e+24 2.9909083105937897e+24 ""
2005A CMFGEN 1.02 2453405.59 "" 2.353346476300446e+32 4.482499309595475e+32 2.8991445800124554e+29 5.7332650100697784e+26 3.86480424014747e+26 1.025661338666401e+27 2.261611325745131e+30
2005A CMFGEN 1.02 2453413.59 "" 4.1162109824149835e+29 2.698744814098789e+30 2.7064959714615717e+30 3.933361869182375e+27 6.266964781457584e+26 2.497407760576134e+27 1.0440327061734573e+28
2005A CMFGEN 1.4 2453384.61 1.832618992307488e+27 9.124062115383479e+24 4.932473742691631e+25 1.549597140718247e+26 4.668227827530127e+24 8.462610467421182e+23 1.7602898956349212e+24 ""
2005A CMFGEN 1.4 2453405.59 "" 2.0983599084983294e+32 4.2178225451069765e+32 3.307919874830422e+29 6.478907626838668e+26 4.7035736854747204e+26 1.2326320749690985e+27 3.351791117829852e+30
2005A CMFGEN 1.4 2453413.59 "" 4.5152399197288264e+29 2.6053642032962566e+30 3.144743639962796e+30 5.092851235157373e+27 1.2825767958145808e+27 3.510352016316689e+27 1.935858313419584e+28
2005A CMFGEN 1.7 2453384.61 9.046151298225822e+28 1.3678135040488023e+26 2.7004302236931937e+26 5.489378569010471e+26 1.0618387550300644e+25 2.901128878493686e+24 4.5459493845218304e+24 ""
2005A CMFGEN 1.7 2453405.59 "" 2.5914842947084605e+32 4.280965919112153e+32 2.092940742981132e+29 4.637951538356014e+26 2.737560496625613e+26 9.167624920844017e+26 9.83643673153759e+29
2005A CMFGEN 1.7 2453413.59 "" 4.0496893141062056e+29 2.815722931624427e+30 1.6405981808821639e+30 2.1309230062166623e+27 3.160317048244715e+26 2.713704682081944e+27 3.4052740553346396e+27
2005M CMFGEN 1.04 2453405.71 "" 52222.22222222222 162222.22222222225 232222.22222222225 174444.44444444447 107777.7777777778 252222.22222222225 197777.7777777778
2005M CMFGEN 1.04 2453409.73 "" 3.957979006665562e+23 1.447532366042816e+24 1.754633003073413e+24 1.0600620675999565e+24 6.016542855334683e+23 1.8662245148952965e+24 4.3479747397658563e+24
2005M CMFGEN 1.04 2453413.75 "" 3.1606414807019338e+25 7.759574004988489e+25 8.559272921782215e+25 3.139017243006819e+25 2.9451565060009533e+25 4.1744366431552305e+25 1.7133310968534462e+26
2005M CMFGEN 1.04 2453444.62 "" 2.706278198143221e+25 1.3282398718957923e+27 5.546489040381694e+26 8.06200795914265e+25 9.966376013554526e+24 1.8023401194579436e+26 7.85153006470737e+25
2005M CMFGEN 1.04 2453448.58 "" 1.5696207948847087e+26 9.504870442684397e+27 2.5752898539327986e+29 3.0252345005950015e+26 3.4963575070091964e+25 8.442873674121861e+26 5.496814687707582e+27
2005M CMFGEN 1.04 2453453.57 "" 4.049243741065048e+28 5.523152124902571e+29 5.85666999308897e+27 5.04265032124271e+26 7.74512322739085e+25 1.87562034168061e+27 ""
2005M CMFGEN 1.04 2453462.58 "" 1.4320898561025498e+25 4.921771012354373e+26 3.0432797695299574e+26 3.938767379385691e+25 8.079163076514256e+24 1.5084847979046162e+26 1.74682132930349e+26
2005M CMFGEN 1.04 2453472.54 "" 1.140620071641498e+25 4.2565755253276945e+26 3.552842460184895e+26 3.936033082044517e+25 9.041686403505609e+24 1.5466351197015178e+26 1.3919627727340633e+28
2005M CMFGEN 1.04 2453475.54 "" 3.0852847381653927e+25 5.4902299411456686e+26 4.8472785044312e+26 5.3028120840243345e+25 1.3613914211430786e+25 2.084877225523177e+26 3.050882037621308e+28
2005M CMFGEN 1.02 2453405.71 "" 52222.22222222222 162222.22222222225 232222.22222222225 174444.44444444447 107777.7777777778 252222.22222222225 197777.7777777778
2005M CMFGEN 1.02 2453409.73 "" 3.938151995537547e+22 2.8681647050505782e+23 5.126793810694074e+23 4.136053394387745e+23 1.796538421537084e+23 5.78304201618364e+23 1.1463445491939522e+24
