results/spec_chisq/features.ecsv
# %ECSV 0.9
# ---
# datatype:
# - {name: obj_id, datatype: string}
# - {name: source, datatype: string}
# - {name: version, datatype: string}
# - {name: time, datatype: float64}
# - {name: pW1, datatype: float64}
# - {name: pW2, datatype: float64}
# - {name: pW3, datatype: float64}
# - {name: pW4, datatype: float64}
# - {name: pW5, datatype: float64}
# - {name: pW6, datatype: float64}
# - {name: pW7, datatype: float64}
# - {name: pW8, datatype: float64}
# schema: astropy-2.0
obj_id source version time pW1 pW2 pW3 pW4 pW5 pW6 pW7 pW8
[from data line 1100]
2007on CMFGEN 1.7 2454429.75 1.0572513447313724e+25 5.757927771439971e+23 1.667623185511516e+25 4.067684306467882e+24 3.613702358701485e+23 1.412636989685842e+24 1.312623245243307e+24 2.2287311363861855e+24
2007on CMFGEN 1.7 2454434.68 1.6481658110647608e+25 9.257787677025721e+23 2.6815130668190357e+25 5.590937286251365e+24 3.025724880526188e+23 7.161292269083771e+23 "" ""
2007on CMFGEN 1.7 2454434.7 "" "" "" "" "" "" 5.5771820490979925e+23 2.3239717903813092e+23
2007on CMFGEN 1.7 2454437.68 "" 1.3220068101964988e+24 2.9038951479270388e+25 7.497674418672968e+24 4.535971519497054e+23 5.3515299785282755e+23 1.2347193953716435e+24 2.5557745190044903e+23
2007on CMFGEN 1.7 2454443.71 "" 1.8485767373821353e+24 4.7060630560868395e+25 1.5013353387734484e+25 1.2380803008243094e+24 1.1591108256437615e+24 2.77617345804517e+24 3.9984240614531476e+23
2007on CMFGEN 1.7 2454444.7 "" 2.1001264084394263e+24 4.573336085985807e+25 1.534862257393807e+25 1.366746312944966e+24 1.1678189082352462e+24 3.024516061760041e+24 4.481073031739952e+23
2007on CMFGEN 1.7 2454452.65 2.065285422667493e+25 2.0690089401260303e+24 4.967905587622161e+25 "" "" "" "" ""
2007on CMFGEN 1.7 2454452.67 "" "" "" 1.2392683776283118e+25 1.4329483671470768e+24 6.555724148678419e+23 3.0393620576754687e+24 4.5769813631413955e+23
2007on CMFGEN 1.7 2454452.69 "" "" "" "" "" "" 3.989324615099077e+24 5.1477227878468116e+23
2007on CMFGEN 1.7 2454461.76 "" 2.1914945150930712e+24 6.981270666801735e+25 3.430645401892837e+25 3.890923559879309e+24 1.1932840051136881e+24 1.2744310055222174e+25 1.772957395672556e+24
2007on CMFGEN 1.7 2454468.62 3.6440774971489407e+24 2.5244376059350736e+23 7.199204772818055e+24 3.892901910414831e+24 3.810354397763513e+23 1.1192718793442234e+23 "" ""
2007on CMFGEN 1.7 2454468.63 "" "" "" "" "" 5.72555799204896e+22 9.720269193781558e+23 1.4718743514677977e+23
2007on CMFGEN 1.7 2454470.56 "" "" "" 4.88636411441215e+24 4.9462876798461876e+23 1.522053520091574e+23 2.532181256407239e+24 4.9629493175841994e+23
2007on CMFGEN 1.7 2454475.56 3.671855177535911e+24 2.9337498432291658e+23 6.726568028600981e+24 4.7777506223940934e+24 4.689502057187194e+23 1.2864809808827238e+23 2.444300609738242e+24 4.608161862639663e+23
2007on CMFGEN 1.7 2454492.59 3.2630110243441424e+24 1.4540218131312637e+23 5.223753520464981e+24 5.768546924871567e+24 4.017754166692167e+23 1.6728660905315404e+23 "" ""
2007on CMFGEN 1.7 2454492.6 "" "" "" "" "" 1.1386320344957026e+23 1.8390117610878087e+24 2.5964486866509527e+23
2007on CMFGEN 1.7 2454497.64 1.7857431169689767e+24 2.4062892569385417e+23 3.10091772525858e+24 4.566427265676684e+24 2.990351595229708e+23 9.287965335754247e+22 2.2000949357993913e+24 6.257643375487817e+23
2007on CMFGEN 1.7 2454509.59 "" "" "" 5.423273668281948e+24 3.369101907106528e+23 1.969310347018575e+23 2.576495047893545e+24 3.521102420522389e+23
2007on CMFGEN 1.7 2454521.56 "" 5.227767525657542e+23 4.12231732855899e+24 1.3940725290081461e+25 9.26820135594774e+23 2.9148419198209425e+23 5.554524242990382e+24 1.1582092725381066e+24
2007on CMFGEN 1.7 2454705.85 "" "" "" 921111.1111111112 608888.888888889 691111.1111111112 1172222.2222222225 ""
2008R CMFGEN 1.04 2454496.53 1.1568118142742298e+23 9.0565231079009e+19 1.7397342181396647e+23 2.511688031793333e+23 2.1934654412624832e+23 1.4124050074115211e+23 3.684360691452416e+23 1.0987759639115891e+24
2008R CMFGEN 1.04 2454497.6 7.2881713486602976e+22 2.434818696683373e+22 1.3853439280501708e+23 9.549191166105275e+22 5.3345947227183265e+22 3.6392530381522715e+22 7.443418283820292e+22 3.3599223288898765e+23
2008R CMFGEN 1.04 2454497.63 "" "" "" "" 6.010903452803e+22 4.458625460711502e+22 8.944095701738194e+22 4.440790414563924e+23
2008R CMFGEN 1.04 2454509.53 5.835498289756925e+26 1.5018588261425332e+26 2.311898104452147e+27 "" "" "" "" ""
2008R CMFGEN 1.04 2454509.55 "" "" "" 3.0035886531704707e+26 1.7618202124617228e+25 4.660680796628804e+25 4.4924536853105945e+25 2.951413638255484e+25
2008R CMFGEN 1.04 2454509.57 "" "" "" "" "" "" 4.832262142410135e+25 2.855553137617729e+25
2008R CMFGEN 1.04 2454515.52 1.7173273934537498e+28 4.5515407746619753e+27 6.904434204547574e+28 1.9294811367041154e+28 1.4157431973108704e+27 1.0807694791576484e+27 2.946404841043085e+27 5.74304294559317e+26
2008R CMFGEN 1.04 2454521.54 "" 1.8381710859808242e+26 5.823238429044294e+27 2.1507218628388288e+27 2.2989313961562553e+26 1.0533354966373257e+26 4.796987130523717e+26 1.2264327676077178e+26
2008R CMFGEN 1.02 2454496.53 1.2231145210173598e+21 1.2220659227205855e+18 7.01238453191853e+21 1.9036234797248844e+22 2.553275440789211e+22 3.822013775087672e+22 7.343151919938175e+22 1.877912144843659e+23
2008R CMFGEN 1.02 2454497.6 5.210591763744612e+21 5.122555352505343e+20 1.0003173754570027e+22 1.938104166501923e+22 1.5838936054122513e+22 1.0542294143948852e+22 1.5274989010120214e+22 4.686785968034797e+22
2008R CMFGEN 1.02 2454497.63 "" "" "" "" 1.8225246645473667e+22 1.3261415755629086e+22 1.8513204935597215e+22 6.324320651592095e+22
2008R CMFGEN 1.02 2454509.53 4.115559366104398e+26 7.476668696666328e+25 1.637121562110087e+27 "" "" "" "" ""
2008R CMFGEN 1.02 2454509.55 "" "" "" 2.244937196891863e+26 1.1751105875572994e+25 3.3265027432257887e+25 4.152300987158016e+25 4.727960301818628e+25
2008R CMFGEN 1.02 2454509.57 "" "" "" "" "" "" 4.517606413439916e+25 4.552710521807108e+25
2008R CMFGEN 1.02 2454515.52 1.9302225234952036e+28 3.844566681291215e+27 7.622368191537531e+28 2.265057906315353e+28 1.393567573269797e+27 1.3713625320378625e+27 3.4507657694236183e+27 8.720262374570416e+26
2008R CMFGEN 1.02 2454521.54 "" 2.2415771270315195e+26 8.08230574856255e+27 3.866972932640687e+27 4.0878304645253155e+26 2.4222602701735904e+26 6.202034045509545e+26 2.1104283188329144e+26
2008R CMFGEN 1.4 2454496.53 3.3442633284042523e+19 7.057525278571567e+16 1.3703278212092136e+21 2.952456440734198e+21 6.03635286323155e+21 1.8832537579456962e+22 3.6021837904463633e+22 9.02282548675983e+22
2008R CMFGEN 1.4 2454497.6 3.670071356713795e+20 4.72445423774334e+19 1.0738674021586426e+21 4.733217871250315e+21 5.737401500521868e+21 4.807794052330632e+21 6.179728287823213e+21 1.7376746590055623e+22
2008R CMFGEN 1.4 2454497.63 "" "" "" "" 6.587622569681192e+21 6.008163530635152e+21 7.283228815921271e+21 2.271094999449526e+22
2008R CMFGEN 1.4 2454509.53 3.148333252234447e+26 5.737120291785388e+25 1.321793168656994e+27 "" "" "" "" ""
2008R CMFGEN 1.4 2454509.55 "" "" "" 1.8125343327199623e+26 1.0104044161065423e+25 2.589140799853772e+25 3.7949943315207615e+25 5.3958314630109924e+25
2008R CMFGEN 1.4 2454509.57 "" "" "" "" "" "" 4.146846421236438e+25 5.198717481016061e+25
2008R CMFGEN 1.4 2454515.52 1.8973986063237482e+28 3.500891475287593e+27 7.020466875649606e+28 2.1487181762463654e+28 1.421067010786073e+27 1.3094479522758904e+27 3.608902364264036e+27 1.1588773786028159e+27
2008R CMFGEN 1.4 2454521.54 "" 2.3756920097230213e+26 8.369659580337592e+27 4.3898447347832404e+27 4.8626336832865774e+26 3.296901971130249e+26 7.803392666313916e+26 3.194180548872126e+26
2008R CMFGEN 1.7 2454496.53 1.1438145671992378e+23 2.410790822109107e+20 1.2730522166561694e+23 1.867859023270957e+23 1.5398406575682947e+23 1.2200093474044383e+23 2.7082920824773987e+23 6.469941634613318e+23
2008R CMFGEN 1.7 2454497.6 3.3544183529102616e+22 1.4151657866771451e+22 7.045054485189082e+22 5.032722709808535e+22 3.484382818327692e+22 2.2895681637181704e+22 3.6877444738292466e+22 1.723333165275179e+23
2008R CMFGEN 1.7 2454497.63 "" "" "" "" 3.899073106812525e+22 2.8289624125907893e+22 4.38156578953136e+22 2.2950867044368853e+23
2008R CMFGEN 1.7 2454509.53 5.682497379352817e+26 1.1015034581784936e+26 2.0627225013687909e+27 "" "" "" "" ""
2008R CMFGEN 1.7 2454509.55 "" "" "" 2.764236824214819e+26 1.4465374561592975e+25 4.3750054076392214e+25 4.8036784229683245e+25 3.233734387750678e+25
2008R CMFGEN 1.7 2454509.57 "" "" "" "" "" "" 5.182990083137415e+25 3.10914543875504e+25
2008R CMFGEN 1.7 2454515.52 2.259995524862743e+28 4.27654574408863e+27 7.816121907662527e+28 2.2585662349895094e+28 1.445580890998056e+27 1.37222159854446e+27 3.343913698380251e+27 5.1737993398021156e+26
2008R CMFGEN 1.7 2454521.54 "" 1.899941186882534e+26 6.778103734751713e+27 2.819800755679772e+27 3.0568222537392357e+26 1.5274291474484691e+26 5.392233153948593e+26 9.1562880273329e+25
2008bc CMFGEN 1.04 2454539.52 122222.22222222223 35555.55555555556 166666.6666666667 225555.5555555556 193333.33333333337 "" "" ""
2008bc CMFGEN 1.04 2454539.54 "" "" "" "" 131111.11111111112 61111.11111111111 142222.22222222225 270000.0000000001
2008bc CMFGEN 1.04 2454544.55 1693333.3333333335 655555.5555555557 2604444.444444445 2983333.3333333335 2016666.666666667 1146666.666666667 2002222.2222222225 3435555.555555556
2008bc CMFGEN 1.04 2454545.65 "" 82222.22222222223 325555.5555555556 326666.66666666674 277777.77777777787 117777.7777777778 257777.77777777784 412222.2222222223
2008bc CMFGEN 1.04 2454553.68 3.531083585074881e+23 7.42286085655639e+22 2.8966909186255876e+23 "" "" "" "" ""
2008bc CMFGEN 1.04 2454553.7 "" "" "" 2.6285412370013865e+23 1.5884676879856168e+23 6.727992426698768e+22 1.8361214192919865e+23 1.051554977253342e+24
2008bc CMFGEN 1.04 2454553.71 "" "" "" "" "" "" 2.4167395295146567e+23 1.545049008315745e+24
2008bc CMFGEN 1.04 2454556.63 "" 4.5208100979229174e+23 2.1505338844983726e+24 2.196279808483861e+24 8.559447469794152e+23 7.02504885637187e+23 9.101602095443876e+23 5.195178639830863e+24
2008bc CMFGEN 1.04 2454563.63 "" 1.027354057972585e+25 2.588884735005151e+25 1.6171579714811577e+25 3.032986990631113e+24 1.1472778006261458e+25 5.769263146696878e+24 2.5450827895413176e+25
2008bc CMFGEN 1.04 2454568.54 "" 1.0470501867671355e+26 2.674716792916289e+26 1.186050701477409e+26 1.6038241454515658e+25 8.869812015207499e+25 5.538023278253191e+25 1.5473628906283637e+26
2008bc CMFGEN 1.04 2454585.52 "" 2.708779763576912e+25 4.470762313676813e+26 2.2066758842002462e+26 1.9401295759083296e+25 4.5142212880108915e+24 7.225297577876211e+25 5.258666521922061e+25
2008bc CMFGEN 1.02 2454539.52 122222.22222222223 35555.55555555556 166666.6666666667 225555.5555555556 193333.33333333337 "" "" ""
2008bc CMFGEN 1.02 2454539.54 "" "" "" "" 131111.11111111112 61111.11111111111 142222.22222222225 270000.0000000001
2008bc CMFGEN 1.02 2454544.55 1693333.3333333335 655555.5555555557 2604444.444444445 2983333.3333333335 2016666.666666667 1146666.666666667 2002222.2222222225 3435555.555555556
2008bc CMFGEN 1.02 2454545.65 "" 82222.22222222223 325555.5555555556 326666.66666666674 277777.77777777787 117777.7777777778 257777.77777777784 412222.2222222223
2008bc CMFGEN 1.02 2454553.68 8.711059398726529e+22 2.1680832935412137e+22 9.221731805722311e+22 "" "" "" "" ""
2008bc CMFGEN 1.02 2454553.7 "" "" "" 9.180930915562073e+22 6.6317486717402104e+22 1.9991704231062205e+22 7.132742040732445e+22 5.138256514561145e+23
2008bc CMFGEN 1.02 2454553.71 "" "" "" "" "" "" 9.230021164459429e+22 6.987810334718291e+23
2008bc CMFGEN 1.02 2454556.63 "" 1.968118814002982e+23 9.403004592882262e+23 1.0602773758230704e+24 4.1394410798085014e+23 3.101562887301832e+23 5.011280360893822e+23 4.957759878262813e+24
2008bc CMFGEN 1.02 2454563.63 "" 5.543570930466736e+24 1.675573426848239e+25 1.1677378791383919e+25 2.068790410614402e+24 8.206916843383725e+24 5.330417773356644e+24 4.2908054937827415e+25
2008bc CMFGEN 1.02 2454568.54 "" 7.882255921767799e+25 2.5024178841016657e+26 1.1989032645744674e+26 1.4998858875388772e+25 9.392372290273152e+25 6.805822452477255e+25 2.8475895421572148e+26
2008bc CMFGEN 1.02 2454585.52 "" 2.6357955683649297e+25 3.884857435838941e+26 4.3775724488005834e+26 6.1324685966309015e+25 1.8245440380064065e+25 8.426497590292542e+25 1.0921303713987637e+26
2008bc CMFGEN 1.4 2454539.52 122222.22222222223 35555.55555555556 166666.6666666667 225555.5555555556 193333.33333333337 "" "" ""
2008bc CMFGEN 1.4 2454539.54 "" "" "" "" 131111.11111111112 61111.11111111111 142222.22222222225 270000.0000000001
2008bc CMFGEN 1.4 2454544.55 1693333.3333333335 655555.5555555557 2604444.444444445 2983333.3333333335 2016666.666666667 1146666.666666667 2002222.2222222225 3435555.555555556
2008bc CMFGEN 1.4 2454545.65 "" 82222.22222222223 325555.5555555556 326666.66666666674 277777.77777777787 117777.7777777778 257777.77777777784 412222.2222222223
2008bc CMFGEN 1.4 2454553.68 1.2903351312681854e+22 3.159286624089727e+21 2.13813787308882e+22 "" "" "" "" ""
2008bc CMFGEN 1.4 2454553.7 "" "" "" 3.805019086799381e+22 3.6155828710068068e+22 1.113670639765868e+22 3.934343024878693e+22 1.1425936151100316e+23
2008bc CMFGEN 1.4 2454553.71 "" "" "" "" "" "" 4.930204185059275e+22 1.4419354553548537e+23
2008bc CMFGEN 1.4 2454556.63 "" 1.3677323653331413e+23 6.49597766137701e+23 6.435388497469338e+23 2.8992433110041794e+23 1.8028656292002894e+23 3.849310056705346e+23 3.5345787193020785e+24
2008bc CMFGEN 1.4 2454563.63 "" 4.353824080049485e+24 1.3058689063705098e+25 9.083782629530801e+24 1.7345462255853154e+24 6.549156538675138e+24 4.737594019651162e+24 4.804566641378999e+25
2008bc CMFGEN 1.4 2454568.54 "" 6.646842982078338e+25 2.1797603176785615e+26 1.0592166597876916e+26 1.4316330913916215e+25 8.622352056922362e+25 6.96787120243729e+25 3.743163041944861e+26
2008bc CMFGEN 1.4 2454585.52 "" 2.6087055861889036e+25 3.5668283050584455e+26 4.9642973858260864e+26 7.836354010150479e+25 3.964790550290436e+25 1.1761263098342642e+26 1.8829739539306494e+26
2008bc CMFGEN 1.7 2454539.52 122222.22222222223 35555.55555555556 166666.6666666667 225555.5555555556 193333.33333333337 "" "" ""
2008bc CMFGEN 1.7 2454539.54 "" "" "" "" 131111.11111111112 61111.11111111111 142222.22222222225 270000.0000000001
2008bc CMFGEN 1.7 2454544.55 1693333.3333333335 655555.5555555557 2604444.444444445 2983333.3333333335 2016666.666666667 1146666.666666667 2002222.2222222225 3435555.555555556
2008bc CMFGEN 1.7 2454545.65 "" 82222.22222222223 325555.5555555556 326666.66666666674 277777.77777777787 117777.7777777778 257777.77777777784 412222.2222222223
2008bc CMFGEN 1.7 2454553.68 1.708982065531507e+23 3.898685033363212e+22 1.4758002095453249e+23 "" "" "" "" ""
2008bc CMFGEN 1.7 2454553.7 "" "" "" 1.3590881493881368e+23 9.026839198674352e+22 3.88484627611867e+22 1.0148597681733757e+23 7.082746662016389e+23
2008bc CMFGEN 1.7 2454553.71 "" "" "" "" "" "" 1.3274229636469574e+23 1.0271896717913256e+24
2008bc CMFGEN 1.7 2454556.63 "" 2.686469420467636e+23 1.373928064797312e+24 1.4594237953060937e+24 5.37611805388389e+23 4.921060683829842e+23 7.481836072670816e+23 5.433733083205482e+24
2008bc CMFGEN 1.7 2454563.63 "" 7.716938414856185e+24 2.2307249397177815e+25 1.4964285617939395e+25 2.519989040741952e+24 1.0701313096822944e+25 7.264471833932697e+24 2.9902853772718096e+25
2008bc CMFGEN 1.7 2454568.54 "" 9.600864656223355e+25 2.8018042764758987e+26 1.3049392856513994e+26 1.6028840559512413e+25 1.0372911770781426e+26 6.704950759664103e+25 1.637114032691376e+26
2008bc CMFGEN 1.7 2454585.52 "" 3.051084701597628e+25 4.704500548852814e+26 2.9357289156320563e+26 2.984812522037802e+25 7.26824674590704e+24 8.562790231855278e+25 2.266149343886188e+25
2008bf CMFGEN 1.04 2454545.73 "" 71111.11111111112 326666.66666666674 323333.3333333334 270000.0000000001 112222.22222222223 237777.7777777778 536666.6666666669
2008bf CMFGEN 1.04 2454549.61 "" 75555.55555555556 352222.2222222223 352222.2222222223 286666.66666666674 140000.00000000012 297777.7777777778 575555.5555555556
2008bf CMFGEN 1.04 2454550.72 "" 80000.00000000001 350000.00000000006 334444.4444444445 284444.4444444445 128888.8888888889 251111.11111111115 425555.5555555556
2008bf CMFGEN 1.04 2454551.71 "" 68888.88888888889 335555.5555555556 353333.3333333334 278888.88888888893 141111.11111111124 257777.77777777784 440000.00000000006
2008bf CMFGEN 1.04 2454553.75 193333.33333333337 64444.44444444445 348888.888888889 "" "" "" "" ""
