results/spec_chisq/features.ecsv
# %ECSV 0.9
# ---
# datatype:
# - {name: obj_id, datatype: string}
# - {name: source, datatype: string}
# - {name: version, datatype: string}
# - {name: time, datatype: float64}
# - {name: pW1, datatype: float64}
# - {name: pW2, datatype: float64}
# - {name: pW3, datatype: float64}
# - {name: pW4, datatype: float64}
# - {name: pW5, datatype: float64}
# - {name: pW6, datatype: float64}
# - {name: pW7, datatype: float64}
# - {name: pW8, datatype: float64}
# schema: astropy-2.0
obj_id source version time pW1 pW2 pW3 pW4 pW5 pW6 pW7 pW8
[from data line 995]
2007nq CMFGEN 1.4 2454403.72 "" 1.896225098801028e+25 1.7727033417369612e+25 2.0881975188477032e+25 1.0288230291903107e+25 5.340933911727498e+24 2.0789144396159903e+25 1.0299423973209151e+25
2007nq CMFGEN 1.4 2454403.75 "" "" "" "" "" "" 9.883049511817455e+24 1.224142591181207e+25
2007nq CMFGEN 1.4 2454408.63 5.388638666780167e+26 4.891706581987345e+26 1.4909538402203727e+27 8.7156245792401e+26 2.1926690763382662e+26 "" "" ""
2007nq CMFGEN 1.4 2454408.65 "" "" "" "" "" 2.593054376209415e+26 7.663863907817323e+26 ""
2007nq CMFGEN 1.4 2454409.68 "" 4.747718814999008e+26 1.5001697381438393e+27 8.738339461534769e+26 1.7241071963388188e+26 2.902756034287927e+26 8.461831886779759e+26 ""
2007nq CMFGEN 1.4 2454415.69 "" 1.0123881082642589e+27 2.6799454767560803e+28 9.943670244624502e+27 9.21709034481296e+26 1.2661265575858523e+27 4.3650326565398505e+27 ""
2007nq CMFGEN 1.4 2454421.65 "" 2.7400863164009884e+28 4.077946643204271e+29 4.760483797609781e+28 4.264084834204002e+27 2.486887890562139e+27 7.28077902085592e+27 7.020435234664322e+27
2007nq CMFGEN 1.4 2454437.63 "" 6.791652020582589e+26 9.632569412678028e+28 7.219681273465906e+28 4.6546401535491944e+27 1.0783969504402185e+28 2.0220347282225815e+28 ""
2007nq CMFGEN 1.7 2454401.61 "" "" "" 1.9092385233220418e+24 1.8987618447912838e+24 9.021449116276138e+23 2.8314766649520754e+24 3.255805179018343e+24
2007nq CMFGEN 1.7 2454402.69 3.825604426808909e+24 8.912805821519313e+24 3.215313419732334e+25 "" "" "" "" ""
2007nq CMFGEN 1.7 2454402.72 "" 1.4066404734839105e+24 5.661746625293144e+24 4.1061642385785074e+24 2.656304864710367e+24 1.5551611877257473e+24 4.921441610502099e+24 1.242258135558212e+25
2007nq CMFGEN 1.7 2454402.74 "" "" "" "" "" "" 6.721789459951261e+24 2.4369343138772888e+25
2007nq CMFGEN 1.7 2454403.69 9.450073745020792e+25 4.6378373043789715e+25 1.2476942305887652e+26 "" "" "" "" ""
2007nq CMFGEN 1.7 2454403.72 "" 1.008362272628357e+26 1.3432428119377969e+26 6.037838701161116e+25 2.4661194741144656e+25 1.5538858241935279e+25 5.403892160344419e+25 2.426990875098934e+26
2007nq CMFGEN 1.7 2454403.75 "" "" "" "" "" "" 2.5907004780589235e+25 2.895932082665006e+26
2007nq CMFGEN 1.7 2454408.63 1.6429948706276642e+27 9.057737950039707e+26 2.925639248735458e+27 1.644685173002487e+27 3.7410938479670274e+26 "" "" ""
2007nq CMFGEN 1.7 2454408.65 "" "" "" "" "" 5.053373664402404e+26 1.4995832616080388e+27 ""
2007nq CMFGEN 1.7 2454409.68 "" 9.778309334346508e+26 3.1442878909618046e+27 1.5735797103574816e+27 2.838369829378012e+26 5.441522996383877e+26 1.5839304850224684e+27 ""
2007nq CMFGEN 1.7 2454415.69 "" 1.449409060587792e+27 4.1644386017453116e+28 1.2804563171945957e+28 1.2341652354020683e+27 1.8814105594471832e+27 6.07309378245212e+27 ""
2007nq CMFGEN 1.7 2454421.65 "" 2.7420142091029606e+28 4.2873943577695925e+29 4.300189069332864e+28 4.0770078187445806e+27 2.3692317683499017e+27 6.960395921203261e+27 2.5159757172247684e+27
2007nq CMFGEN 1.7 2454437.63 "" 5.6120895413480906e+26 1.3440554286557838e+29 5.853692082577274e+28 3.847937105641843e+27 2.0627008383042023e+27 1.692774548256672e+28 ""
2007on CMFGEN 1.04 2454415.79 "" 68888.88888888889 203333.33333333337 213333.33333333337 142222.22222222225 124444.44444444447 141111.11111111124 281111.1111111112
2007on CMFGEN 1.04 2454418.84 "" 72222.22222222223 223333.33333333337 218888.88888888893 124444.44444444447 134444.4444444445 160000.00000000003 310000.0
2007on CMFGEN 1.04 2454421.72 "" 7102540814635221.0 1.1151421336043863e+18 3.718138391961383e+18 6.756236604993995e+18 9.301476129825985e+18 1.7544537246916352e+19 1.3966970327329843e+19
2007on CMFGEN 1.04 2454423.74 1.0336309886413976e+22 2.7631398910671795e+21 1.0796472123076546e+22 "" "" "" "" ""
2007on CMFGEN 1.04 2454423.76 "" "" "" 2.8581702510514715e+21 1.3995889333558074e+21 1.1285260467703362e+21 2.801601391459822e+21 8.392907271920746e+21
2007on CMFGEN 1.04 2454423.77 "" "" "" "" "" "" 2.893002206513173e+21 1.0987058280639456e+22
2007on CMFGEN 1.04 2454429.75 1.387079377746525e+25 1.0772238128386869e+24 2.2883209115197696e+25 5.431815289209322e+24 5.295378491551053e+23 1.8212899114554376e+24 1.4027938298829666e+24 1.976637229989338e+24
2007on CMFGEN 1.04 2454434.68 1.9522887608996316e+25 1.46815428859232e+24 3.0108935293670136e+25 6.222867019182949e+24 3.640013121743862e+23 7.763431102574501e+23 "" ""
2007on CMFGEN 1.04 2454434.7 "" "" "" "" "" "" 5.443302697262003e+23 2.2371707055077136e+23
2007on CMFGEN 1.04 2454437.68 "" 1.810746950839063e+24 2.9446694253810904e+25 7.660072556787885e+24 4.99334548267103e+23 5.1239247798088364e+23 1.1712173779819189e+24 2.6154173475023414e+23
2007on CMFGEN 1.04 2454443.71 "" 1.9604032768093388e+24 3.897122317354266e+25 1.206051493236283e+25 1.0512105910238859e+24 8.395821755155805e+23 2.456319980615138e+24 4.6953536953244026e+23
2007on CMFGEN 1.04 2454444.7 "" 2.1663522104108606e+24 3.7865529459906587e+25 1.2098988743856964e+25 1.116029677569014e+24 8.320655920620739e+23 2.672431778369905e+24 5.302328962088143e+23
2007on CMFGEN 1.04 2454452.65 1.5691719475735276e+25 2.2052474860945355e+24 4.754341703110482e+25 "" "" "" "" ""
2007on CMFGEN 1.04 2454452.67 "" "" "" 9.663191572843912e+24 9.385096237308299e+23 4.032748998382806e+23 2.5814077432940694e+24 7.98529888503167e+23
2007on CMFGEN 1.04 2454452.69 "" "" "" "" "" "" 3.389947564095844e+24 8.849685889077366e+23
2007on CMFGEN 1.04 2454461.76 "" 1.9406340773943416e+24 5.668543022786999e+25 2.4233352137979497e+25 2.4097265309133445e+24 1.1972769326991807e+24 1.0829513545961611e+25 4.815768753410196e+24
2007on CMFGEN 1.04 2454468.62 2.0761493737840786e+24 1.832444352147655e+23 5.061975307566998e+24 2.6560858632686087e+24 2.5707835293003678e+23 1.755949982858811e+23 "" ""
2007on CMFGEN 1.04 2454468.63 "" "" "" "" "" 9.33978245287392e+22 8.063652148424665e+23 3.8588177246476666e+23
2007on CMFGEN 1.04 2454470.56 "" "" "" 3.3728163972410224e+24 3.339732942649871e+23 2.6170053776441008e+23 2.1077652476871008e+24 1.2447705192887566e+24
2007on CMFGEN 1.04 2454475.56 2.0629144901819074e+24 2.1829766925365416e+23 4.8030810666439996e+24 3.399615057337385e+24 3.173753481431941e+23 2.5732700533627673e+23 2.0866021103311813e+24 1.1793433075392617e+24
2007on CMFGEN 1.04 2454492.59 2.1511259879633543e+24 1.1642446566417115e+23 4.3221607516847465e+24 4.8214730697897256e+24 3.125485545341404e+23 3.993143424539688e+23 "" ""
2007on CMFGEN 1.04 2454492.6 "" "" "" "" "" 2.6467288653651278e+23 1.713756008080531e+24 7.517451078492239e+23
2007on CMFGEN 1.04 2454497.64 1.2382972007293167e+24 1.9683357040194856e+23 2.686056626541101e+24 3.906372099871263e+24 2.471324339735985e+23 2.760262792070314e+23 2.1148434935557312e+24 1.7553214193937206e+24
2007on CMFGEN 1.04 2454509.59 "" "" "" 4.80304220802271e+24 2.978165850536075e+23 4.568317941814983e+23 2.693513028802682e+24 1.0731883831897195e+24
2007on CMFGEN 1.04 2454521.56 "" 4.8178352898446625e+23 4.180688061742014e+24 1.2610738139630733e+25 8.471096987821678e+23 8.452969863494927e+23 6.286516472178891e+24 3.250599358120871e+24
2007on CMFGEN 1.04 2454705.85 "" "" "" 921111.1111111112 608888.888888889 691111.1111111112 1172222.2222222225 ""
2007on CMFGEN 1.02 2454415.79 "" 68888.88888888889 203333.33333333337 213333.33333333337 142222.22222222225 124444.44444444447 141111.11111111124 281111.1111111112
2007on CMFGEN 1.02 2454418.84 "" 72222.22222222223 223333.33333333337 218888.88888888893 124444.44444444447 134444.4444444445 160000.00000000003 310000.0
2007on CMFGEN 1.02 2454421.72 "" 4438026668384.503 2.141327778119944e+16 2.8148079733335804e+16 1.7447161042046838e+17 9.321248080568933e+17 2.403052160282094e+18 1.9657882147958433e+18
2007on CMFGEN 1.02 2454423.74 1.0557071817901143e+21 7.353294380865265e+19 1.345392095814226e+21 "" "" "" "" ""
2007on CMFGEN 1.02 2454423.76 "" "" "" 7.368497960813655e+20 4.75861875383011e+20 3.592185749885521e+20 6.33891805943127e+20 1.9601995436911719e+21
2007on CMFGEN 1.02 2454423.77 "" "" "" "" "" "" 6.629383953232607e+20 2.524227590194667e+21
2007on CMFGEN 1.02 2454429.75 7.363244821129851e+24 3.902709344120002e+23 1.1933235640915164e+25 2.957848765756679e+24 2.646331595077204e+23 9.284432783193292e+23 1.0280092966562248e+24 2.309527410650115e+24
2007on CMFGEN 1.02 2454434.68 1.2444545657002105e+25 5.867708351182593e+23 2.148023046348785e+25 4.4194800618141953e+24 2.357498358032332e+23 5.3858839362638255e+23 "" ""
2007on CMFGEN 1.02 2454434.7 "" "" "" "" "" "" 5.012283406890771e+23 3.2073689171557715e+23
2007on CMFGEN 1.02 2454437.68 "" 9.101095048650692e+23 2.504114882839759e+25 6.414386706522776e+24 3.764067198792389e+23 4.4152298970833254e+23 1.1689001801954056e+24 3.9139563539343004e+23
2007on CMFGEN 1.02 2454443.71 "" 1.754548016304532e+24 5.150172522484921e+25 1.666706463975158e+25 1.291538874859861e+24 1.4054090231655017e+24 3.1724833626710423e+24 7.101761482480667e+23
2007on CMFGEN 1.02 2454444.7 "" 2.1276451996972473e+24 5.190199189409657e+25 1.7999218880104572e+25 1.5143377890411482e+24 1.536623180073381e+24 3.535329831814587e+24 8.605648924587032e+23
2007on CMFGEN 1.02 2454452.65 2.243145610821299e+25 2.242293121144114e+24 4.944744381150882e+25 "" "" "" "" ""
2007on CMFGEN 1.02 2454452.67 "" "" "" 1.9077895672187468e+25 2.869412239601521e+24 1.0969107431004541e+24 3.224209342264147e+24 1.377855430250748e+24
2007on CMFGEN 1.02 2454452.69 "" "" "" "" "" "" 4.2207846742513236e+24 1.5966748574506057e+24
2007on CMFGEN 1.02 2454461.76 "" 1.411833832407917e+24 4.09613975529881e+25 4.093905363107931e+25 9.440195180003902e+24 4.6892318854558786e+24 1.3980720893636677e+25 1.2423050491311217e+25
2007on CMFGEN 1.02 2454468.62 2.1488862712504064e+24 1.3467566418255157e+23 3.824884927837492e+24 3.625051751045308e+24 7.528989480540792e+23 6.284518024645951e+23 "" ""
2007on CMFGEN 1.02 2454468.63 "" "" "" "" "" 3.5124349886979075e+23 1.0510640042625061e+24 1.1762873067192052e+24
2007on CMFGEN 1.02 2454470.56 "" "" "" 4.426102490291686e+24 9.463168765481695e+23 9.249957964251785e+23 2.723645584302764e+24 3.836296268312658e+24
2007on CMFGEN 1.02 2454475.56 2.473651093252183e+24 1.6934257946996632e+23 4.078682850335441e+24 4.1670777460163085e+24 8.567125934608637e+23 9.168032380389801e+23 2.881528244196536e+24 3.2678581443533865e+24
2007on CMFGEN 1.02 2454492.59 4.59551148587897e+24 1.1923384489804144e+23 5.164303022104597e+24 4.7849757174818037e+24 8.367527146279352e+23 1.5719973084624524e+24 "" ""
2007on CMFGEN 1.02 2454492.6 "" "" "" "" "" 1.0294520187157004e+24 3.140630806591916e+24 2.090912705301566e+24
2007on CMFGEN 1.02 2454497.64 3.2589805421337854e+24 2.1567214010370703e+23 3.4444821283528195e+24 3.9082161223163693e+24 6.720737868794693e+23 1.2165379226389336e+24 4.153614399837328e+24 4.616184766256096e+24
2007on CMFGEN 1.02 2454509.59 "" "" "" 4.784470816768601e+24 7.632728751835479e+23 1.9420016435036763e+24 6.264059310777284e+24 2.3933489794333146e+24
2007on CMFGEN 1.02 2454521.56 "" 6.207753488780364e+23 6.467778074884084e+24 1.3053965717835196e+25 1.9927619672839975e+24 4.2333277357538675e+24 1.6760792404910686e+25 8.194097211308378e+24
2007on CMFGEN 1.02 2454705.85 "" "" "" 921111.1111111112 608888.888888889 691111.1111111112 1172222.2222222225 ""
2007on CMFGEN 1.4 2454415.79 "" 68888.88888888889 203333.33333333337 213333.33333333337 142222.22222222225 124444.44444444447 141111.11111111124 281111.1111111112
2007on CMFGEN 1.4 2454418.84 "" 72222.22222222223 223333.33333333337 218888.88888888893 124444.44444444447 134444.4444444445 160000.00000000003 310000.0
2007on CMFGEN 1.4 2454421.72 "" 392580857019.1573 2608294084431001.0 1125292314571094.4 1.4213616039786692e+16 1.2535733460232952e+17 4.508916680214931e+17 4.84368021376587e+17
2007on CMFGEN 1.4 2454423.74 9.737594218223218e+19 4.860568462763086e+18 1.5303365486969212e+20 "" "" "" "" ""
2007on CMFGEN 1.4 2454423.76 "" "" "" 2.0742064259692793e+20 1.898483253695233e+20 1.614278756607694e+20 2.365489241291937e+20 7.131358110901324e+20
2007on CMFGEN 1.4 2454423.77 "" "" "" "" "" "" 2.4877223956623406e+20 8.966510487008077e+20
2007on CMFGEN 1.4 2454429.75 5.973601445335853e+24 3.414694443204224e+23 9.561682213868324e+24 2.0505714491281477e+24 1.9145232543604263e+23 6.101191184216167e+23 8.04258632162477e+23 1.974371095920031e+24
2007on CMFGEN 1.4 2454434.68 9.278141418880459e+24 4.2412403979045156e+23 1.7330080367293045e+25 3.499476256499158e+24 1.929606372264629e+23 4.1240123988642786e+23 "" ""
2007on CMFGEN 1.4 2454434.7 "" "" "" "" "" "" 4.596083705408635e+23 3.53480949423051e+23
2007on CMFGEN 1.4 2454437.68 "" 6.808859703068639e+23 2.1597495151973883e+25 5.440145553191055e+24 3.3533937093548945e+23 3.7063857082773844e+23 1.1156414124477269e+24 4.704112932713024e+23
2007on CMFGEN 1.4 2454443.71 "" 1.556230402306677e+24 5.107752601495595e+25 1.6747942858287725e+25 1.391605665385035e+24 1.5175294176290217e+24 3.607893639488829e+24 9.565913816475666e+23
2007on CMFGEN 1.4 2454444.7 "" 1.9905641610342256e+24 5.2507306128177146e+25 1.867314199130061e+25 1.682333622580857e+24 1.7640917254586435e+24 4.147318629887136e+24 1.1826143064134842e+24
2007on CMFGEN 1.4 2454452.65 2.6862830712900487e+25 2.319363572860103e+24 4.980450799918336e+25 "" "" "" "" ""
2007on CMFGEN 1.4 2454452.67 "" "" "" 2.264675608933908e+25 3.916903904102036e+24 2.2059260182768303e+24 4.6413938130521405e+24 2.237620226346924e+24
2007on CMFGEN 1.4 2454452.69 "" "" "" "" "" "" 6.072916114685126e+24 2.5784641898668245e+24
2007on CMFGEN 1.4 2454461.76 "" 1.2217634130284322e+24 3.5929473534749073e+25 4.4497233701205706e+25 1.2312359102423633e+25 9.846422288477973e+24 1.937181325573582e+25 2.3087576257997982e+25
2007on CMFGEN 1.4 2454468.62 1.8938979318842203e+24 1.0554168334185608e+23 3.046665449853357e+24 3.6351440429161985e+24 8.977973315987206e+23 1.4495130177336766e+24 "" ""
2007on CMFGEN 1.4 2454468.63 "" "" "" "" "" 8.227983229687316e+23 1.3218617316876032e+24 2.609700728896947e+24
2007on CMFGEN 1.4 2454470.56 "" "" "" 4.428621030822913e+24 1.129210159414359e+24 2.083039783665226e+24 3.3244209568050896e+24 8.395056032075773e+24
2007on CMFGEN 1.4 2454475.56 2.0243197509275682e+24 1.3097652180775496e+23 3.215432907882521e+24 4.1561147250955196e+24 1.063878822471643e+24 2.0600306698217e+24 3.438467113746238e+24 7.288861570174705e+24
2007on CMFGEN 1.4 2454492.59 4.634938128296072e+24 1.1252037862298623e+23 4.744937931229393e+24 4.5537802606965404e+24 1.270785809956317e+24 3.776294833810531e+24 "" ""
2007on CMFGEN 1.4 2454492.6 "" "" "" "" "" 2.460669364493576e+24 4.187000773424844e+24 4.712170376937647e+24
2007on CMFGEN 1.4 2454497.64 3.612468369811565e+24 2.1826420285362035e+23 3.388092767110639e+24 3.738042100200122e+24 1.0929938618664282e+24 3.095244360441948e+24 5.775082662760541e+24 1.0351290423297244e+25
2007on CMFGEN 1.4 2454509.59 "" "" "" 4.5670228411159204e+24 1.347564496591568e+24 5.009603140804538e+24 9.837050247602652e+24 5.058097988117907e+24
2007on CMFGEN 1.4 2454521.56 "" 7.860932805129818e+23 8.559809719277899e+24 1.2569249497385535e+25 3.666288775582313e+24 1.2007993385770115e+25 2.9037203836479695e+25 1.7062541343621827e+25
2007on CMFGEN 1.4 2454705.85 "" "" "" 921111.1111111112 608888.888888889 691111.1111111112 1172222.2222222225 ""
2007on CMFGEN 1.7 2454415.79 "" 68888.88888888889 203333.33333333337 213333.33333333337 142222.22222222225 124444.44444444447 141111.11111111124 281111.1111111112
2007on CMFGEN 1.7 2454418.84 "" 72222.22222222223 223333.33333333337 218888.88888888893 124444.44444444447 134444.4444444445 160000.00000000003 310000.0
2007on CMFGEN 1.7 2454421.72 "" 3.667435273681414e+16 1.005848200325328e+18 3.416938807029702e+18 5.116931892608133e+18 7.497065909010236e+18 1.400011181430929e+19 9.462905434978111e+18
2007on CMFGEN 1.7 2454423.74 4.487336136411528e+21 1.2672014746708295e+21 5.136142555688263e+21 "" "" "" "" ""
2007on CMFGEN 1.7 2454423.76 "" "" "" 1.5464706694568503e+21 8.682374603332256e+20 7.216749165405172e+20 1.3089438550321807e+21 4.942690206436888e+21
