results/spec_chisq/features.ecsv
# %ECSV 0.9
# ---
# datatype:
# - name: obj_id
#   datatype: string
# - name: source
#   datatype: string
# - name: version
#   datatype: string
# - name: time
#   datatype: float64
# - name: pW1
#   datatype: float64
# - name: pW2
#   datatype: float64
# - name: pW3
#   datatype: float64
# - name: pW4
#   datatype: float64
# - name: pW5
#   datatype: float64
# - name: pW6
#   datatype: float64
# - name: pW7
#   datatype: float64
# - name: pW8
#   datatype: float64
# schema: astropy-2.0
obj_id source version time pW1 pW2 pW3 pW4 pW5 pW6 pW7 pW8
[from data line 1436]
2009D CMFGEN 1.04 2454848.61 "" 9.539078785267029e+19 3.4256879464032626e+20 4.039523922598751e+22 5.904327622315227e+21 2.9053887991689675e+19 3.282207402251578e+20 2.819147940285358e+21
2009D CMFGEN 1.04 2454840.64 1.2610003370479268e+19 2.40500739565871e+19 1.1576582362343198e+20 1.7242755855189124e+22 3.800743077510902e+21 "" "" ""
2009D CMFGEN 1.04 2454919.5 "" 1.643569253370972e+21 1.5609912909645545e+23 5.415303701686938e+24 2.026239672372547e+23 4.4832895765614276e+21 2.0138265342651637e+22 5.856096732961138e+26
2009D CMFGEN 1.04 2454836.62 "" 8.094901618764048e+19 4.13578351614977e+20 5.358460491614577e+22 1.2366091590447904e+22 1.0520447778686687e+19 5.652976050339212e+20 2.0192054277847699e+21
2009D CMFGEN 1.04 2454870.61 "" 6.856515268848423e+20 4.418679737463528e+22 1.3617277332018679e+24 4.242301027041869e+22 4.6296364472576954e+20 2.9704988440145135e+21 1.8760593594976783e+22
2009D CMFGEN 1.04 2454840.61 "" "" "" "" 2.832420198643393e+21 1.2545254714026103e+19 1.246092149991787e+20 7.51933221175286e+20
2009D CMFGEN 1.04 2454841.55 "" 1.8080504694020753e+19 8.18475191729421e+19 1.4808819440129212e+22 4.267994649575088e+21 9.220383265235608e+17 1.902350719294338e+20 ""
2009D CMFGEN 1.04 2454843.55 "" 2.229587861069297e+19 6.05079593396635e+19 1.720927060825401e+22 3.966905653045757e+21 7.979222803346616e+17 1.8752712096444036e+20 ""
2009D CMFGEN 1.02 2454848.61 "" 3.779483707315622e+19 3.610135100192651e+20 3.838789878527719e+22 7.255265628148239e+21 6.595503551442088e+19 5.163151525692873e+20 8.106962756815762e+21
2009D CMFGEN 1.02 2454840.64 6.826238626844259e+19 9.34950065839512e+18 1.2441800768128e+20 1.6299520251093221e+22 4.640060114385643e+21 "" "" ""
2009D CMFGEN 1.02 2454919.5 "" 4.10581652733627e+20 1.4701220329085113e+23 5.205410551164578e+24 2.5850421203219322e+23 9.85408370038273e+21 3.6812966163207206e+22 1.4954136239097696e+27
2009D CMFGEN 1.02 2454836.62 "" 3.0304860337922e+19 4.2573137162665375e+20 5.072777281516575e+22 1.4723804739716851e+22 2.7623046338872898e+19 9.044136697431445e+20 6.529636060017583e+21
2009D CMFGEN 1.02 2454870.61 "" 1.7127539601403163e+20 4.127249988418001e+22 1.3271796765901238e+24 5.5202886087967645e+22 8.857379885482394e+20 5.059236534123862e+21 4.9170804698913645e+22
2009D CMFGEN 1.02 2454840.61 "" "" "" "" 3.3879028654060827e+21 2.8346552526824313e+19 1.9674454793244135e+20 2.3295565031362656e+21
2009D CMFGEN 1.02 2454841.55 "" 7.126508549224261e+18 9.172387932741337e+19 1.3992315458065904e+22 4.893016891394569e+21 2.5051684442125245e+18 2.9952577991946627e+20 ""
2009D CMFGEN 1.02 2454843.55 "" 8.898515296979032e+18 8.188868544728731e+19 1.6264138119982612e+22 4.849625814763233e+21 2.155968326736309e+18 2.9385094971507012e+20 ""
2009D CMFGEN 1.4 2454848.61 "" 4.152667213125063e+19 6.8926676410748e+20 3.839071323768919e+22 8.983603435441586e+21 1.432510816797073e+20 7.172432406426864e+20 1.562647520332894e+22
2009D CMFGEN 1.4 2454840.64 1.1480926268451581e+20 1.0220771365304377e+19 2.408833181994263e+20 1.6270462686005362e+22 5.771153124460799e+21 "" "" ""
2009D CMFGEN 1.4 2454919.5 "" 4.26251609046683e+20 2.7114271397351383e+23 5.229352342470537e+24 3.200872119754346e+23 2.1678394912431808e+22 5.5221313008073106e+22 3.2344777194796975e+27
2009D CMFGEN 1.4 2454836.62 "" 3.2533722912600805e+19 8.172042701402613e+20 5.0668159389848754e+22 1.8058955771254514e+22 6.811884249993697e+19 1.2547512233101427e+21 1.2783211115578237e+22
2009D CMFGEN 1.4 2454870.61 "" 1.7549861943023016e+20 7.612013840946377e+22 1.3548741916954002e+24 6.9000329546900185e+22 1.827559096436268e+21 7.32279037992603e+21 9.867661931634576e+22
2009D CMFGEN 1.4 2454840.61 "" "" "" "" 4.1530948829836927e+21 6.131548792741879e+19 2.7236995846792092e+20 4.517476603730956e+21
2009D CMFGEN 1.4 2454841.55 "" 7.848145758957136e+18 1.7942938503568297e+20 1.3969843698122883e+22 5.86708562136358e+21 6.380678728959049e+18 4.1440783572334425e+20 ""
2009D CMFGEN 1.4 2454843.55 "" 9.79196481393832e+18 1.6676972708781605e+20 1.624263666146928e+22 6.028546162984577e+21 5.487387229511028e+18 4.059655933420568e+20 ""
2009D CMFGEN 1.7 2454848.61 "" 8.67075526103845e+19 2.5918285035282943e+20 4.278148735900516e+22 5.864952794749052e+21 1.6855574743513926e+19 3.2723287184075647e+20 7.922409660152315e+20
2009D CMFGEN 1.7 2454840.64 1.3513350948269638e+19 2.146150488737541e+19 8.62152446161416e+19 1.8053109836327414e+22 3.754794377772965e+21 "" "" ""
2009D CMFGEN 1.7 2454919.5 "" 8.433062141279007e+20 1.2518159982127503e+23 5.806553420099532e+24 2.0284365084367803e+23 2.6438281092962315e+21 2.183802405269883e+22 6.999637339657328e+25
2009D CMFGEN 1.7 2454836.62 "" 7.148132203216187e+19 3.126759260333987e+20 5.5977294853538985e+22 1.2281676966502383e+22 5.718167244444416e+18 5.95973843977599e+20 6.416807403387435e+20
2009D CMFGEN 1.7 2454870.61 "" 3.5850654756706884e+20 3.525620165576515e+22 1.4445908639334395e+24 4.096189834415309e+22 2.9471805088758615e+20 3.1548998493802815e+21 3.960487450155539e+21
2009D CMFGEN 1.7 2454840.61 "" "" "" "" 2.8117816409121526e+21 7.301353446766574e+18 1.2777705400232093e+20 2.3293703720139797e+20
2009D CMFGEN 1.7 2454841.55 "" 1.6169155620704852e+19 5.981234440555559e+19 1.5497318782612909e+22 4.3611656447468555e+21 5.4004837394502336e+17 1.9381361051484425e+20 ""
2009D CMFGEN 1.7 2454843.55 "" 2.006289056501991e+19 4.106418748642907e+19 1.8036776161850818e+22 3.948048326826082e+21 4.775973744807249e+17 1.8885681721348502e+20 ""
2009F CMFGEN 1.04 2454887.64 "" 1.5459979000962508e+22 7.144834473590146e+24 1.3194590851670367e+25 3.749510340666231e+23 4.299430951433613e+21 3.5535477840785164e+22 7.251913667368401e+23
2009F CMFGEN 1.04 2454836.67 "" 3.516121201545497e+21 1.1811751964561073e+22 5.214972104266573e+23 9.746975098223918e+22 1.3337083286386833e+21 4.5145435193051573e+21 1.2997894062240879e+22
2009F CMFGEN 1.04 2454871.6 "" "" "" "" "" 6.622846496098018e+20 9.98046213920094e+21 6.038097120316244e+22
2009F CMFGEN 1.04 2454840.71 "" "" "" "" "" 5.693221873089095e+19 4.4706245010788083e+20 1.3242307222727735e+21
2009F CMFGEN 1.04 2454841.59 "" 3.860741079964696e+20 1.1010584090354575e+21 5.160268932924035e+22 6.327422523818834e+21 2.411464646563773e+19 3.17199105081122e+20 ""
2009F CMFGEN 1.04 2454843.58 "" 1.420643459299244e+20 7.563553132682142e+20 3.3371169600588822e+22 2.1841975322949415e+21 1.957645468941052e+19 1.777770586961165e+20 ""
2009F CMFGEN 1.04 2454876.57 "" "" "" 3.4851697361880303e+25 8.592215283022672e+23 8.538719575099434e+21 5.34374440465927e+22 3.079659737303141e+23
2009F CMFGEN 1.02 2454887.64 "" 6.987256209730274e+21 6.0406914608599e+24 1.27748451297848e+25 4.671797605612724e+23 9.878813560578679e+21 6.381305755182152e+22 1.937331144490291e+24
2009F CMFGEN 1.02 2454836.67 "" 1.5216000057417458e+21 1.2285580719693278e+22 4.929027521208125e+23 1.2137678601694519e+23 2.557405991610753e+21 7.023303622154354e+21 3.3676474114090774e+22
2009F CMFGEN 1.02 2454871.6 "" "" "" "" "" 1.5729030430542977e+21 1.8190853112113568e+22 1.6800503781370765e+23
2009F CMFGEN 1.02 2454840.71 "" "" "" "" "" 1.163198799332056e+20 7.429286182650669e+20 3.300441556424067e+21
2009F CMFGEN 1.02 2454841.59 "" 1.7641347790284004e+20 1.166214486458026e+21 4.989165163673522e+22 7.976186959200455e+21 5.447151527976968e+19 5.257013184006285e+20 ""
2009F CMFGEN 1.02 2454843.58 "" 5.878948758482513e+19 7.92406314169398e+20 3.2174909179555456e+22 2.731936687304045e+21 4.5149384958294655e+19 3.003768167972409e+20 ""
2009F CMFGEN 1.02 2454876.57 "" "" "" 3.3878558281000412e+25 1.070874512163465e+24 1.7607380199127623e+22 9.391242047943488e+22 8.47183937778132e+23
2009F CMFGEN 1.4 2454887.64 "" 8.089674421837811e+21 1.1800663413440868e+25 1.2885234589188642e+25 5.64018109643848e+23 2.144705593945826e+22 9.475875903802686e+22 4.719323757234892e+24
2009F CMFGEN 1.4 2454836.67 "" 1.709715898401371e+21 2.345404793613144e+22 4.943316466001156e+23 1.5191152322052418e+23 4.394103056095283e+21 9.906636355392737e+21 6.721547614902443e+22
2009F CMFGEN 1.4 2454871.6 "" "" "" "" "" 3.53782581246948e+21 2.7510600629193384e+22 3.793090015248305e+23
2009F CMFGEN 1.4 2454840.71 "" "" "" "" "" 2.2294003559518837e+20 1.0895839386703136e+21 6.670577507584635e+21
2009F CMFGEN 1.4 2454841.59 "" 2.0250912069095437e+20 2.2275255044846075e+21 5.1481668042641975e+22 1.0052695026286199e+22 1.1689005769803561e+20 7.695889293923493e+20 ""
2009F CMFGEN 1.4 2454843.58 "" 6.532980791297192e+19 1.5166677640113994e+21 3.3135398882929615e+22 3.3343631145271154e+21 9.648133504099087e+19 4.450304077618694e+20 ""
2009F CMFGEN 1.4 2454876.57 "" "" "" 3.4291622316550492e+25 1.2846028056768455e+24 3.451143443077716e+22 1.3919321992849658e+23 1.763612156086134e+24
2009F CMFGEN 1.7 2454887.64 "" 1.5581106742816984e+22 5.477936704219658e+24 1.419253275725765e+25 3.973518142790306e+23 3.026134929345645e+21 3.810070130802132e+22 1.301038749233269e+23
2009F CMFGEN 1.7 2454836.67 "" 3.342064014198899e+21 9.057231744640232e+21 5.4310784259682267e+23 9.610594557628786e+22 1.258938382053761e+21 4.455911877078386e+21 2.8947341708110133e+21
2009F CMFGEN 1.7 2454871.6 "" "" "" "" "" 4.4355344167464763e+20 1.0436482616324237e+22 6.079709905468463e+21
2009F CMFGEN 1.7 2454840.71 "" "" "" "" "" 4.556415483281593e+19 4.4692680041199016e+20 2.4443894165347087e+20
2009F CMFGEN 1.7 2454841.59 "" 3.756715516100484e+20 8.467630975859374e+20 5.339504205833242e+22 6.148445797410866e+21 1.7172203440672858e+19 3.178391865187326e+20 ""
2009F CMFGEN 1.7 2454843.58 "" 1.3349647406496217e+20 5.78670670568331e+20 3.4570977372872565e+22 2.2984059769935432e+21 1.3588105583794188e+19 1.8019762297691446e+20 ""
2009F CMFGEN 1.7 2454876.57 "" "" "" 3.7524256812942466e+25 9.172716529212745e+23 6.864192758415454e+21 5.722982084469661e+22 5.526786649435298e+22
2009Y CMFGEN 1.04 2454885.84 "" 7.716393723952209e+18 1.3247137872811414e+19 1.7668649824682257e+21 4.546060567760597e+19 2.4282895023488544e+17 8.986609714899524e+18 8.860261754398466e+19
2009Y CMFGEN 1.04 2454886.88 "" 9.325366345594845e+18 1.5794521288744501e+19 1.971145050197717e+21 4.421126283040913e+19 2.4701836415457018e+17 9.475313999368045e+18 1.1532905792061581e+20
2009Y CMFGEN 1.04 2454887.88 "" 1.297174410096019e+19 2.0746579370244407e+19 2.291258151996936e+21 4.700209633768246e+19 4.3350938707909555e+17 1.0059536863593558e+19 1.3735128124377783e+20
2009Y CMFGEN 1.04 2454952.83 "" 6.826403673343476e+20 1.7444083317056924e+22 4.314182048566243e+23 1.4407002602303757e+22 1.4894788787083352e+20 1.6051966505654765e+21 1.1318129352634812e+23
2009Y CMFGEN 1.04 2454905.91 "" "" "" 2.750444899261721e+23 1.7258576189399153e+21 6.971314416166752e+18 2.0200853831647245e+20 1.679155652060158e+21
2009Y CMFGEN 1.04 2454888.89 "" 1.9996737337134273e+19 3.051779362398579e+19 2.989431681176635e+21 5.324217284043431e+19 5.6373361681763674e+17 1.1926522201900534e+19 1.4241678575676192e+20
2009Y CMFGEN 1.04 2454919.84 "" 1.6218371160251653e+20 1.6804407619745098e+21 7.064944039853724e+22 7.933011203113432e+20 2.8800283839004733e+18 8.054960791814078e+19 8.157797354289628e+20
2009Y CMFGEN 1.04 2454871.82 1.9939499631363963e+18 7.429973553551532e+17 7.900533541748525e+18 1.9329009499729696e+21 2.9239925621232373e+20 "" "" ""
2009Y CMFGEN 1.04 2454871.83 "" 1.6790044295558246e+18 2.0686294633076515e+19 4.568565158188436e+21 6.853950071652509e+20 1.0267143574095686e+18 5.2246181443702776e+19 1.5971692184899787e+20
2009Y CMFGEN 1.04 2454871.84 "" "" "" "" "" 2.534509817635479e+17 1.4176022211526115e+19 5.553867788191862e+19
2009Y CMFGEN 1.04 2454871.85 "" 3.961647626142711e+18 2.917580415193152e+19 7.219948870617457e+21 1.1017189752365266e+21 1.4877754283474284e+18 "" ""
2009Y CMFGEN 1.04 2454870.83 "" 8.068737952281409e+17 1.1907103066917843e+19 2.6044152152522747e+21 3.944349889687108e+20 6.633331913166879e+17 3.048335680652372e+19 9.868553784330902e+19
2009Y CMFGEN 1.04 2454873.87 "" "" "" 5.58785227336058e+22 9.08984924140292e+21 1.3337043811676324e+19 8.719775030546529e+20 1.4678140843427826e+21
2009Y CMFGEN 1.04 2454939.83 2.8499325959384213e+20 2.6634020496702443e+20 5.783213412241163e+21 1.7516782732444e+23 3.636177930781173e+21 1.6645144891004416e+19 3.5796480385880536e+20 2.6890109472700963e+23
2009Y CMFGEN 1.04 2454878.89 "" "" "" 1.9348229349815338e+21 1.4957082960499484e+20 1.2163892535795192e+17 1.457202570911721e+19 5.544077424011592e+19
2009Y CMFGEN 1.04 2454943.82 1.983485696979478e+20 2.902860162163356e+20 4.761577424183775e+21 1.3678489268437373e+23 3.058898911613568e+21 2.1028439571141304e+19 3.242640616649308e+20 1.4431784526405514e+24
2009Y CMFGEN 1.02 2454885.84 "" 3.7828831320060984e+18 1.4674001127291752e+19 1.6826650505367624e+21 5.7456022961931166e+19 5.678341745085201e+17 1.4054774605943896e+19 2.1509429217465732e+20
2009Y CMFGEN 1.02 2454886.88 "" 4.5634840350501484e+18 1.6843100779519529e+19 1.8775669702593122e+21 5.597777911688664e+19 5.7054108651482406e+17 1.4825957649502597e+19 2.795229247613961e+20
2009Y CMFGEN 1.02 2454887.88 "" 6.595189931342822e+18 2.2252683585253024e+19 2.181106665538763e+21 5.945048507958554e+19 9.561506789061115e+17 1.5717312107404827e+19 3.614335835599927e+20
2009Y CMFGEN 1.02 2454952.83 "" 2.885779852404596e+20 1.7215428039960076e+22 3.941681207642814e+23 1.7885765518488353e+22 3.0723907429916475e+20 3.2357449470420467e+21 2.852725997668245e+23
2009Y CMFGEN 1.02 2454905.91 "" "" "" 2.6334682325099055e+23 2.1267411676814338e+21 1.4432170874811787e+19 3.5674775207927664e+20 4.0726072420437873e+21
2009Y CMFGEN 1.02 2454888.89 "" 1.0307150115811006e+19 3.1989130861860938e+19 2.8452082039724447e+21 6.701073454399981e+19 1.2733747580757898e+18 1.8726429194841498e+19 3.473733185895896e+20
2009Y CMFGEN 1.02 2454919.84 "" 6.540060189379892e+19 1.6653681437568742e+21 6.636254514852335e+22 9.79256028406109e+20 6.417948978975563e+18 1.51828910970861e+20 1.9728722283665299e+21
2009Y CMFGEN 1.02 2454871.82 8.065915253932168e+17 3.567873483070004e+17 1.0935859483805598e+19 1.8249279072049483e+21 3.591306236448151e+20 "" "" ""
2009Y CMFGEN 1.02 2454871.83 "" 8.189639437184745e+17 2.8456516752747004e+19 4.327436696648706e+21 8.384051306797557e+20 2.701742959743792e+18 8.54435831684897e+19 4.4576657213222126e+20
2009Y CMFGEN 1.02 2454871.84 "" "" "" "" "" 6.396912045582068e+17 2.3069312159445684e+19 1.548315319011795e+20
2009Y CMFGEN 1.02 2454871.85 "" 1.9152826250572298e+18 4.13222692015304e+19 6.81939341530949e+21 1.3511059717634728e+21 3.7801835039765576e+18 "" ""
2009Y CMFGEN 1.02 2454870.83 "" 3.8686113435985664e+17 1.6139725062584437e+19 2.4611954153363404e+21 4.821899994874894e+20 1.7135195603693553e+18 4.97793710995354e+19 2.9068226176122867e+20
2009Y CMFGEN 1.02 2454873.87 "" "" "" 5.275311016488755e+22 1.12072828359046e+22 3.580727506383993e+19 1.4111821076723694e+21 4.336114283471358e+21
2009Y CMFGEN 1.02 2454939.83 2.042814807428693e+21 1.1040273501775087e+20 5.715418823263764e+21 1.6019815339605655e+23 4.4974367586781307e+21 3.4585755833461203e+19 7.071388541041786e+20 7.039433815698356e+23
2009Y CMFGEN 1.02 2454878.89 "" "" "" 1.8432330167706373e+21 1.8587767721701376e+20 2.8987284146584915e+17 2.3614794325221904e+19 1.364200323565731e+20
2009Y CMFGEN 1.02 2454943.82 1.8132548204733527e+21 1.1454162133924831e+20 4.6464978207612957e+21 1.2494662464840776e+23 3.780143310415446e+21 4.55616418864382e+19 6.470222793974573e+20 3.704454118506887e+24
2009Y CMFGEN 1.4 2454885.84 "" 4.900575738103367e+18 2.82437572580666e+19 1.6708537161699033e+21 7.128118843210182e+19 1.2449144345295265e+18 1.9570181882660315e+19 4.339881002830498e+20
2009Y CMFGEN 1.4 2454886.88 "" 5.859745089338649e+18 3.2045720978469302e+19 1.8642356572192847e+21 6.944894432209986e+19 1.250375599378648e+18 2.0673450071894454e+19 5.582882245759017e+20
