results/color_chisq/5.0_50.0.ecsv
# %ECSV 0.9
# ---
# datatype:
# - name: obj_id
#   datatype: string
# - name: source
#   datatype: string
# - name: version
#   datatype: string
# - name: u_g
#   datatype: float64
# - name: u_g_dof
#   datatype: float64
# - name: g_r
#   datatype: float64
# - name: g_r_dof
#   datatype: float64
# - name: r_i
#   datatype: float64
# - name: r_i_dof
#   datatype: float64
# - name: B_i
#   datatype: float64
# - name: B_i_dof
#   datatype: float64
# - name: B_V
#   datatype: float64
# - name: B_V_dof
#   datatype: float64
# - name: B_V0
#   datatype: float64
# - name: B_V0_dof
#   datatype: float64
# - name: B_V1
#   datatype: float64
# - name: B_V1_dof
#   datatype: float64
# - name: Y_J
#   datatype: float64
# - name: Y_J_dof
#   datatype: float64
# - name: Y_Jdw
#   datatype: float64
# - name: Y_Jdw_dof
#   datatype: float64
# - name: Ydw_J
#   datatype: float64
# - name: Ydw_J_dof
#   datatype: float64
# - name: Ydw_Jdw
#   datatype: float64
# - name: Ydw_Jdw_dof
#   datatype: float64
# - name: J_H
#   datatype: float64
# - name: J_H_dof
#   datatype: float64
# - name: J_Hdw
#   datatype: float64
# - name: J_Hdw_dof
#   datatype: float64
# - name: Jdw_H
#   datatype: float64
# - name: Jdw_H_dof
#   datatype: float64
# - name: Jdw_Hdw
#   datatype: float64
# - name: Jdw_Hdw_dof
#   datatype: float64
# meta: !!omap
# - prange: !!python/tuple
#   - 5.0
#   - 50.0
# - bands:
#   - !!python/tuple
#     - csp_dr3_u
#     - csp_dr3_g
#   - !!python/tuple
#     - csp_dr3_g
#     - csp_dr3_r
#   - !!python/tuple
#     - csp_dr3_r
#     - csp_dr3_i
#   - !!python/tuple
#     - csp_dr3_B
#     - csp_dr3_i
#   - !!python/tuple
#     - csp_dr3_B
#     - csp_dr3_V
#   - !!python/tuple
#     - csp_dr3_B
#     - csp_dr3_V0
#   - !!python/tuple
#     - csp_dr3_B
#     - csp_dr3_V1
#   - !!python/tuple
#     - csp_dr3_Y
#     - csp_dr3_J
#   - !!python/tuple
#     - csp_dr3_Y
#     - csp_dr3_Jdw
#   - !!python/tuple
#     - csp_dr3_Ydw
#     - csp_dr3_J
#   - !!python/tuple
#     - csp_dr3_Ydw
#     - csp_dr3_Jdw
#   - !!python/tuple
#     - csp_dr3_J
#     - csp_dr3_H
#   - !!python/tuple
#     - csp_dr3_J
#     - csp_dr3_Hdw
#   - !!python/tuple
#     - csp_dr3_Jdw
#     - csp_dr3_H
#   - !!python/tuple
#     - csp_dr3_Jdw
#     - csp_dr3_Hdw
# schema: astropy-2.0
obj_id source version u_g u_g_dof g_r g_r_dof r_i r_i_dof B_i B_i_dof B_V B_V_dof B_V0 B_V0_dof B_V1 B_V1_dof Y_J Y_J_dof Y_Jdw Y_Jdw_dof Ydw_J Ydw_J_dof Ydw_Jdw Ydw_Jdw_dof J_H J_H_dof J_Hdw J_Hdw_dof Jdw_H Jdw_H_dof Jdw_Hdw Jdw_Hdw_dof
[from data line 190]
2005W CMFGEN 1.7 "" "" "" "" "" "" "" "" "" "" "" "" "" "" "" "" "" "" "" "" "" "" "" "" "" "" "" "" "" ""
2005ag CMFGEN 1.7 "" "" 1237170.9458645375 46.0 66302.79023110865 46.0 757542.6156044032 46.0 "" "" 242980.63925881757 46.0 "" "" "" "" "" "" "" "" "" "" "" "" "" "" "" "" "" ""
2005al CMFGEN 1.7 268426.9053935601 46.0 1228937.6922876814 46.0 21147.961445592042 46.0 1313486.2585710736 46.0 "" "" 730524.274541374 46.0 "" "" "" "" "" "" "" "" "" "" "" "" "" "" "" "" "" ""
2005am CMFGEN 1.7 852151.819721197 46.0 766376.9912997483 46.0 9178.555960311332 46.0 762612.0090957879 46.0 "" "" 566375.1668698152 46.0 "" "" "" "" "" "" "" "" "" "" "" "" "" "" "" "" "" ""
2005bl CMFGEN 1.7 "" "" "" "" "" "" "" "" "" "" "" "" "" "" "" "" "" "" "" "" "" "" "" "" "" "" "" "" "" ""
2005el CMFGEN 1.7 281465.7109678892 46.0 1382982.4549359365 46.0 28230.18271356838 46.0 1143014.8966986884 46.0 "" "" 530654.6940078012 46.0 "" "" 33413.22431029183 46.0 "" "" "" "" "" "" 24927.051501930026 46.0 "" "" "" "" "" ""
2005eq CMFGEN 1.7 467118.24565640884 46.0 2477701.074951164 46.0 95176.33089852684 46.0 2143944.466431725 46.0 "" "" 900092.7697703782 46.0 "" "" 8709.274139669742 46.0 "" "" "" "" "" "" "" "" "" "" "" "" "" ""
2005hc CMFGEN 1.7 "" "" 1506298.2984919506 46.0 65016.87901183924 46.0 1065458.3231306158 46.0 "" "" 458944.56035386864 46.0 "" "" "" "" "" "" "" "" "" "" "" "" "" "" "" "" "" ""
2005hj CMFGEN 1.7 "" "" 697936.9868388425 46.0 38988.71713187511 46.0 453049.82071798854 46.0 "" "" 142478.5681768857 46.0 "" "" "" "" "" "" "" "" "" "" "" "" "" "" "" "" "" ""
2005iq CMFGEN 1.7 "" "" 1394571.011984929 46.0 39150.551626025794 46.0 810129.7202478742 46.0 "" "" 398293.85882753873 46.0 "" "" "" "" "" "" "" "" "" "" "" "" "" "" "" "" "" ""
2005kc CMFGEN 1.7 "" "" "" "" "" "" "" "" "" "" "" "" "" "" "" "" "" "" "" "" "" "" "" "" "" "" "" "" "" ""
2005ke CMFGEN 1.7 21650.35973849997 46.0 275289.3177600847 46.0 15230.979628361058 46.0 147644.55579516897 46.0 "" "" "" "" "" "" 42723.345420200385 46.0 "" "" "" "" "" "" 79903.65921576956 46.0 "" "" "" "" "" ""
2005ki CMFGEN 1.7 139523.05467150782 46.0 1188053.759776945 46.0 27090.635728322173 46.0 820784.7389685242 46.0 "" "" "" "" "" "" "" "" "" "" "" "" "" "" 3852.5947812506024 46.0 "" "" "" "" "" ""
2005na CMFGEN 1.7 "" "" 1932749.3032741107 46.0 53294.30584426496 46.0 1500457.2945800994 46.0 "" "" "" "" "" "" "" "" "" "" "" "" "" "" "" "" "" "" "" "" "" ""
2006D CMFGEN 1.7 220867.5684343087 46.0 1439700.937437723 46.0 47051.77513360811 46.0 1711340.9805233313 46.0 763428.8331147555 46.0 "" "" "" "" "" "" "" "" "" "" "" "" "" "" "" "" "" "" "" ""
2006ax CMFGEN 1.7 "" "" 1835873.6033264105 46.0 60447.57387137152 46.0 2030787.1169182751 46.0 957860.8986218292 46.0 "" "" "" "" "" "" "" "" "" "" "" "" "" "" "" "" "" "" "" ""
2006bh CMFGEN 1.7 194111.32793398423 46.0 1360350.806682596 46.0 36971.812894733885 46.0 1418387.9660834996 46.0 632344.2798615859 46.0 "" "" "" "" "" "" "" "" "" "" "" "" "" "" "" "" "" "" "" ""
2006et CMFGEN 1.7 181449.56186036515 46.0 1313588.8038806259 46.0 45147.767879258114 46.0 1303924.0896726474 46.0 532687.0226962493 46.0 "" "" "" "" 23167.92677257802 46.0 "" "" "" "" "" "" 18504.224637657513 46.0 "" "" "" "" "" ""
2006gj CMFGEN 1.7 "" "" 168490.67073269965 46.0 3748.993182479163 46.0 99731.3233654882 46.0 38802.518596017966 46.0 "" "" "" "" "" "" "" "" "" "" "" "" "" "" "" "" "" "" "" ""
2006gt CMFGEN 1.7 "" "" 231692.6625120694 46.0 5476.091943284634 46.0 115024.9958705456 46.0 32764.689008533984 46.0 "" "" "" "" "" "" "" "" "" "" "" "" "" "" "" "" "" "" "" ""
2006hx CMFGEN 1.7 "" "" 190496.71273112774 46.0 "" "" "" "" "" "" "" "" "" "" "" "" "" "" "" "" "" "" "" "" "" "" "" "" "" ""
2006kf CMFGEN 1.7 "" "" 581255.2586293586 46.0 19806.611426660456 46.0 322537.6586439207 46.0 126909.38618245823 46.0 "" "" "" "" "" "" "" "" "" "" "" "" "" "" "" "" "" "" "" ""
2006mr CMFGEN 1.7 "" "" 78046.6322553723 46.0 13384.745064158584 46.0 23555.539330821237 46.0 20642.453391999396 46.0 "" "" "" "" "" "" "" "" "" "" "" "" "" "" "" "" "" "" "" ""
2006ob CMFGEN 1.7 "" "" "" "" "" "" "" "" "" "" "" "" "" "" "" "" "" "" "" "" "" "" "" "" "" "" "" "" "" ""
2007A CMFGEN 1.7 "" "" "" "" "" "" "" "" "" "" "" "" "" "" "" "" "" "" "" "" "" "" "" "" "" "" "" "" "" ""
2007N CMFGEN 1.7 "" "" 39906.6984948118 46.0 6247.849337806426 46.0 13460.95930155465 46.0 9480.176970014141 46.0 "" "" "" "" "" "" "" "" "" "" "" "" "" "" "" "" "" "" "" ""
2007S CMFGEN 1.7 nan 46.0 664713.4236631253 46.0 17321.027558767848 46.0 430272.3615865418 46.0 193795.3847734596 46.0 "" "" "" "" "" "" "" "" "" "" "" "" 75164.29576019051 46.0 "" "" "" "" "" ""
2007af CMFGEN 1.7 244125.29651450386 46.0 982120.9340147374 46.0 25805.48478376616 46.0 888156.7433976473 46.0 391059.78788379504 46.0 "" "" "" "" 50442.76852553813 46.0 "" "" 18225.267522663642 46.0 "" "" 84460.89143259249 46.0 "" "" "" "" "" ""
2007ax CMFGEN 1.7 "" "" 69851.90742064487 46.0 5917.858274017767 46.0 25383.92533030133 46.0 19781.0970559597 46.0 "" "" "" "" "" "" "" "" "" "" "" "" "" "" "" "" "" "" "" ""
2007ba CMFGEN 1.7 "" "" "" "" "" "" "" "" 70597.3311671077 46.0 "" "" "" "" "" "" "" "" "" "" "" "" "" "" "" "" "" "" "" ""
2007bc CMFGEN 1.7 "" "" 814221.3203130946 46.0 17430.996998191775 46.0 417006.08014151495 46.0 224359.9214732523 46.0 "" "" "" "" "" "" "" "" "" "" "" "" "" "" "" "" "" "" "" ""
2007bd CMFGEN 1.7 "" "" 844054.1301737048 46.0 18255.13076229249 46.0 414631.32527495816 46.0 224907.1326103607 46.0 "" "" "" "" "" "" "" "" "" "" "" "" "" "" "" "" "" "" "" ""
2007ca CMFGEN 1.7 "" "" "" "" "" "" "" "" "" "" "" "" "" "" "" "" "" "" "" "" "" "" "" "" "" "" "" "" "" ""
2007hj CMFGEN 1.7 "" "" 1052237.4550617847 46.0 20213.577619558208 46.0 836699.9542594654 46.0 364280.69452087436 46.0 "" "" "" "" 23987.20398682725 46.0 "" "" "" "" "" "" "" "" "" "" "" "" "" ""
2007jg CMFGEN 1.7 "" "" "" "" "" "" 503691.9867809352 46.0 181268.94176781044 46.0 "" "" "" "" "" "" "" "" 520.726725002118 46.0 "" "" "" "" "" "" "" "" "" ""
2007jh CMFGEN 1.7 "" "" "" "" "" "" "" "" "" "" "" "" "" "" "" "" "" "" "" "" "" "" "" "" "" "" "" "" "" ""
2007le CMFGEN 1.7 75159.54246463785 46.0 1240683.0427608686 46.0 35895.61864442325 46.0 1117131.2687584457 46.0 517557.35163360887 46.0 "" "" "" "" 49543.14352128614 46.0 "" "" "" "" "" "" 85155.48350110797 46.0 "" "" "" "" "" ""
2007nq CMFGEN 1.7 "" "" 1022784.4649954492 46.0 33667.2698100088 46.0 562999.8504530065 46.0 192155.3108270352 46.0 "" "" "" "" "" "" "" "" "" "" "" "" "" "" "" "" "" "" "" ""
2007on CMFGEN 1.7 44006.62115479352 46.0 599563.6784286957 46.0 4489.5340093697805 46.0 276802.4993549619 46.0 222259.06743564832 46.0 "" "" "" "" 63693.64489541541 46.0 "" "" "" "" "" "" 85129.81464017235 46.0 "" "" "" "" "" ""
2008R CMFGEN 1.7 "" "" "" "" "" "" "" "" "" "" "" "" "" "" "" "" "" "" "" "" "" "" "" "" "" "" "" "" "" ""
2008bc CMFGEN 1.7 253823.5880218187 46.0 519901.1641071105 46.0 20717.455446732612 46.0 1087566.8483567971 46.0 859521.196051716 46.0 "" "" "" "" 21124.97582524011 46.0 "" "" 15777.356722544595 46.0 "" "" 12223.010437498797 46.0 "" "" "" "" "" ""
2008bf CMFGEN 1.7 444446.305109896 46.0 2244880.3805297324 46.0 65502.57936627875 46.0 1784893.7809652784 46.0 1194003.411868294 46.0 "" "" "" "" "" "" "" "" "" "" "" "" "" "" "" "" "" "" "" ""
2008fp CMFGEN 1.7 14114.558290332745 46.0 990334.0331669196 46.0 25047.427962117043 46.0 597838.7295898211 46.0 274813.98219151964 46.0 "" "" "" "" 76403.28730461466 46.0 "" "" 126014.12039089495 46.0 "" "" 269272.62635084544 46.0 "" "" "" "" "" ""
2008gl CMFGEN 1.7 133263.1425893884 46.0 1125939.7262984137 46.0 36679.16448955477 46.0 737139.5176220351 46.0 300994.35939435964 46.0 "" "" "" "" "" "" "" "" "" "" "" "" "" "" "" "" "" "" "" ""
2008gp CMFGEN 1.7 "" "" "" "" "" "" "" "" "" "" "" "" "" "" "" "" "" "" "" "" "" "" "" "" "" "" "" "" "" ""
2008hv CMFGEN 1.7 111797.10194447509 46.0 845496.7145112527 46.0 14394.32844875179 46.0 717779.7764326798 46.0 444236.8094491569 46.0 "" "" "" "" "" "" "" "" "" "" "" "" "" "" "" "" "" "" "" ""
2008ia CMFGEN 1.7 "" "" "" "" "" "" "" "" "" "" "" "" "" "" "" "" "" "" "" "" "" "" 34541.49899844409 46.0 "" "" "" "" "" ""
2009D CMFGEN 1.7 "" "" "" "" "" "" "" "" "" "" "" "" "" "" "" "" "" "" "" "" "" "" "" "" "" "" "" "" "" ""
2009F CMFGEN 1.7 "" "" "" "" "" "" "" "" "" "" "" "" "" "" "" "" "" "" "" "" "" "" "" "" "" "" "" "" "" ""
2009Y CMFGEN 1.7 250974.86924369683 46.0 1081712.876411696 46.0 44504.20662747285 46.0 1379476.2616872948 46.0 661588.5334358134 46.0 "" "" "" "" 4287.772037780872 46.0 "" "" 5074.212248177766 46.0 "" "" 5440.758919358668 46.0 "" "" "" "" "" ""
2009aa CMFGEN 1.7 "" "" 1034951.7566227688 46.0 30555.295078442763 46.0 793651.0215535178 46.0 347695.8530483108 46.0 "" "" "" "" 2584.2653739789384 46.0 "" "" 3005.6213715878307 46.0 "" "" 3657.8823387830366 46.0 "" "" "" "" "" ""
2009ab CMFGEN 1.7 "" "" "" "" "" "" "" "" "" "" "" "" "" "" "" "" "" "" "" "" "" "" "" "" "" "" "" "" "" ""
2009ad CMFGEN 1.7 "" "" "" "" "" "" "" "" "" "" "" "" "" "" "" "" "" "" "" "" "" "" "" "" "" "" "" "" "" ""
2009ag CMFGEN 1.7 "" "" "" "" "" "" "" "" "" "" "" "" "" "" "" "" "" "" "" "" "" "" "" "" "" "" "" "" "" ""
