results/color_chisq/5.0_50.0.ecsv
# %ECSV 0.9
# ---
# datatype:
# - name: obj_id
#   datatype: string
# - name: source
#   datatype: string
# - name: version
#   datatype: string
# - name: u_g
#   datatype: float64
# - name: u_g_dof
#   datatype: float64
# - name: g_r
#   datatype: float64
# - name: g_r_dof
#   datatype: float64
# - name: r_i
#   datatype: float64
# - name: r_i_dof
#   datatype: float64
# - name: B_i
#   datatype: float64
# - name: B_i_dof
#   datatype: float64
# - name: B_V
#   datatype: float64
# - name: B_V_dof
#   datatype: float64
# - name: B_V0
#   datatype: float64
# - name: B_V0_dof
#   datatype: float64
# - name: B_V1
#   datatype: float64
# - name: B_V1_dof
#   datatype: float64
# - name: Y_J
#   datatype: float64
# - name: Y_J_dof
#   datatype: float64
# - name: Y_Jdw
#   datatype: float64
# - name: Y_Jdw_dof
#   datatype: float64
# - name: Ydw_J
#   datatype: float64
# - name: Ydw_J_dof
#   datatype: float64
# - name: Ydw_Jdw
#   datatype: float64
# - name: Ydw_Jdw_dof
#   datatype: float64
# - name: J_H
#   datatype: float64
# - name: J_H_dof
#   datatype: float64
# - name: J_Hdw
#   datatype: float64
# - name: J_Hdw_dof
#   datatype: float64
# - name: Jdw_H
#   datatype: float64
# - name: Jdw_H_dof
#   datatype: float64
# - name: Jdw_Hdw
#   datatype: float64
# - name: Jdw_Hdw_dof
#   datatype: float64
# meta: !!omap
# - prange: !!python/tuple
#   - 5.0
#   - 50.0
# - bands:
#   - !!python/tuple
#     - csp_dr3_u
#     - csp_dr3_g
#   - !!python/tuple
#     - csp_dr3_g
#     - csp_dr3_r
#   - !!python/tuple
#     - csp_dr3_r
#     - csp_dr3_i
#   - !!python/tuple
#     - csp_dr3_B
#     - csp_dr3_i
#   - !!python/tuple
#     - csp_dr3_B
#     - csp_dr3_V
#   - !!python/tuple
#     - csp_dr3_B
#     - csp_dr3_V0
#   - !!python/tuple
#     - csp_dr3_B
#     - csp_dr3_V1
#   - !!python/tuple
#     - csp_dr3_Y
#     - csp_dr3_J
#   - !!python/tuple
#     - csp_dr3_Y
#     - csp_dr3_Jdw
#   - !!python/tuple
#     - csp_dr3_Ydw
#     - csp_dr3_J
#   - !!python/tuple
#     - csp_dr3_Ydw
#     - csp_dr3_Jdw
#   - !!python/tuple
#     - csp_dr3_J
#     - csp_dr3_H
#   - !!python/tuple
#     - csp_dr3_J
#     - csp_dr3_Hdw
#   - !!python/tuple
#     - csp_dr3_Jdw
#     - csp_dr3_H
#   - !!python/tuple
#     - csp_dr3_Jdw
#     - csp_dr3_Hdw
# schema: astropy-2.0
obj_id source version u_g u_g_dof g_r g_r_dof r_i r_i_dof B_i B_i_dof B_V B_V_dof B_V0 B_V0_dof B_V1 B_V1_dof Y_J Y_J_dof Y_Jdw Y_Jdw_dof Ydw_J Ydw_J_dof Ydw_Jdw Ydw_Jdw_dof J_H J_H_dof J_Hdw J_Hdw_dof Jdw_H Jdw_H_dof Jdw_Hdw Jdw_Hdw_dof
2004ef CMFGEN 1.04 "" "" 3197282.8178601335 46.0 64250.931525091684 46.0 1802833.5989023314 46.0 "" "" 1156022.1677652248 46.0 "" "" "" "" "" "" "" "" "" "" "" "" "" "" "" "" "" ""
2004eo CMFGEN 1.04 "" "" 5067437.1067101685 46.0 67125.42905942048 46.0 3311746.1840335224 46.0 "" "" 959784.007695201 46.0 "" "" "" "" "" "" "" "" "" "" "" "" "" "" "" "" "" ""
2004ey CMFGEN 1.04 "" "" "" "" "" "" "" "" "" "" "" "" "" "" "" "" "" "" "" "" "" "" "" "" "" "" "" "" "" ""
2004gs CMFGEN 1.04 "" "" 1088951.8108791362 46.0 14202.964571172812 46.0 692095.473773481 46.0 "" "" 340060.03519120475 46.0 "" "" "" "" "" "" "" "" "" "" "" "" "" "" "" "" "" ""
2004gu CMFGEN 1.04 "" "" "" "" "" "" "" "" "" "" "" "" "" "" "" "" "" "" "" "" "" "" "" "" "" "" "" "" "" ""
2005A CMFGEN 1.04 "" "" 364051.5259092239 46.0 24530.25461769954 46.0 "" "" "" "" "" "" "" "" "" "" "" "" "" "" "" "" "" "" "" "" "" "" "" ""
2005M CMFGEN 1.04 "" "" 5429877.071606961 46.0 83951.2715353596 46.0 3633355.753436722 46.0 "" "" 2178619.3710693596 46.0 "" "" "" "" "" "" 6855.5766281385395 46.0 "" "" 9047.080974554967 46.0 "" "" "" "" "" ""
2005W CMFGEN 1.04 "" "" "" "" "" "" "" "" "" "" "" "" "" "" "" "" "" "" "" "" "" "" "" "" "" "" "" "" "" ""
2005ag CMFGEN 1.04 "" "" 1831406.945701378 46.0 64172.084711366464 46.0 969917.5146697321 46.0 "" "" 311984.4481800701 46.0 "" "" "" "" "" "" "" "" "" "" "" "" "" "" "" "" "" ""
2005al CMFGEN 1.04 207275.83681985672 46.0 2586378.1649448136 46.0 23049.321731588996 46.0 2036551.2091632932 46.0 "" "" 1248024.3439609336 46.0 "" "" "" "" "" "" "" "" "" "" "" "" "" "" "" "" "" ""
2005am CMFGEN 1.04 667801.9737955187 46.0 1873133.1279244067 46.0 8322.50017020559 46.0 1303668.0026486998 46.0 "" "" 1048104.0249917471 46.0 "" "" "" "" "" "" "" "" "" "" "" "" "" "" "" "" "" ""
2005bl CMFGEN 1.04 "" "" "" "" "" "" "" "" "" "" "" "" "" "" "" "" "" "" "" "" "" "" "" "" "" "" "" "" "" ""
2005el CMFGEN 1.04 214680.73771072063 46.0 2872024.297797545 46.0 31050.40823763729 46.0 1725399.4389906335 46.0 "" "" 915202.9793172445 46.0 "" "" 29795.689380877386 46.0 "" "" "" "" "" "" 19576.263260861517 46.0 "" "" "" "" "" ""
2005eq CMFGEN 1.04 372537.5508477206 46.0 4401648.958561412 46.0 99708.36554481708 46.0 3072443.6010604734 46.0 "" "" 1502482.1727649583 46.0 "" "" 7661.05657785949 46.0 "" "" "" "" "" "" "" "" "" "" "" "" "" ""
2005hc CMFGEN 1.04 "" "" 2250734.394171551 46.0 67586.16649870553 46.0 1504513.1824991873 46.0 "" "" 751459.1041060534 46.0 "" "" "" "" "" "" "" "" "" "" "" "" "" "" "" "" "" ""
2005hj CMFGEN 1.04 "" "" 1002338.0392721725 46.0 39963.43305937344 46.0 628677.6887597068 46.0 "" "" 226744.0584942939 46.0 "" "" "" "" "" "" "" "" "" "" "" "" "" "" "" "" "" ""
2005iq CMFGEN 1.04 "" "" 2279881.1311887484 46.0 40620.418455065286 46.0 1143535.5069228648 46.0 "" "" 657178.5685549048 46.0 "" "" "" "" "" "" "" "" "" "" "" "" "" "" "" "" "" ""
2005kc CMFGEN 1.04 "" "" "" "" "" "" "" "" "" "" "" "" "" "" "" "" "" "" "" "" "" "" "" "" "" "" "" "" "" ""
2005ke CMFGEN 1.04 16663.59179802594 46.0 730422.742662738 46.0 11725.565929373965 46.0 310284.45747836254 46.0 "" "" "" "" "" "" 36817.73431901743 46.0 "" "" "" "" "" "" 59809.82626424365 46.0 "" "" "" "" "" ""
2005ki CMFGEN 1.04 107445.85868107076 46.0 2312470.857643739 46.0 28830.318286643207 46.0 1208906.7743585696 46.0 "" "" "" "" "" "" "" "" "" "" "" "" "" "" 2933.7789716079405 46.0 "" "" "" "" "" ""
2005na CMFGEN 1.04 "" "" 3601872.0374990366 46.0 56474.78360513626 46.0 2179596.7017329587 46.0 "" "" "" "" "" "" "" "" "" "" "" "" "" "" "" "" "" "" "" "" "" ""
2006D CMFGEN 1.04 174440.68684878197 46.0 2980205.4401838975 46.0 51907.98889075657 46.0 2551885.784554739 46.0 1284803.72434444 46.0 "" "" "" "" "" "" "" "" "" "" "" "" "" "" "" "" "" "" "" ""
2006ax CMFGEN 1.04 "" "" 3538332.731901923 46.0 64844.552660042624 46.0 2884365.9365864 46.0 1523475.2398976577 46.0 "" "" "" "" "" "" "" "" "" "" "" "" "" "" "" "" "" "" "" ""
2006bh CMFGEN 1.04 152948.52670737068 46.0 2770880.3481999114 46.0 40276.569090958685 46.0 2083569.9318791889 46.0 1042899.895610528 46.0 "" "" "" "" "" "" "" "" "" "" "" "" "" "" "" "" "" "" "" ""
2006et CMFGEN 1.04 138475.7676911645 46.0 2607425.190277028 46.0 47893.93408066652 46.0 1926398.5226873378 46.0 890104.5413926814 46.0 "" "" "" "" 20390.56144207349 46.0 "" "" "" "" "" "" 13705.918529959916 46.0 "" "" "" "" "" ""
2006gj CMFGEN 1.04 "" "" 333963.7432487546 46.0 4065.9808175331104 46.0 155748.9759641762 46.0 68488.42761534028 46.0 "" "" "" "" "" "" "" "" "" "" "" "" "" "" "" "" "" "" "" ""
2006gt CMFGEN 1.04 "" "" 363536.82168607315 46.0 5864.9877151268365 46.0 174422.08023239762 46.0 57996.7044546059 46.0 "" "" "" "" "" "" "" "" "" "" "" "" "" "" "" "" "" "" "" ""
2006hx CMFGEN 1.04 "" "" 303682.25862145174 46.0 "" "" "" "" "" "" "" "" "" "" "" "" "" "" "" "" "" "" "" "" "" "" "" "" "" ""
2006kf CMFGEN 1.04 "" "" 1175309.507305864 46.0 21695.962789660512 46.0 480495.3198545755 46.0 214502.4895117674 46.0 "" "" "" "" "" "" "" "" "" "" "" "" "" "" "" "" "" "" "" ""
2006mr CMFGEN 1.04 "" "" 208626.0361217934 46.0 11429.794579505455 46.0 55374.054250578934 46.0 44229.11331261991 46.0 "" "" "" "" "" "" "" "" "" "" "" "" "" "" "" "" "" "" "" ""
2006ob CMFGEN 1.04 "" "" "" "" "" "" "" "" "" "" "" "" "" "" "" "" "" "" "" "" "" "" "" "" "" "" "" "" "" ""
2007A CMFGEN 1.04 "" "" "" "" "" "" "" "" "" "" "" "" "" "" "" "" "" "" "" "" "" "" "" "" "" "" "" "" "" ""
2007N CMFGEN 1.04 "" "" 133911.36364386225 46.0 5419.356755592093 46.0 32511.353675339607 46.0 22273.748300934898 46.0 "" "" "" "" "" "" "" "" "" "" "" "" "" "" "" "" "" "" "" ""
2007S CMFGEN 1.04 nan 46.0 1518513.4490445736 46.0 19349.420542528478 46.0 685252.8254553882 46.0 350822.96597939206 46.0 "" "" "" "" "" "" "" "" "" "" "" "" 60411.38896095392 46.0 "" "" "" "" "" ""
2007af CMFGEN 1.04 199399.7689604765 46.0 1985392.8617254496 46.0 28613.69639670319 46.0 1351431.8987786546 46.0 662952.6407625896 46.0 "" "" "" "" 45239.29446531027 46.0 "" "" 16526.96346666722 46.0 "" "" 68639.80974685717 46.0 "" "" "" "" "" ""
2007ax CMFGEN 1.04 "" "" 192303.55129989912 46.0 4704.15232938335 46.0 55183.3389816926 46.0 41454.241235308 46.0 "" "" "" "" "" "" "" "" "" "" "" "" "" "" "" "" "" "" "" ""
2007ba CMFGEN 1.04 "" "" "" "" "" "" "" "" 131814.88795899058 46.0 "" "" "" "" "" "" "" "" "" "" "" "" "" "" "" "" "" "" "" ""
2007bc CMFGEN 1.04 "" "" 1631030.8435274807 46.0 18505.642004791316 46.0 606106.4385947235 46.0 362000.85001483554 46.0 "" "" "" "" "" "" "" "" "" "" "" "" "" "" "" "" "" "" "" ""
2007bd CMFGEN 1.04 "" "" 1454039.0446097183 46.0 19073.986721097626 46.0 594672.8342171529 46.0 366107.7873720487 46.0 "" "" "" "" "" "" "" "" "" "" "" "" "" "" "" "" "" "" "" ""
2007ca CMFGEN 1.04 "" "" "" "" "" "" "" "" "" "" "" "" "" "" "" "" "" "" "" "" "" "" "" "" "" "" "" "" "" ""
2007hj CMFGEN 1.04 "" "" 2426255.4858504348 46.0 22319.314707885074 46.0 1349934.9681482438 46.0 655573.5656332475 46.0 "" "" "" "" 20619.33301361007 46.0 "" "" "" "" "" "" "" "" "" "" "" "" "" ""
2007jg CMFGEN 1.04 "" "" "" "" "" "" 729732.6074309207 46.0 312525.464325915 46.0 "" "" "" "" "" "" "" "" 422.20549630394675 46.0 "" "" "" "" "" "" "" "" "" ""
2007jh CMFGEN 1.04 "" "" "" "" "" "" "" "" "" "" "" "" "" "" "" "" "" "" "" "" "" "" "" "" "" "" "" "" "" ""
2007le CMFGEN 1.04 59140.43303668967 46.0 2618647.2698442684 46.0 39476.98710980864 46.0 1735081.4316004962 46.0 917153.6239786014 46.0 "" "" "" "" 44847.72452282629 46.0 "" "" "" "" "" "" 68441.9384031156 46.0 "" "" "" "" "" ""
2007nq CMFGEN 1.04 "" "" 1571300.5976200337 46.0 35267.289764311936 46.0 819227.5930366237 46.0 324231.4273210997 46.0 "" "" "" "" "" "" "" "" "" "" "" "" "" "" "" "" "" "" "" ""
2007on CMFGEN 1.04 35011.879377983656 46.0 1219788.5403677295 46.0 4311.101213046557 46.0 437415.8002115656 46.0 385417.5971280701 46.0 "" "" "" "" 56458.63456126174 46.0 "" "" "" "" "" "" 66416.29791162278 46.0 "" "" "" "" "" ""
2008R CMFGEN 1.04 "" "" "" "" "" "" "" "" "" "" "" "" "" "" "" "" "" "" "" "" "" "" "" "" "" "" "" "" "" ""
2008bc CMFGEN 1.04 196166.2702256287 46.0 1105059.8386896504 46.0 23461.55841331735 46.0 1591630.2670166446 46.0 1399261.6871843634 46.0 "" "" "" "" 18885.25881942419 46.0 "" "" 14366.49606741385 46.0 "" "" 9139.41122264937 46.0 "" "" "" "" "" ""
2008bf CMFGEN 1.04 345154.0684317755 46.0 4134643.6271129325 46.0 68720.4363787951 46.0 2536433.2176897223 46.0 1926082.259770511 46.0 "" "" "" "" "" "" "" "" "" "" "" "" "" "" "" "" "" "" "" ""
2008fp CMFGEN 1.04 11065.489332218858 46.0 2167936.6909006117 46.0 23875.169219346528 46.0 988026.3042797712 46.0 512547.65657262946 46.0 "" "" "" "" 69162.2055042295 46.0 "" "" 112573.90056302998 46.0 "" "" 218958.26371012384 46.0 "" "" "" "" "" ""
2008gl CMFGEN 1.04 109706.92071535272 46.0 1927686.2195978025 46.0 38328.67540976808 46.0 1071637.9742286345 46.0 500758.5832481026 46.0 "" "" "" "" "" "" "" "" "" "" "" "" "" "" "" "" "" "" "" ""
2008gp CMFGEN 1.04 "" "" "" "" "" "" "" "" "" "" "" "" "" "" "" "" "" "" "" "" "" "" "" "" "" "" "" "" "" ""
2008hv CMFGEN 1.04 85955.92213856993 46.0 1755988.26661032 46.0 15847.111437093969 46.0 1094307.4636828538 46.0 753723.1746166584 46.0 "" "" "" "" "" "" "" "" "" "" "" "" "" "" "" "" "" "" "" ""
2008ia CMFGEN 1.04 "" "" "" "" "" "" "" "" "" "" "" "" "" "" "" "" "" "" "" "" "" "" 26010.52153284212 46.0 "" "" "" "" "" ""
2009D CMFGEN 1.04 "" "" "" "" "" "" "" "" "" "" "" "" "" "" "" "" "" "" "" "" "" "" "" "" "" "" "" "" "" ""
2009F CMFGEN 1.04 "" "" "" "" "" "" "" "" "" "" "" "" "" "" "" "" "" "" "" "" "" "" "" "" "" "" "" "" "" ""
2009Y CMFGEN 1.04 198198.57681933895 46.0 2301418.985193844 46.0 50014.22472345745 46.0 2060645.5196014273 46.0 1133766.5444407577 46.0 "" "" "" "" 3850.0858229911382 46.0 "" "" 4582.633778378498 46.0 "" "" 4330.154552861643 46.0 "" "" "" "" "" ""
2009aa CMFGEN 1.04 "" "" 1888927.9941951197 46.0 32202.03486860413 46.0 1149928.5973544014 46.0 563573.9607907021 46.0 "" "" "" "" 2221.459773416424 46.0 "" "" 2596.238361421992 46.0 "" "" 2689.856116383916 46.0 "" "" "" "" "" ""
2009ab CMFGEN 1.04 "" "" "" "" "" "" "" "" "" "" "" "" "" "" "" "" "" "" "" "" "" "" "" "" "" "" "" "" "" ""
2009ad CMFGEN 1.04 "" "" "" "" "" "" "" "" "" "" "" "" "" "" "" "" "" "" "" "" "" "" "" "" "" "" "" "" "" ""
2009ag CMFGEN 1.04 "" "" "" "" "" "" "" "" "" "" "" "" "" "" "" "" "" "" "" "" "" "" "" "" "" "" "" "" "" ""
2004ef CMFGEN 1.02 "" "" 3254468.7118396848 46.0 207882.13166350208 46.0 2152874.9652336515 46.0 "" "" 818305.4194513427 46.0 "" "" "" "" "" "" "" "" "" "" "" "" "" "" "" "" "" ""
2004eo CMFGEN 1.02 "" "" 5728871.7951634275 46.0 244449.99486958268 46.0 4082875.349904753 46.0 "" "" 691367.770740906 46.0 "" "" "" "" "" "" "" "" "" "" "" "" "" "" "" "" "" ""
2004ey CMFGEN 1.02 "" "" "" "" "" "" "" "" "" "" "" "" "" "" "" "" "" "" "" "" "" "" "" "" "" "" "" "" "" ""
2004gs CMFGEN 1.02 "" "" 1136268.3194818264 46.0 61963.829833204305 46.0 848257.2434291971 46.0 "" "" 235660.39199002917 46.0 "" "" "" "" "" "" "" "" "" "" "" "" "" "" "" "" "" ""
2004gu CMFGEN 1.02 "" "" "" "" "" "" "" "" "" "" "" "" "" "" "" "" "" "" "" "" "" "" "" "" "" "" "" "" "" ""
2005A CMFGEN 1.02 "" "" 412648.83723849786 46.0 37240.412532582624 46.0 "" "" "" "" "" "" "" "" "" "" "" "" "" "" "" "" "" "" "" "" "" "" "" ""
2005M CMFGEN 1.02 "" "" 5787844.250018622 46.0 248428.5589567973 46.0 4321979.832434335 46.0 "" "" 1619537.724544648 46.0 "" "" "" "" "" "" 10507.378969708841 46.0 "" "" 8833.636063012611 46.0 "" "" "" "" "" ""
2005W CMFGEN 1.02 "" "" "" "" "" "" "" "" "" "" "" "" "" "" "" "" "" "" "" "" "" "" "" "" "" "" "" "" "" ""
2005ag CMFGEN 1.02 "" "" 1564178.5861936251 46.0 156596.7297704849 46.0 1090170.9524407936 46.0 "" "" 209695.2950548662 46.0 "" "" "" "" "" "" "" "" "" "" "" "" "" "" "" "" "" ""
2005al CMFGEN 1.02 175770.18786455414 46.0 2985329.826149491 46.0 89634.05373723384 46.0 2517132.5785985333 46.0 "" "" 918856.9381237694 46.0 "" "" "" "" "" "" "" "" "" "" "" "" "" "" "" "" "" ""
2005am CMFGEN 1.02 545042.2707807226 46.0 2336744.7781356187 46.0 35331.311736182004 46.0 1679624.1179575827 46.0 "" "" 744918.9778855013 46.0 "" "" "" "" "" "" "" "" "" "" "" "" "" "" "" "" "" ""
2005bl CMFGEN 1.02 "" "" "" "" "" "" "" "" "" "" "" "" "" "" "" "" "" "" "" "" "" "" "" "" "" "" "" "" "" ""
2005el CMFGEN 1.02 183732.3462976845 46.0 3255560.118245846 46.0 107146.90421620024 46.0 2108751.037181903 46.0 "" "" 670245.599781672 46.0 "" "" 42660.858682113474 46.0 "" "" "" "" "" "" 19086.232391769714 46.0 "" "" "" "" "" ""
2005eq CMFGEN 1.02 343901.4344319295 46.0 4524180.874219602 46.0 253995.5654987322 46.0 3612927.9265700458 46.0 "" "" 1096453.0527833395 46.0 "" "" 10997.522657929638 46.0 "" "" "" "" "" "" "" "" "" "" "" "" "" ""
2005hc CMFGEN 1.02 "" "" 2129992.6667350694 46.0 167619.2759912104 46.0 1732179.8760755651 46.0 "" "" 531092.3520849587 46.0 "" "" "" "" "" "" "" "" "" "" "" "" "" "" "" "" "" ""
2005hj CMFGEN 1.02 "" "" 899148.133276092 46.0 95680.85944182747 46.0 718410.6658169124 46.0 "" "" 155105.94040559177 46.0 "" "" "" "" "" "" "" "" "" "" "" "" "" "" "" "" "" ""
2005iq CMFGEN 1.02 "" "" 2277370.0413415264 46.0 100530.16733952022 46.0 1328839.2688267147 46.0 "" "" 476924.2547630053 46.0 "" "" "" "" "" "" "" "" "" "" "" "" "" "" "" "" "" ""
2005kc CMFGEN 1.02 "" "" "" "" "" "" "" "" "" "" "" "" "" "" "" "" "" "" "" "" "" "" "" "" "" "" "" "" "" ""
2005ke CMFGEN 1.02 12654.70402969298 46.0 970551.5555006615 46.0 6748.678566481848 46.0 429542.310020237 46.0 "" "" "" "" "" "" 63015.34982923947 46.0 "" "" "" "" "" "" 57323.535277586714 46.0 "" "" "" "" "" ""
2005ki CMFGEN 1.02 94909.39828649294 46.0 2508413.083475491 46.0 87002.69451155541 46.0 1453563.9861536196 46.0 "" "" "" "" "" "" "" "" "" "" "" "" "" "" 2858.5981264571296 46.0 "" "" "" "" "" ""
2005na CMFGEN 1.02 "" "" 3761137.0030319286 46.0 172479.45411012188 46.0 2586361.8123353464 46.0 "" "" "" "" "" "" "" "" "" "" "" "" "" "" "" "" "" "" "" "" "" ""
2006D CMFGEN 1.02 144647.69859005208 46.0 3569162.025801769 46.0 147066.37774430652 46.0 3103745.4827211993 46.0 944320.99369916 46.0 "" "" "" "" "" "" "" "" "" "" "" "" "" "" "" "" "" "" "" ""
2006ax CMFGEN 1.02 "" "" 3899828.462603579 46.0 176030.2930738208 46.0 3421469.264718955 46.0 1144256.802816847 46.0 "" "" "" "" "" "" "" "" "" "" "" "" "" "" "" "" "" "" "" ""
2006bh CMFGEN 1.02 129941.38281230505 46.0 3218868.8931978066 46.0 121616.56409570038 46.0 2515080.8100017398 46.0 771908.0515217708 46.0 "" "" "" "" "" "" "" "" "" "" "" "" "" "" "" "" "" "" "" ""
2006et CMFGEN 1.02 123536.00632268717 46.0 2775728.847808135 46.0 147125.67925989552 46.0 2308369.101236059 46.0 643132.091895998 46.0 "" "" "" "" 29510.30596265092 46.0 "" "" "" "" "" "" 13327.57686059188 46.0 "" "" "" "" "" ""
2006gj CMFGEN 1.02 "" "" 346136.017038428 46.0 18913.050243823054 46.0 189476.1783197916 46.0 47622.43147893966 46.0 "" "" "" "" "" "" "" "" "" "" "" "" "" "" "" "" "" "" "" ""
2006gt CMFGEN 1.02 "" "" 344347.87683962495 46.0 24485.036728355517 46.0 206063.2605256183 46.0 38287.25657157794 46.0 "" "" "" "" "" "" "" "" "" "" "" "" "" "" "" "" "" "" "" ""
2006hx CMFGEN 1.02 "" "" 285860.9099968759 46.0 "" "" "" "" "" "" "" "" "" "" "" "" "" "" "" "" "" "" "" "" "" "" "" "" "" ""
2006kf CMFGEN 1.02 "" "" 1285105.090193881 46.0 68629.54355786115 46.0 582448.6301977193 46.0 156149.80987259862 46.0 "" "" "" "" "" "" "" "" "" "" "" "" "" "" "" "" "" "" "" ""
2006mr CMFGEN 1.02 "" "" 272496.79827552347 46.0 1309.1851325693349 46.0 79364.189513531 46.0 28614.189078548316 46.0 "" "" "" "" "" "" "" "" "" "" "" "" "" "" "" "" "" "" "" ""
2006ob CMFGEN 1.02 "" "" "" "" "" "" "" "" "" "" "" "" "" "" "" "" "" "" "" "" "" "" "" "" "" "" "" "" "" ""
2007A CMFGEN 1.02 "" "" "" "" "" "" "" "" "" "" "" "" "" "" "" "" "" "" "" "" "" "" "" "" "" "" "" "" "" ""
2007N CMFGEN 1.02 "" "" 163177.57004366704 46.0 1739.992597537248 46.0 46819.50505411294 46.0 13534.232312681495 46.0 "" "" "" "" "" "" "" "" "" "" "" "" "" "" "" "" "" "" "" ""
