results/color_chisq/5.0_50.0.ecsv
# %ECSV 0.9
# ---
# datatype:
# - name: obj_id
#   datatype: string
# - name: source
#   datatype: string
# - name: version
#   datatype: string
# - name: u_g
#   datatype: float64
# - name: u_g_dof
#   datatype: float64
# - name: g_r
#   datatype: float64
# - name: g_r_dof
#   datatype: float64
# - name: r_i
#   datatype: float64
# - name: r_i_dof
#   datatype: float64
# - name: B_i
#   datatype: float64
# - name: B_i_dof
#   datatype: float64
# - name: B_V
#   datatype: float64
# - name: B_V_dof
#   datatype: float64
# - name: B_V0
#   datatype: float64
# - name: B_V0_dof
#   datatype: float64
# - name: B_V1
#   datatype: float64
# - name: B_V1_dof
#   datatype: float64
# - name: Y_J
#   datatype: float64
# - name: Y_J_dof
#   datatype: float64
# - name: Y_Jdw
#   datatype: float64
# - name: Y_Jdw_dof
#   datatype: float64
# - name: Ydw_J
#   datatype: float64
# - name: Ydw_J_dof
#   datatype: float64
# - name: Ydw_Jdw
#   datatype: float64
# - name: Ydw_Jdw_dof
#   datatype: float64
# - name: J_H
#   datatype: float64
# - name: J_H_dof
#   datatype: float64
# - name: J_Hdw
#   datatype: float64
# - name: J_Hdw_dof
#   datatype: float64
# - name: Jdw_H
#   datatype: float64
# - name: Jdw_H_dof
#   datatype: float64
# - name: Jdw_Hdw
#   datatype: float64
# - name: Jdw_Hdw_dof
#   datatype: float64
# meta: !!omap
# - prange: !!python/tuple
#   - 5.0
#   - 50.0
# - bands:
#   - !!python/tuple
#     - csp_dr3_u
#     - csp_dr3_g
#   - !!python/tuple
#     - csp_dr3_g
#     - csp_dr3_r
#   - !!python/tuple
#     - csp_dr3_r
#     - csp_dr3_i
#   - !!python/tuple
#     - csp_dr3_B
#     - csp_dr3_i
#   - !!python/tuple
#     - csp_dr3_B
#     - csp_dr3_V
#   - !!python/tuple
#     - csp_dr3_B
#     - csp_dr3_V0
#   - !!python/tuple
#     - csp_dr3_B
#     - csp_dr3_V1
#   - !!python/tuple
#     - csp_dr3_Y
#     - csp_dr3_J
#   - !!python/tuple
#     - csp_dr3_Y
#     - csp_dr3_Jdw
#   - !!python/tuple
#     - csp_dr3_Ydw
#     - csp_dr3_J
#   - !!python/tuple
#     - csp_dr3_Ydw
#     - csp_dr3_Jdw
#   - !!python/tuple
#     - csp_dr3_J
#     - csp_dr3_H
#   - !!python/tuple
#     - csp_dr3_J
#     - csp_dr3_Hdw
#   - !!python/tuple
#     - csp_dr3_Jdw
#     - csp_dr3_H
#   - !!python/tuple
#     - csp_dr3_Jdw
#     - csp_dr3_Hdw
# schema: astropy-2.0
obj_id source version u_g u_g_dof g_r g_r_dof r_i r_i_dof B_i B_i_dof B_V B_V_dof B_V0 B_V0_dof B_V1 B_V1_dof Y_J Y_J_dof Y_Jdw Y_Jdw_dof Ydw_J Ydw_J_dof Ydw_Jdw Ydw_Jdw_dof J_H J_H_dof J_Hdw J_Hdw_dof Jdw_H Jdw_H_dof Jdw_Hdw Jdw_Hdw_dof
[from data line 95]
2007af CMFGEN 1.02 163780.6997533955 46.0 2458552.3242245205 46.0 83833.98741717801 46.0 1659679.3451003828 46.0 486988.68557638174 46.0 "" "" "" "" 67612.38767308733 46.0 "" "" 23818.667378002105 46.0 "" "" 66684.46235877862 46.0 "" "" "" "" "" ""
2007ax CMFGEN 1.02 "" "" 249002.47530158388 46.0 1040.3784958809015 46.0 77279.51662803795 46.0 27133.0987367373 46.0 "" "" "" "" "" "" "" "" "" "" "" "" "" "" "" "" "" "" "" ""
2007ba CMFGEN 1.02 "" "" "" "" "" "" "" "" 85950.56933128928 46.0 "" "" "" "" "" "" "" "" "" "" "" "" "" "" "" "" "" "" "" ""
2007bc CMFGEN 1.02 "" "" 1756004.9321770843 46.0 59428.56814983357 46.0 722776.9845506875 46.0 267915.70694096666 46.0 "" "" "" "" "" "" "" "" "" "" "" "" "" "" "" "" "" "" "" ""
2007bd CMFGEN 1.02 "" "" 1475391.1080033577 46.0 52410.0233631267 46.0 697696.8221878626 46.0 265494.89893372974 46.0 "" "" "" "" "" "" "" "" "" "" "" "" "" "" "" "" "" "" "" ""
2007ca CMFGEN 1.02 "" "" "" "" "" "" "" "" "" "" "" "" "" "" "" "" "" "" "" "" "" "" "" "" "" "" "" "" "" ""
2007hj CMFGEN 1.02 "" "" 2800814.9262068197 46.0 111508.85839387299 46.0 1693356.7936973202 46.0 461070.27987217007 46.0 "" "" "" "" 33044.57961239451 46.0 "" "" "" "" "" "" "" "" "" "" "" "" "" ""
2007jg CMFGEN 1.02 "" "" "" "" "" "" 854193.8982785314 46.0 216790.52826013535 46.0 "" "" "" "" "" "" "" "" 713.3661819746216 46.0 "" "" "" "" "" "" "" "" "" ""
2007jh CMFGEN 1.02 "" "" "" "" "" "" "" "" "" "" "" "" "" "" "" "" "" "" "" "" "" "" "" "" "" "" "" "" "" ""
2007le CMFGEN 1.02 47647.62496191914 46.0 3220230.209072698 46.0 116107.01276605013 46.0 2148977.115049656 46.0 656196.8337686309 46.0 "" "" "" "" 64650.01631703989 46.0 "" "" "" "" "" "" 66469.78057704412 46.0 "" "" "" "" "" ""
2007nq CMFGEN 1.02 "" "" 1490067.2144934156 46.0 103638.79835531028 46.0 954038.6887459401 46.0 221157.9662331067 46.0 "" "" "" "" "" "" "" "" "" "" "" "" "" "" "" "" "" "" "" ""
2007on CMFGEN 1.02 28458.300057365657 46.0 1487539.6612854113 46.0 12894.096001774917 46.0 544504.024872952 46.0 279001.55130965123 46.0 "" "" "" "" 86523.2971071049 46.0 "" "" "" "" "" "" 64208.00934444512 46.0 "" "" "" "" "" ""
2008R CMFGEN 1.02 "" "" "" "" "" "" "" "" "" "" "" "" "" "" "" "" "" "" "" "" "" "" "" "" "" "" "" "" "" ""
2008bc CMFGEN 1.02 168897.6940755776 46.0 1270246.3605764061 46.0 68924.90900001551 46.0 1927925.571711256 46.0 1049255.7601463033 46.0 "" "" "" "" 27034.679900449548 46.0 "" "" 19740.40380788479 46.0 "" "" 8860.671757299506 46.0 "" "" "" "" "" ""
2008bf CMFGEN 1.02 311009.39014163736 46.0 4361569.924225905 46.0 173110.22629616395 46.0 2989881.7389565283 46.0 1421082.8902123931 46.0 "" "" "" "" "" "" "" "" "" "" "" "" "" "" "" "" "" "" "" ""
2008fp CMFGEN 1.02 8649.237435462035 46.0 2778939.6578159705 46.0 55002.91856219036 46.0 1265300.981016999 46.0 360256.96137264353 46.0 "" "" "" "" 102977.34463609618 46.0 "" "" 171670.19048567512 46.0 "" "" 212734.23020165984 46.0 "" "" "" "" "" ""
2008gl CMFGEN 1.02 103421.57269522292 46.0 1926165.9671324852 46.0 111303.9112906861 46.0 1260052.9383601467 46.0 355802.5830507503 46.0 "" "" "" "" "" "" "" "" "" "" "" "" "" "" "" "" "" "" "" ""
2008gp CMFGEN 1.02 "" "" "" "" "" "" "" "" "" "" "" "" "" "" "" "" "" "" "" "" "" "" "" "" "" "" "" "" "" ""
2008hv CMFGEN 1.02 72873.57273898447 46.0 2014662.611149188 46.0 57021.40612069597 46.0 1341311.6246608673 46.0 547704.4205268485 46.0 "" "" "" "" "" "" "" "" "" "" "" "" "" "" "" "" "" "" "" ""
2008ia CMFGEN 1.02 "" "" "" "" "" "" "" "" "" "" "" "" "" "" "" "" "" "" "" "" "" "" 25310.930261562447 46.0 "" "" "" "" "" ""
2009D CMFGEN 1.02 "" "" "" "" "" "" "" "" "" "" "" "" "" "" "" "" "" "" "" "" "" "" "" "" "" "" "" "" "" ""
2009F CMFGEN 1.02 "" "" "" "" "" "" "" "" "" "" "" "" "" "" "" "" "" "" "" "" "" "" "" "" "" "" "" "" "" ""
2009Y CMFGEN 1.02 165710.69791406812 46.0 2758291.3059876347 46.0 139447.54091968026 46.0 2513731.946765385 46.0 825835.8468053659 46.0 "" "" "" "" 5599.154533671581 46.0 "" "" 6560.089276067395 46.0 "" "" 4210.888056732033 46.0 "" "" "" "" "" ""
2009aa CMFGEN 1.02 "" "" 1954380.0299899902 46.0 100464.7749680155 46.0 1360766.0441203108 46.0 412283.10573283484 46.0 "" "" "" "" 3383.0242256044917 46.0 "" "" 3861.659182909346 46.0 "" "" 2613.0807685817863 46.0 "" "" "" "" "" ""
2009ab CMFGEN 1.02 "" "" "" "" "" "" "" "" "" "" "" "" "" "" "" "" "" "" "" "" "" "" "" "" "" "" "" "" "" ""
2009ad CMFGEN 1.02 "" "" "" "" "" "" "" "" "" "" "" "" "" "" "" "" "" "" "" "" "" "" "" "" "" "" "" "" "" ""
2009ag CMFGEN 1.02 "" "" "" "" "" "" "" "" "" "" "" "" "" "" "" "" "" "" "" "" "" "" "" "" "" "" "" "" "" ""
2004ef CMFGEN 1.4 "" "" 3194202.98066505 46.0 434083.0185863316 46.0 2508765.677342412 46.0 "" "" 608555.7348641192 46.0 "" "" "" "" "" "" "" "" "" "" "" "" "" "" "" "" "" ""
2004eo CMFGEN 1.4 "" "" 5762951.766172309 46.0 648031.9758968215 46.0 4938463.595078291 46.0 "" "" 516359.4307069859 46.0 "" "" "" "" "" "" "" "" "" "" "" "" "" "" "" "" "" ""
2004ey CMFGEN 1.4 "" "" "" "" "" "" "" "" "" "" "" "" "" "" "" "" "" "" "" "" "" "" "" "" "" "" "" "" "" ""
2004gs CMFGEN 1.4 "" "" 1123095.312864047 46.0 149055.39437037002 46.0 1011363.8438858863 46.0 "" "" 170776.00825582028 46.0 "" "" "" "" "" "" "" "" "" "" "" "" "" "" "" "" "" ""
2004gu CMFGEN 1.4 "" "" "" "" "" "" "" "" "" "" "" "" "" "" "" "" "" "" "" "" "" "" "" "" "" "" "" "" "" ""
2005A CMFGEN 1.4 "" "" 412235.58621206507 46.0 117264.46430355936 46.0 "" "" "" "" "" "" "" "" "" "" "" "" "" "" "" "" "" "" "" "" "" "" "" ""
2005M CMFGEN 1.4 "" "" 5766076.441420356 46.0 509188.49982885993 46.0 5044842.162225278 46.0 "" "" 1254508.1319857158 46.0 "" "" "" "" "" "" 11668.477852691258 46.0 "" "" 5634.209729878556 46.0 "" "" "" "" "" ""
2005W CMFGEN 1.4 "" "" "" "" "" "" "" "" "" "" "" "" "" "" "" "" "" "" "" "" "" "" "" "" "" "" "" "" "" ""
2005ag CMFGEN 1.4 "" "" 1388365.2123501983 46.0 240742.94015956542 46.0 1197799.5151038533 46.0 "" "" 167322.37751598968 46.0 "" "" "" "" "" "" "" "" "" "" "" "" "" "" "" "" "" ""
2005al CMFGEN 1.4 168026.24910533076 46.0 3006612.1823489494 46.0 251511.3102312356 46.0 3067127.3231505025 46.0 "" "" 703539.1290475033 46.0 "" "" "" "" "" "" "" "" "" "" "" "" "" "" "" "" "" ""
2005am CMFGEN 1.4 521631.1065695443 46.0 2374925.8913974897 46.0 151229.60705176246 46.0 2136725.6703327387 46.0 "" "" 550737.8427918368 46.0 "" "" "" "" "" "" "" "" "" "" "" "" "" "" "" "" "" ""
2005bl CMFGEN 1.4 "" "" "" "" "" "" "" "" "" "" "" "" "" "" "" "" "" "" "" "" "" "" "" "" "" "" "" "" "" ""
2005el CMFGEN 1.4 174847.5160464284 46.0 3275981.18854487 46.0 266356.78950139036 46.0 2535776.474162763 46.0 "" "" 509421.00004262704 46.0 "" "" 47118.850562945016 46.0 "" "" "" "" "" "" 12555.632770424389 46.0 "" "" "" "" "" ""
2005eq CMFGEN 1.4 324808.11513747915 46.0 4468953.46020988 46.0 470063.3514847915 46.0 4160418.9524266524 46.0 "" "" 837164.0788253244 46.0 "" "" 12297.287701503628 46.0 "" "" "" "" "" "" "" "" "" "" "" "" "" ""
2005hc CMFGEN 1.4 "" "" 2029952.6761349496 46.0 286132.9590885669 46.0 1952839.8589637931 46.0 "" "" 405274.25270313583 46.0 "" "" "" "" "" "" "" "" "" "" "" "" "" "" "" "" "" ""
2005hj CMFGEN 1.4 "" "" 831480.183650559 46.0 155109.6676350403 46.0 803243.4146148274 46.0 "" "" 118011.03061702421 46.0 "" "" "" "" "" "" "" "" "" "" "" "" "" "" "" "" "" ""
2005iq CMFGEN 1.4 "" "" 2227249.787440533 46.0 179430.83678957832 46.0 1513050.6662998002 46.0 "" "" 365156.0575641797 46.0 "" "" "" "" "" "" "" "" "" "" "" "" "" "" "" "" "" ""
2005kc CMFGEN 1.4 "" "" "" "" "" "" "" "" "" "" "" "" "" "" "" "" "" "" "" "" "" "" "" "" "" "" "" "" "" ""
2005ke CMFGEN 1.4 11997.754880037332 46.0 995808.7828900238 46.0 62006.46053607066 46.0 583365.8452104881 46.0 "" "" "" "" "" "" 73513.22929908543 46.0 "" "" "" "" "" "" 33397.114708132984 46.0 "" "" "" "" "" ""
2005ki CMFGEN 1.4 90097.18256903849 46.0 2507280.5688302196 46.0 191590.83481843973 46.0 1716251.2280444966 46.0 "" "" "" "" "" "" "" "" "" "" "" "" "" "" 1806.3798246807114 46.0 "" "" "" "" "" ""
2005na CMFGEN 1.4 "" "" 3729657.977710891 46.0 358505.9035656079 46.0 3004181.2581528323 46.0 "" "" "" "" "" "" "" "" "" "" "" "" "" "" "" "" "" "" "" "" "" ""
2006D CMFGEN 1.4 138806.94615765405 46.0 3613381.643911025 46.0 357490.3400548591 46.0 3752015.556220177 46.0 720822.9360213659 46.0 "" "" "" "" "" "" "" "" "" "" "" "" "" "" "" "" "" "" "" ""
2006ax CMFGEN 1.4 "" "" 3909195.7098974143 46.0 365747.0129330069 46.0 4003159.155125453 46.0 894177.5623413562 46.0 "" "" "" "" "" "" "" "" "" "" "" "" "" "" "" "" "" "" "" ""
2006bh CMFGEN 1.4 124700.34670466428 46.0 3244833.1822799533 46.0 297494.0574481578 46.0 3009769.5831794506 46.0 593836.5442561867 46.0 "" "" "" "" "" "" "" "" "" "" "" "" "" "" "" "" "" "" "" ""
2006et CMFGEN 1.4 116565.77062242683 46.0 2760770.009189843 46.0 307166.23634966253 46.0 2708921.0681847045 46.0 486180.40227161354 46.0 "" "" "" "" 32818.48255653106 46.0 "" "" "" "" "" "" 7882.445211049894 46.0 "" "" "" "" "" ""
2006gj CMFGEN 1.4 "" "" 341837.3540376261 46.0 45542.277534352 46.0 224159.21861346473 46.0 34773.53960542234 46.0 "" "" "" "" "" "" "" "" "" "" "" "" "" "" "" "" "" "" "" ""
2006gt CMFGEN 1.4 "" "" 327687.12543873506 46.0 50767.71846617037 46.0 237131.63655947478 46.0 27749.515612783358 46.0 "" "" "" "" "" "" "" "" "" "" "" "" "" "" "" "" "" "" "" ""
2006hx CMFGEN 1.4 "" "" 270533.407411626 46.0 "" "" "" "" "" "" "" "" "" "" "" "" "" "" "" "" "" "" "" "" "" "" "" "" "" ""
2006kf CMFGEN 1.4 "" "" 1291085.0490346055 46.0 154487.89633693817 46.0 690058.8527647855 46.0 117687.25619851513 46.0 "" "" "" "" "" "" "" "" "" "" "" "" "" "" "" "" "" "" "" ""
2006mr CMFGEN 1.4 "" "" 278515.76244015305 46.0 8319.972654016658 46.0 110449.85174963945 46.0 19031.64755656253 46.0 "" "" "" "" "" "" "" "" "" "" "" "" "" "" "" "" "" "" "" ""
2006ob CMFGEN 1.4 "" "" "" "" "" "" "" "" "" "" "" "" "" "" "" "" "" "" "" "" "" "" "" "" "" "" "" "" "" ""
2007A CMFGEN 1.4 "" "" "" "" "" "" "" "" "" "" "" "" "" "" "" "" "" "" "" "" "" "" "" "" "" "" "" "" "" ""
2007N CMFGEN 1.4 "" "" 164621.24840591077 46.0 15537.460839052319 46.0 64229.889766992375 46.0 8358.47432342962 46.0 "" "" "" "" "" "" "" "" "" "" "" "" "" "" "" "" "" "" "" ""
2007S CMFGEN 1.4 nan 46.0 1752799.4793369244 46.0 197718.58388298718 46.0 1043946.5490487328 46.0 178102.05986165095 46.0 "" "" "" "" "" "" "" "" "" "" "" "" 40697.51099841142 46.0 "" "" "" "" "" ""
2007af CMFGEN 1.4 157662.59747194013 46.0 2505006.974814992 46.0 225813.81620897545 46.0 2034209.1798858678 46.0 371525.8416434199 46.0 "" "" "" "" 76290.2310510185 46.0 "" "" 26366.69690086828 46.0 "" "" 46746.52095840115 46.0 "" "" "" "" "" ""
2007ax CMFGEN 1.4 "" "" 254128.37007518686 46.0 15512.679230849933 46.0 105312.38100243843 46.0 18254.741333514146 46.0 "" "" "" "" "" "" "" "" "" "" "" "" "" "" "" "" "" "" "" ""
2007ba CMFGEN 1.4 "" "" "" "" "" "" "" "" 60417.61043212602 46.0 "" "" "" "" "" "" "" "" "" "" "" "" "" "" "" "" "" "" "" ""
2007bc CMFGEN 1.4 "" "" 1750438.391359702 46.0 133364.9615548188 46.0 846342.8793768177 46.0 207150.4413080295 46.0 "" "" "" "" "" "" "" "" "" "" "" "" "" "" "" "" "" "" "" ""
2007bd CMFGEN 1.4 "" "" 1450660.453590917 46.0 100244.65661241114 46.0 801567.8134376606 46.0 203607.8275688772 46.0 "" "" "" "" "" "" "" "" "" "" "" "" "" "" "" "" "" "" "" ""
2007ca CMFGEN 1.4 "" "" "" "" "" "" "" "" "" "" "" "" "" "" "" "" "" "" "" "" "" "" "" "" "" "" "" "" "" ""
2007hj CMFGEN 1.4 "" "" 2818631.5223502633 46.0 334454.76477412996 46.0 2082881.3307720518 46.0 336487.8812983286 46.0 "" "" "" "" 37536.27164390908 46.0 "" "" "" "" "" "" "" "" "" "" "" "" "" ""
2007jg CMFGEN 1.4 "" "" "" "" "" "" 977209.7711944331 46.0 160576.91943766316 46.0 "" "" "" "" "" "" "" "" 815.2666219471697 46.0 "" "" "" "" "" "" "" "" "" ""
2007jh CMFGEN 1.4 "" "" "" "" "" "" "" "" "" "" "" "" "" "" "" "" "" "" "" "" "" "" "" "" "" "" "" "" "" ""
2007le CMFGEN 1.4 45594.909842805246 46.0 3273080.2766226633 46.0 308848.65541258705 46.0 2648381.3600945915 46.0 487456.19391149026 46.0 "" "" "" "" 72278.14924793818 46.0 "" "" "" "" "" "" 45587.80887703722 46.0 "" "" "" "" "" ""
2007nq CMFGEN 1.4 "" "" 1420219.7016478046 46.0 192541.05111227 46.0 1085511.6072958743 46.0 165262.14885575598 46.0 "" "" "" "" "" "" "" "" "" "" "" "" "" "" "" "" "" "" "" ""
2007on CMFGEN 1.4 27285.8633676356 46.0 1510519.6986428644 46.0 47939.75812788656 46.0 673973.775560548 46.0 209669.662846511 46.0 "" "" "" "" 97855.86961275843 46.0 "" "" "" "" "" "" 41184.20168174322 46.0 "" "" "" "" "" ""
2008R CMFGEN 1.4 "" "" "" "" "" "" "" "" "" "" "" "" "" "" "" "" "" "" "" "" "" "" "" "" "" "" "" "" "" ""
2008bc CMFGEN 1.4 161255.97764427296 46.0 1284188.3810512153 46.0 150808.5692012506 46.0 2298287.0422456064 46.0 812658.821173618 46.0 "" "" "" "" 29922.842412542584 46.0 "" "" 21595.79615832169 46.0 "" "" 5286.637099801803 46.0 "" "" "" "" "" ""
2008bf CMFGEN 1.4 294392.6100496586 46.0 4337651.604676015 46.0 326677.563613117 46.0 3460134.696229876 46.0 1097262.0267491143 46.0 "" "" "" "" "" "" "" "" "" "" "" "" "" "" "" "" "" "" "" ""
2008fp CMFGEN 1.4 8248.788652544314 46.0 2851510.396583444 46.0 193297.3727623322 46.0 1607561.1519834187 46.0 261324.55141281482 46.0 "" "" "" "" 117355.52744932075 46.0 "" "" 192770.73950814593 46.0 "" "" 149616.75666174988 46.0 "" "" "" "" "" ""
2008gl CMFGEN 1.4 97488.7793144366 46.0 1880624.933819653 46.0 215640.53157070506 46.0 1448591.6711369285 46.0 269145.72554009955 46.0 "" "" "" "" "" "" "" "" "" "" "" "" "" "" "" "" "" "" "" ""
2008gp CMFGEN 1.4 "" "" "" "" "" "" "" "" "" "" "" "" "" "" "" "" "" "" "" "" "" "" "" "" "" "" "" "" "" ""
2008hv CMFGEN 1.4 69567.95868338327 46.0 2027091.8378178165 46.0 146095.4308430985 46.0 1622622.1281267682 46.0 413762.6506333644 46.0 "" "" "" "" "" "" "" "" "" "" "" "" "" "" "" "" "" "" "" ""
2008ia CMFGEN 1.4 "" "" "" "" "" "" "" "" "" "" "" "" "" "" "" "" "" "" "" "" "" "" 15126.173792340152 46.0 "" "" "" "" "" ""
2009D CMFGEN 1.4 "" "" "" "" "" "" "" "" "" "" "" "" "" "" "" "" "" "" "" "" "" "" "" "" "" "" "" "" "" ""
2009F CMFGEN 1.4 "" "" "" "" "" "" "" "" "" "" "" "" "" "" "" "" "" "" "" "" "" "" "" "" "" "" "" "" "" ""
2009Y CMFGEN 1.4 159060.99652808037 46.0 2794273.138837673 46.0 315777.97597941366 46.0 3042524.69121114 46.0 624054.1325405517 46.0 "" "" "" "" 6248.656394138966 46.0 "" "" 7231.992897001897 46.0 "" "" 2846.8184111508995 46.0 "" "" "" "" "" ""
2009aa CMFGEN 1.4 "" "" 1932353.0043601906 46.0 208521.14681904248 46.0 1576490.5542752682 46.0 317167.31450466864 46.0 "" "" "" "" 3826.9281295707883 46.0 "" "" 4267.398472421341 46.0 "" "" 1509.4647597324633 46.0 "" "" "" "" "" ""
2009ab CMFGEN 1.4 "" "" "" "" "" "" "" "" "" "" "" "" "" "" "" "" "" "" "" "" "" "" "" "" "" "" "" "" "" ""
2009ad CMFGEN 1.4 "" "" "" "" "" "" "" "" "" "" "" "" "" "" "" "" "" "" "" "" "" "" "" "" "" "" "" "" "" ""
2009ag CMFGEN 1.4 "" "" "" "" "" "" "" "" "" "" "" "" "" "" "" "" "" "" "" "" "" "" "" "" "" "" "" "" "" ""
2004ef CMFGEN 1.7 "" "" 1699694.7455549634 46.0 60971.856270279495 46.0 1202039.426820454 46.0 "" "" 663309.9864166296 46.0 "" "" "" "" "" "" "" "" "" "" "" "" "" "" "" "" "" ""
2004eo CMFGEN 1.7 "" "" 2364375.810893013 46.0 62074.05711612945 46.0 2142321.523113449 46.0 "" "" 541102.70073892 46.0 "" "" "" "" "" "" "" "" "" "" "" "" "" "" "" "" "" ""
2004ey CMFGEN 1.7 "" "" "" "" "" "" "" "" "" "" "" "" "" "" "" "" "" "" "" "" "" "" "" "" "" "" "" "" "" ""
2004gs CMFGEN 1.7 "" "" 532192.3747899268 46.0 13277.656963262178 46.0 437448.13204175845 46.0 "" "" 186155.23798961318 46.0 "" "" "" "" "" "" "" "" "" "" "" "" "" "" "" "" "" ""
2004gu CMFGEN 1.7 "" "" "" "" "" "" "" "" "" "" "" "" "" "" "" "" "" "" "" "" "" "" "" "" "" "" "" "" "" ""
2005A CMFGEN 1.7 "" "" 116814.33666189731 46.0 25600.752952833274 46.0 "" "" "" "" "" "" "" "" "" "" "" "" "" "" "" "" "" "" "" "" "" "" "" ""
