results/color_chisq/n5.0_20.0.ecsv
# %ECSV 0.9
# ---
# datatype:
# - name: obj_id
#   datatype: string
# - name: source
#   datatype: string
# - name: version
#   datatype: string
# - name: u_g
#   datatype: float64
# - name: u_g_dof
#   datatype: float64
# - name: g_r
#   datatype: float64
# - name: g_r_dof
#   datatype: float64
# - name: r_i
#   datatype: float64
# - name: r_i_dof
#   datatype: float64
# - name: B_i
#   datatype: float64
# - name: B_i_dof
#   datatype: float64
# - name: B_V
#   datatype: float64
# - name: B_V_dof
#   datatype: float64
# - name: B_V0
#   datatype: float64
# - name: B_V0_dof
#   datatype: float64
# - name: B_V1
#   datatype: float64
# - name: B_V1_dof
#   datatype: float64
# - name: Y_J
#   datatype: float64
# - name: Y_J_dof
#   datatype: float64
# - name: Y_Jdw
#   datatype: float64
# - name: Y_Jdw_dof
#   datatype: float64
# - name: Ydw_J
#   datatype: float64
# - name: Ydw_J_dof
#   datatype: float64
# - name: Ydw_Jdw
#   datatype: float64
# - name: Ydw_Jdw_dof
#   datatype: float64
# - name: J_H
#   datatype: float64
# - name: J_H_dof
#   datatype: float64
# - name: J_Hdw
#   datatype: float64
# - name: J_Hdw_dof
#   datatype: float64
# - name: Jdw_H
#   datatype: float64
# - name: Jdw_H_dof
#   datatype: float64
# - name: Jdw_Hdw
#   datatype: float64
# - name: Jdw_Hdw_dof
#   datatype: float64
# meta: !!omap
# - prange: !!python/tuple
#   - -5.0
#   - 20.0
# - bands:
#   - !!python/tuple
#     - csp_dr3_u
#     - csp_dr3_g
#   - !!python/tuple
#     - csp_dr3_g
#     - csp_dr3_r
#   - !!python/tuple
#     - csp_dr3_r
#     - csp_dr3_i
#   - !!python/tuple
#     - csp_dr3_B
#     - csp_dr3_i
#   - !!python/tuple
#     - csp_dr3_B
#     - csp_dr3_V
#   - !!python/tuple
#     - csp_dr3_B
#     - csp_dr3_V0
#   - !!python/tuple
#     - csp_dr3_B
#     - csp_dr3_V1
#   - !!python/tuple
#     - csp_dr3_Y
#     - csp_dr3_J
#   - !!python/tuple
#     - csp_dr3_Y
#     - csp_dr3_Jdw
#   - !!python/tuple
#     - csp_dr3_Ydw
#     - csp_dr3_J
#   - !!python/tuple
#     - csp_dr3_Ydw
#     - csp_dr3_Jdw
#   - !!python/tuple
#     - csp_dr3_J
#     - csp_dr3_H
#   - !!python/tuple
#     - csp_dr3_J
#     - csp_dr3_Hdw
#   - !!python/tuple
#     - csp_dr3_Jdw
#     - csp_dr3_H
#   - !!python/tuple
#     - csp_dr3_Jdw
#     - csp_dr3_Hdw
# schema: astropy-2.0
obj_id source version u_g u_g_dof g_r g_r_dof r_i r_i_dof B_i B_i_dof B_V B_V_dof B_V0 B_V0_dof B_V1 B_V1_dof Y_J Y_J_dof Y_Jdw Y_Jdw_dof Ydw_J Ydw_J_dof Ydw_Jdw Ydw_Jdw_dof J_H J_H_dof J_Hdw J_Hdw_dof Jdw_H Jdw_H_dof Jdw_Hdw Jdw_Hdw_dof
[from data line 206]
2006bh CMFGEN 1.7 "" "" "" "" "" "" "" "" "" "" "" "" "" "" "" "" "" "" "" "" "" "" "" "" "" "" "" "" "" ""
2006et CMFGEN 1.7 374421.1002053889 26.0 2200147.1585445963 26.0 59284.953632729645 26.0 2635699.5530236955 26.0 1117056.4886689335 26.0 "" "" "" "" 2618.998167653779 26.0 "" "" "" "" "" "" 6543.246144528439 26.0 "" "" "" "" "" ""
2006gj CMFGEN 1.7 "" "" "" "" "" "" "" "" "" "" "" "" "" "" "" "" "" "" "" "" "" "" "" "" "" "" "" "" "" ""
2006gt CMFGEN 1.7 "" "" "" "" "" "" "" "" "" "" "" "" "" "" "" "" "" "" "" "" "" "" "" "" "" "" "" "" "" ""
2006hx CMFGEN 1.7 "" "" 226441.57642726117 26.0 4619.989400211772 26.0 173796.2269362886 26.0 95375.19554068934 26.0 "" "" "" "" "" "" "" "" 527.1886377122516 26.0 "" "" 1181.8262375076708 26.0 "" "" "" "" "" ""
2006kf CMFGEN 1.7 "" "" "" "" "" "" "" "" "" "" "" "" "" "" "" "" "" "" "" "" "" "" "" "" "" "" "" "" "" ""
2006mr CMFGEN 1.7 "" "" "" "" "" "" "" "" "" "" "" "" "" "" "" "" "" "" "" "" "" "" "" "" "" "" "" "" "" ""
2006ob CMFGEN 1.7 "" "" "" "" "" "" "" "" "" "" "" "" "" "" "" "" "" "" "" "" "" "" "" "" "" "" "" "" "" ""
2007A CMFGEN 1.7 "" "" "" "" "" "" "" "" "" "" "" "" "" "" "" "" "" "" "" "" "" "" "" "" "" "" "" "" "" ""
2007N CMFGEN 1.7 "" "" "" "" "" "" "" "" "" "" "" "" "" "" "" "" "" "" "" "" "" "" "" "" "" "" "" "" "" ""
2007S CMFGEN 1.7 119082.58244221659 26.0 858614.3911296462 26.0 17984.985122650247 26.0 597813.7051497751 26.0 280810.3322470821 26.0 "" "" "" "" 5125.193379824594 26.0 "" "" 6519.353536715076 26.0 "" "" 28997.027152069604 26.0 "" "" "" "" "" ""
2007af CMFGEN 1.7 537099.9101521707 26.0 1438335.9823984082 26.0 27266.686353596433 26.0 1568615.8464532462 26.0 779655.4559108285 26.0 "" "" "" "" 15183.722284465843 26.0 "" "" "" "" "" "" 53174.72970132881 26.0 "" "" "" "" "" ""
2007ax CMFGEN 1.7 "" "" "" "" "" "" "" "" "" "" "" "" "" "" "" "" "" "" "" "" "" "" "" "" "" "" "" "" "" ""
2007ba CMFGEN 1.7 "" "" 456420.9568221637 26.0 3191.946476022867 26.0 295570.60368272464 26.0 193361.73140554805 26.0 "" "" "" "" "" "" "" "" "" "" "" "" "" "" "" "" "" "" "" ""
2007bc CMFGEN 1.7 "" "" "" "" "" "" "" "" "" "" "" "" "" "" "" "" "" "" "" "" "" "" "" "" "" "" "" "" "" ""
2007bd CMFGEN 1.7 71547.57785160867 26.0 1221038.4124708043 26.0 24659.190151481158 26.0 689116.3581300462 26.0 413346.1240725024 26.0 "" "" "" "" 428.05736653902056 26.0 "" "" "" "" "" "" 1198.0276319026684 26.0 "" "" "" "" "" ""
2007ca CMFGEN 1.7 80620.48847669737 26.0 2507578.1107389536 26.0 48153.149319930395 26.0 2574962.666614923 26.0 1119072.9629027485 26.0 "" "" "" "" 1151.9966886804486 26.0 "" "" "" "" "" "" 7049.160122813888 26.0 "" "" "" "" "" ""
2007hj CMFGEN 1.7 "" "" "" "" "" "" "" "" "" "" "" "" "" "" "" "" "" "" "" "" "" "" "" "" "" "" "" "" "" ""
2007jg CMFGEN 1.7 "" "" "" "" "" "" "" "" "" "" "" "" "" "" "" "" "" "" "" "" "" "" "" "" "" "" "" "" "" ""
2007jh CMFGEN 1.7 "" "" "" "" "" "" "" "" "" "" "" "" "" "" "" "" "" "" "" "" "" "" "" "" "" "" "" "" "" ""
2007le CMFGEN 1.7 133139.16310287855 26.0 1749309.2993660385 26.0 43205.72581577786 26.0 1948201.9773452922 26.0 940495.2560334037 26.0 "" "" "" "" 8357.104682087285 26.0 "" "" "" "" "" "" 45715.05741917791 26.0 "" "" "" "" "" ""
2007nq CMFGEN 1.7 "" "" "" "" "" "" "" "" "" "" "" "" "" "" "" "" "" "" "" "" "" "" "" "" "" "" "" "" "" ""
2007on CMFGEN 1.7 364390.91048582504 26.0 898867.5563971734 26.0 3749.529692934012 26.0 584978.5283326642 26.0 717642.865721079 26.0 "" "" "" "" 27491.280050717825 26.0 "" "" "" "" "" "" 59450.14058497232 26.0 "" "" "" "" "" ""
2008R CMFGEN 1.7 "" "" "" "" "" "" "" "" "" "" "" "" "" "" "" "" "" "" "" "" "" "" "" "" "" "" "" "" "" ""
2008bc CMFGEN 1.7 1521657.0345180226 26.0 2518034.365976762 26.0 69331.02182415655 26.0 4057147.5567569775 26.0 2559488.704586046 26.0 "" "" "" "" "" "" "" "" 434.6259860114233 26.0 "" "" 3805.6983125345128 26.0 "" "" "" "" "" ""
2008bf CMFGEN 1.7 824020.2536451461 26.0 3054999.9326838064 26.0 73267.71321050175 26.0 2583350.23244855 26.0 1794658.6315328367 26.0 "" "" "" "" "" "" "" "" "" "" "" "" "" "" "" "" "" "" "" ""
2008fp CMFGEN 1.7 "" "" "" "" "" "" "" "" "" "" "" "" "" "" "" "" "" "" "" "" "" "" "" "" "" "" "" "" "" ""
2008gl CMFGEN 1.7 "" "" "" "" "" "" "" "" "" "" "" "" "" "" "" "" "" "" "" "" "" "" "" "" "" "" "" "" "" ""
2008gp CMFGEN 1.7 743557.0652742002 26.0 2141529.330521381 26.0 69138.8911957477 26.0 2164545.704699389 26.0 990231.7284389368 26.0 "" "" "" "" 895.5864945976089 26.0 "" "" "" "" "" "" 685.1448084027745 26.0 "" "" "" "" "" ""
2008hv CMFGEN 1.7 540198.8137311672 26.0 1375968.191986149 26.0 22358.209314286625 26.0 1477090.1059225965 26.0 928542.8185171722 26.0 "" "" "" "" "" "" "" "" 1868.8120593367696 26.0 "" "" 11111.297283204196 26.0 "" "" "" "" "" ""
2008ia CMFGEN 1.7 "" "" "" "" "" "" "" "" "" "" "" "" "" "" "" "" "" "" "" "" "" "" "" "" "" "" "" "" "" ""
2009D CMFGEN 1.7 1697766.4551011298 26.0 4846671.505502329 26.0 123878.09887759037 26.0 4792574.36916793 26.0 2092104.8577385794 26.0 "" "" "" "" "" "" "" "" "" "" "" "" "" "" "" "" "" "" "" ""
2009F CMFGEN 1.7 "" "" "" "" "" "" "" "" "" "" "" "" "" "" "" "" "" "" "" "" "" "" "" "" "" "" "" "" "" ""
2009Y CMFGEN 1.7 "" "" "" "" "" "" 3435424.966513934 26.0 1845329.629528671 26.0 "" "" "" "" "" "" "" "" "" "" "" "" "" "" "" "" "" "" "" ""
2009aa CMFGEN 1.7 1303402.7823668863 26.0 2703931.2810785268 26.0 48279.73776886195 26.0 2168629.9490424525 26.0 1093083.7861815256 26.0 "" "" "" "" 534.3165324194605 26.0 "" "" 533.5375795449331 26.0 "" "" 3144.5059911367653 26.0 "" "" "" "" "" ""
2009ab CMFGEN 1.7 542617.8190607438 26.0 1815905.6068781207 26.0 27923.161329091665 26.0 2221016.52949146 26.0 1126093.462244441 26.0 "" "" "" "" "" "" "" "" "" "" "" "" "" "" "" "" "" "" "" ""
2009ad CMFGEN 1.7 1207558.660760213 26.0 2283093.1025506086 26.0 48491.94916740968 26.0 2103611.896538515 26.0 1097567.8880462942 26.0 "" "" "" "" "" "" "" "" "" "" "" "" "" "" "" "" "" "" "" ""
2009ag CMFGEN 1.7 "" "" "" "" "" "" "" "" "" "" "" "" "" "" "" "" "" "" "" "" "" "" "" "" "" "" "" "" "" ""
