results/color_chisq/n5.0_20.0.ecsv
# %ECSV 0.9
# ---
# datatype:
# - name: obj_id
#   datatype: string
# - name: source
#   datatype: string
# - name: version
#   datatype: string
# - name: u_g
#   datatype: float64
# - name: u_g_dof
#   datatype: float64
# - name: g_r
#   datatype: float64
# - name: g_r_dof
#   datatype: float64
# - name: r_i
#   datatype: float64
# - name: r_i_dof
#   datatype: float64
# - name: B_i
#   datatype: float64
# - name: B_i_dof
#   datatype: float64
# - name: B_V
#   datatype: float64
# - name: B_V_dof
#   datatype: float64
# - name: B_V0
#   datatype: float64
# - name: B_V0_dof
#   datatype: float64
# - name: B_V1
#   datatype: float64
# - name: B_V1_dof
#   datatype: float64
# - name: Y_J
#   datatype: float64
# - name: Y_J_dof
#   datatype: float64
# - name: Y_Jdw
#   datatype: float64
# - name: Y_Jdw_dof
#   datatype: float64
# - name: Ydw_J
#   datatype: float64
# - name: Ydw_J_dof
#   datatype: float64
# - name: Ydw_Jdw
#   datatype: float64
# - name: Ydw_Jdw_dof
#   datatype: float64
# - name: J_H
#   datatype: float64
# - name: J_H_dof
#   datatype: float64
# - name: J_Hdw
#   datatype: float64
# - name: J_Hdw_dof
#   datatype: float64
# - name: Jdw_H
#   datatype: float64
# - name: Jdw_H_dof
#   datatype: float64
# - name: Jdw_Hdw
#   datatype: float64
# - name: Jdw_Hdw_dof
#   datatype: float64
# meta: !!omap
# - prange: !!python/tuple
#   - -5.0
#   - 20.0
# - bands:
#   - !!python/tuple
#     - csp_dr3_u
#     - csp_dr3_g
#   - !!python/tuple
#     - csp_dr3_g
#     - csp_dr3_r
#   - !!python/tuple
#     - csp_dr3_r
#     - csp_dr3_i
#   - !!python/tuple
#     - csp_dr3_B
#     - csp_dr3_i
#   - !!python/tuple
#     - csp_dr3_B
#     - csp_dr3_V
#   - !!python/tuple
#     - csp_dr3_B
#     - csp_dr3_V0
#   - !!python/tuple
#     - csp_dr3_B
#     - csp_dr3_V1
#   - !!python/tuple
#     - csp_dr3_Y
#     - csp_dr3_J
#   - !!python/tuple
#     - csp_dr3_Y
#     - csp_dr3_Jdw
#   - !!python/tuple
#     - csp_dr3_Ydw
#     - csp_dr3_J
#   - !!python/tuple
#     - csp_dr3_Ydw
#     - csp_dr3_Jdw
#   - !!python/tuple
#     - csp_dr3_J
#     - csp_dr3_H
#   - !!python/tuple
#     - csp_dr3_J
#     - csp_dr3_Hdw
#   - !!python/tuple
#     - csp_dr3_Jdw
#     - csp_dr3_H
#   - !!python/tuple
#     - csp_dr3_Jdw
#     - csp_dr3_Hdw
# schema: astropy-2.0
obj_id source version u_g u_g_dof g_r g_r_dof r_i r_i_dof B_i B_i_dof B_V B_V_dof B_V0 B_V0_dof B_V1 B_V1_dof Y_J Y_J_dof Y_Jdw Y_Jdw_dof Ydw_J Ydw_J_dof Ydw_Jdw Ydw_Jdw_dof J_H J_H_dof J_Hdw J_Hdw_dof Jdw_H Jdw_H_dof Jdw_Hdw Jdw_Hdw_dof
2004ef CMFGEN 1.04 875417.7662330576 26.0 8200278.349184057 26.0 120616.5402887561 26.0 6042034.695350198 26.0 "" "" 3702107.2406626847 26.0 "" "" "" "" "" "" "" "" "" "" "" "" "" "" "" "" "" ""
2004eo CMFGEN 1.04 1219778.394684143 26.0 8378453.820768226 26.0 100883.4996318931 26.0 9082252.467202416 26.0 "" "" 2332122.252516229 26.0 "" "" "" "" "" "" 1259.6396039576753 26.0 "" "" 662.9056173235259 26.0 "" "" "" "" "" ""
2004ey CMFGEN 1.04 2440202.3725417163 26.0 9729849.704518419 26.0 143861.23052226307 26.0 8690667.52643311 26.0 "" "" 5010505.471550917 26.0 "" "" "" "" "" "" "" "" "" "" "" "" "" "" "" "" "" ""
2004gs CMFGEN 1.04 "" "" "" "" "" "" "" "" "" "" "" "" "" "" "" "" "" "" "" "" "" "" "" "" "" "" "" "" "" ""
2004gu CMFGEN 1.04 "" "" 3456523.8630651245 26.0 100667.9817716912 26.0 "" "" "" "" "" "" "" "" "" "" "" "" "" "" "" "" "" "" "" "" "" "" "" ""
2005A CMFGEN 1.04 "" "" "" "" "" "" "" "" "" "" "" "" "" "" "" "" "" "" "" "" "" "" "" "" "" "" "" "" "" ""
2005M CMFGEN 1.04 1940516.4354229174 26.0 8622946.241840208 26.0 113367.2302842584 26.0 7733130.264969111 26.0 "" "" 4370807.880244739 26.0 "" "" "" "" "" "" 1089.3213990798668 26.0 "" "" 3199.06629274167 26.0 "" "" "" "" "" ""
2005W CMFGEN 1.04 "" "" "" "" "" "" "" "" "" "" "" "" "" "" "" "" "" "" "" "" "" "" "" "" "" "" "" "" "" ""
2005ag CMFGEN 1.04 "" "" "" "" "" "" "" "" "" "" "" "" "" "" "" "" "" "" "" "" "" "" "" "" "" "" "" "" "" ""
2005al CMFGEN 1.04 "" "" "" "" "" "" "" "" "" "" "" "" "" "" "" "" "" "" "" "" "" "" "" "" "" "" "" "" "" ""
2005am CMFGEN 1.04 "" "" "" "" "" "" "" "" "" "" "" "" "" "" "" "" "" "" "" "" "" "" "" "" "" "" "" "" "" ""
2005bl CMFGEN 1.04 "" "" "" "" 1089.4535810182235 26.0 "" "" "" "" "" "" "" "" "" "" "" "" "" "" "" "" "" "" "" "" "" "" "" ""
2005el CMFGEN 1.04 "" "" "" "" "" "" 2369546.7007225147 26.0 "" "" 1200689.2716271307 26.0 "" "" 5781.459711909535 26.0 "" "" "" "" "" "" 9604.87201679369 26.0 "" "" "" "" "" ""
2005eq CMFGEN 1.04 "" "" "" "" "" "" "" "" "" "" "" "" "" "" 2137.7940634168963 26.0 "" "" "" "" "" "" "" "" "" "" "" "" "" ""
2005hc CMFGEN 1.04 "" "" "" "" "" "" "" "" "" "" "" "" "" "" "" "" "" "" "" "" "" "" "" "" "" "" "" "" "" ""
2005hj CMFGEN 1.04 "" "" "" "" "" "" "" "" "" "" "" "" "" "" "" "" "" "" "" "" "" "" "" "" "" "" "" "" "" ""
2005iq CMFGEN 1.04 "" "" "" "" "" "" "" "" "" "" "" "" "" "" "" "" "" "" "" "" "" "" "" "" "" "" "" "" "" ""
2005kc CMFGEN 1.04 "" "" 2445962.562517702 26.0 18816.45681609143 26.0 2093354.0282935924 26.0 "" "" 1143767.0495156078 26.0 "" "" 3761.111536983823 26.0 "" "" "" "" "" "" "" "" "" "" "" "" "" ""
2005ke CMFGEN 1.04 103680.40314399374 26.0 1335591.5924630351 26.0 5956.459315288579 26.0 929060.057294864 26.0 "" "" 549566.913428567 26.0 "" "" 23844.187554831788 26.0 "" "" "" "" "" "" 61562.56459177539 26.0 "" "" "" "" "" ""
2005ki CMFGEN 1.04 327916.53678394115 26.0 3913661.2624336653 26.0 46650.443033340234 26.0 2612148.6908028964 26.0 "" "" 1488426.6242968973 26.0 "" "" 1622.288393257708 26.0 "" "" "" "" "" "" 2140.657446668355 26.0 "" "" "" "" "" ""
2005na CMFGEN 1.04 "" "" "" "" "" "" "" "" "" "" "" "" "" "" "" "" "" "" "" "" "" "" "" "" "" "" "" "" "" ""
2006D CMFGEN 1.04 "" "" "" "" "" "" "" "" "" "" "" "" "" "" "" "" "" "" "" "" "" "" "" "" "" "" "" "" "" ""
2006ax CMFGEN 1.04 588834.6030474274 26.0 4101689.6146006323 26.0 69851.74605370527 26.0 3935512.267070547 26.0 2308961.9854663024 26.0 "" "" "" "" 3448.2595225395903 26.0 "" "" "" "" "" "" 14236.199429986062 26.0 "" "" "" "" "" ""
2006bh CMFGEN 1.04 "" "" "" "" "" "" "" "" "" "" "" "" "" "" "" "" "" "" "" "" "" "" "" "" "" "" "" "" "" ""
2006et CMFGEN 1.04 291031.66073006747 26.0 4186479.019519527 26.0 63337.64077631265 26.0 3837735.7046424 26.0 1794656.588697184 26.0 "" "" "" "" 2779.49626546505 26.0 "" "" "" "" "" "" 3965.572759839867 26.0 "" "" "" "" "" ""
2006gj CMFGEN 1.04 "" "" "" "" "" "" "" "" "" "" "" "" "" "" "" "" "" "" "" "" "" "" "" "" "" "" "" "" "" ""
2006gt CMFGEN 1.04 "" "" "" "" "" "" "" "" "" "" "" "" "" "" "" "" "" "" "" "" "" "" "" "" "" "" "" "" "" ""
2006hx CMFGEN 1.04 "" "" 352065.3194846022 26.0 4886.473895042414 26.0 252685.77092326066 26.0 158184.46889148382 26.0 "" "" "" "" "" "" "" "" 431.51785539236084 26.0 "" "" 856.976192014008 26.0 "" "" "" "" "" ""
2006kf CMFGEN 1.04 "" "" "" "" "" "" "" "" "" "" "" "" "" "" "" "" "" "" "" "" "" "" "" "" "" "" "" "" "" ""
2006mr CMFGEN 1.04 "" "" "" "" "" "" "" "" "" "" "" "" "" "" "" "" "" "" "" "" "" "" "" "" "" "" "" "" "" ""
2006ob CMFGEN 1.04 "" "" "" "" "" "" "" "" "" "" "" "" "" "" "" "" "" "" "" "" "" "" "" "" "" "" "" "" "" ""
2007A CMFGEN 1.04 "" "" "" "" "" "" "" "" "" "" "" "" "" "" "" "" "" "" "" "" "" "" "" "" "" "" "" "" "" ""
2007N CMFGEN 1.04 "" "" "" "" "" "" "" "" "" "" "" "" "" "" "" "" "" "" "" "" "" "" "" "" "" "" "" "" "" ""
2007S CMFGEN 1.04 91266.6193095568 26.0 1833861.4487555388 26.0 20252.141353200746 26.0 922809.4905665091 26.0 479809.6909751189 26.0 "" "" "" "" 5660.098978333033 26.0 "" "" 5665.371609326703 26.0 "" "" 21828.79149097896 26.0 "" "" "" "" "" ""
2007af CMFGEN 1.04 445447.9601134276 26.0 2655778.2869927017 26.0 32603.825940952658 26.0 2278463.0107490076 26.0 1219823.126073682 26.0 "" "" "" "" 13579.344825045398 26.0 "" "" "" "" "" "" 40508.52708349862 26.0 "" "" "" "" "" ""
2007ax CMFGEN 1.04 "" "" "" "" "" "" "" "" "" "" "" "" "" "" "" "" "" "" "" "" "" "" "" "" "" "" "" "" "" ""
2007ba CMFGEN 1.04 "" "" 764251.5488732172 26.0 3511.5312236498216 26.0 457705.09187276167 26.0 330105.99888742296 26.0 "" "" "" "" "" "" "" "" "" "" "" "" "" "" "" "" "" "" "" ""
2007bc CMFGEN 1.04 "" "" "" "" "" "" "" "" "" "" "" "" "" "" "" "" "" "" "" "" "" "" "" "" "" "" "" "" "" ""
2007bd CMFGEN 1.04 58344.01595520702 26.0 2056894.3114920976 26.0 25737.004825180305 26.0 970262.5224578572 26.0 651597.4339825105 26.0 "" "" "" "" 383.5731040711725 26.0 "" "" "" "" "" "" 885.3822595542803 26.0 "" "" "" "" "" ""
2007ca CMFGEN 1.04 61795.1667824235 26.0 5090007.449309369 26.0 54929.2771040231 26.0 3836537.2477291473 26.0 1821944.8688548957 26.0 "" "" "" "" 1883.7716739769837 26.0 "" "" "" "" "" "" 4440.797412064811 26.0 "" "" "" "" "" ""
2007hj CMFGEN 1.04 "" "" "" "" "" "" "" "" "" "" "" "" "" "" "" "" "" "" "" "" "" "" "" "" "" "" "" "" "" ""
2007jg CMFGEN 1.04 "" "" "" "" "" "" "" "" "" "" "" "" "" "" "" "" "" "" "" "" "" "" "" "" "" "" "" "" "" ""
2007jh CMFGEN 1.04 "" "" "" "" "" "" "" "" "" "" "" "" "" "" "" "" "" "" "" "" "" "" "" "" "" "" "" "" "" ""
2007le CMFGEN 1.04 106592.1755341603 26.0 3457477.2226333804 26.0 50953.13269456614 26.0 2904940.2341847774 26.0 1549056.006710254 26.0 "" "" "" "" 8925.585766840206 26.0 "" "" "" "" "" "" 32843.42617503648 26.0 "" "" "" "" "" ""
2007nq CMFGEN 1.04 "" "" "" "" "" "" "" "" "" "" "" "" "" "" "" "" "" "" "" "" "" "" "" "" "" "" "" "" "" ""
2007on CMFGEN 1.04 298238.0526803058 26.0 1744726.7411264845 26.0 4448.626152473467 26.0 875345.3828074038 26.0 1144801.701559853 26.0 "" "" "" "" 23726.950399314825 26.0 "" "" "" "" "" "" 45621.45358641629 26.0 "" "" "" "" "" ""
2008R CMFGEN 1.04 "" "" "" "" "" "" "" "" "" "" "" "" "" "" "" "" "" "" "" "" "" "" "" "" "" "" "" "" "" ""
2008bc CMFGEN 1.04 1209917.333470054 26.0 4667738.554521915 26.0 77489.47345554741 26.0 5626837.072680161 26.0 3905944.6827698406 26.0 "" "" "" "" "" "" "" "" 766.2428977257832 26.0 "" "" 2138.7879425053857 26.0 "" "" "" "" "" ""
2008bf CMFGEN 1.04 651104.5949057884 26.0 5431008.829893499 26.0 76995.69215995076 26.0 3610002.08354075 26.0 2804873.22056538 26.0 "" "" "" "" "" "" "" "" "" "" "" "" "" "" "" "" "" "" "" ""
2008fp CMFGEN 1.04 "" "" "" "" "" "" "" "" "" "" "" "" "" "" "" "" "" "" "" "" "" "" "" "" "" "" "" "" "" ""
2008gl CMFGEN 1.04 "" "" "" "" "" "" "" "" "" "" "" "" "" "" "" "" "" "" "" "" "" "" "" "" "" "" "" "" "" ""
2008gp CMFGEN 1.04 627217.049191561 26.0 3455833.8709629993 26.0 72505.97035153673 26.0 3026176.601609668 26.0 1548818.3954788714 26.0 "" "" "" "" 957.2028890470648 26.0 "" "" "" "" "" "" 479.4900426524251 26.0 "" "" "" "" "" ""
2008hv CMFGEN 1.04 433410.0445122255 26.0 2579731.9711936894 26.0 24842.54354706628 26.0 2105510.534551832 26.0 1446483.2251132098 26.0 "" "" "" "" "" "" "" "" 1567.6977612940213 26.0 "" "" 8264.252471961345 26.0 "" "" "" "" "" ""
2008ia CMFGEN 1.04 "" "" "" "" "" "" "" "" "" "" "" "" "" "" "" "" "" "" "" "" "" "" "" "" "" "" "" "" "" ""
2009D CMFGEN 1.04 1348812.3534831882 26.0 8551602.465012219 26.0 131038.7727664319 26.0 6746688.822570287 26.0 3241569.913920738 26.0 "" "" "" "" "" "" "" "" "" "" "" "" "" "" "" "" "" "" "" ""
2009F CMFGEN 1.04 "" "" "" "" "" "" "" "" "" "" "" "" "" "" "" "" "" "" "" "" "" "" "" "" "" "" "" "" "" ""
2009Y CMFGEN 1.04 "" "" "" "" "" "" 4894351.967949702 26.0 2893119.2946409276 26.0 "" "" "" "" "" "" "" "" "" "" "" "" "" "" "" "" "" "" "" ""
2009aa CMFGEN 1.04 1062072.532699412 26.0 4684890.8192185275 26.0 51082.404990863244 26.0 3077279.385802764 26.0 1688968.3080577457 26.0 "" "" "" "" 614.6104692756508 26.0 "" "" 719.2046879850566 26.0 "" "" 1314.1992515334093 26.0 "" "" "" "" "" ""
2009ab CMFGEN 1.04 441184.22484689584 26.0 3475848.386040648 26.0 33532.14910315686 26.0 3186777.925241999 26.0 1725368.2168093724 26.0 "" "" "" "" "" "" "" "" "" "" "" "" "" "" "" "" "" "" "" ""
2009ad CMFGEN 1.04 999192.4102301302 26.0 3910684.3496332127 26.0 51571.77089402172 26.0 2963955.2431528894 26.0 1693928.0092613874 26.0 "" "" "" "" "" "" "" "" "" "" "" "" "" "" "" "" "" "" "" ""
2009ag CMFGEN 1.04 "" "" "" "" "" "" "" "" "" "" "" "" "" "" "" "" "" "" "" "" "" "" "" "" "" "" "" "" "" ""
2004ef CMFGEN 1.02 817902.0582004715 26.0 8329533.1810652455 26.0 365360.38613893377 26.0 7110621.059103613 26.0 "" "" 2732436.1435812837 26.0 "" "" "" "" "" "" "" "" "" "" "" "" "" "" "" "" "" ""
2004eo CMFGEN 1.02 1070560.4681000228 26.0 9364169.971301569 26.0 394614.2875240179 26.0 10927874.681583734 26.0 "" "" 1775737.2403146778 26.0 "" "" "" "" "" "" 1126.6028061145398 26.0 "" "" 564.0475636612787 26.0 "" "" "" "" "" ""
2004ey CMFGEN 1.02 2150994.6928239777 26.0 10799376.74249563 26.0 385975.70499503205 26.0 10259215.131208753 26.0 "" "" 3908163.3685286455 26.0 "" "" "" "" "" "" "" "" "" "" "" "" "" "" "" "" "" ""
2004gs CMFGEN 1.02 "" "" "" "" "" "" "" "" "" "" "" "" "" "" "" "" "" "" "" "" "" "" "" "" "" "" "" "" "" ""
2004gu CMFGEN 1.02 "" "" 3274634.045592587 26.0 235563.819959039 26.0 "" "" "" "" "" "" "" "" "" "" "" "" "" "" "" "" "" "" "" "" "" "" "" ""
2005A CMFGEN 1.02 "" "" "" "" "" "" "" "" "" "" "" "" "" "" "" "" "" "" "" "" "" "" "" "" "" "" "" "" "" ""
2005M CMFGEN 1.02 1760284.344224455 26.0 9151557.233469741 26.0 344914.8804889773 26.0 9118237.120544655 26.0 "" "" 3318553.703998497 26.0 "" "" "" "" "" "" 1945.5973081676837 26.0 "" "" 3111.3621980347507 26.0 "" "" "" "" "" ""
2005W CMFGEN 1.02 "" "" "" "" "" "" "" "" "" "" "" "" "" "" "" "" "" "" "" "" "" "" "" "" "" "" "" "" "" ""
2005ag CMFGEN 1.02 "" "" "" "" "" "" "" "" "" "" "" "" "" "" "" "" "" "" "" "" "" "" "" "" "" "" "" "" "" ""
2005al CMFGEN 1.02 "" "" "" "" "" "" "" "" "" "" "" "" "" "" "" "" "" "" "" "" "" "" "" "" "" "" "" "" "" ""
2005am CMFGEN 1.02 "" "" "" "" "" "" "" "" "" "" "" "" "" "" "" "" "" "" "" "" "" "" "" "" "" "" "" "" "" ""
2005bl CMFGEN 1.02 "" "" "" "" 3145.2633806589342 26.0 "" "" "" "" "" "" "" "" "" "" "" "" "" "" "" "" "" "" "" "" "" "" "" ""
2005el CMFGEN 1.02 "" "" "" "" "" "" 2833833.1099216626 26.0 "" "" 914101.1165709095 26.0 "" "" 10537.359331634338 26.0 "" "" "" "" "" "" 9304.360373182693 26.0 "" "" "" "" "" ""
2005eq CMFGEN 1.02 "" "" "" "" "" "" "" "" "" "" "" "" "" "" 1406.8591127619923 26.0 "" "" "" "" "" "" "" "" "" "" "" "" "" ""
2005hc CMFGEN 1.02 "" "" "" "" "" "" "" "" "" "" "" "" "" "" "" "" "" "" "" "" "" "" "" "" "" "" "" "" "" ""
2005hj CMFGEN 1.02 "" "" "" "" "" "" "" "" "" "" "" "" "" "" "" "" "" "" "" "" "" "" "" "" "" "" "" "" "" ""
2005iq CMFGEN 1.02 "" "" "" "" "" "" "" "" "" "" "" "" "" "" "" "" "" "" "" "" "" "" "" "" "" "" "" "" "" ""
2005kc CMFGEN 1.02 "" "" 2763676.1713307486 26.0 88176.59324354756 26.0 2543276.629177142 26.0 "" "" 867214.8558766606 26.0 "" "" 6475.532821645882 26.0 "" "" "" "" "" "" "" "" "" "" "" "" "" ""
2005ke CMFGEN 1.02 81688.28058709226 26.0 1706953.2906495247 26.0 15614.669087195334 26.0 1199200.315647863 26.0 "" "" 394599.4030384165 26.0 "" "" 47573.816562804204 26.0 "" "" "" "" "" "" 58381.688388695184 26.0 "" "" "" "" "" ""
2005ki CMFGEN 1.02 293753.2210534682 26.0 4220779.496965922 26.0 138298.65179919 26.0 3084445.7371327924 26.0 "" "" 1138760.802545937 26.0 "" "" 2979.7510665450563 26.0 "" "" "" "" "" "" 2055.2660901399368 26.0 "" "" "" "" "" ""
2005na CMFGEN 1.02 "" "" "" "" "" "" "" "" "" "" "" "" "" "" "" "" "" "" "" "" "" "" "" "" "" "" "" "" "" ""
2006D CMFGEN 1.02 "" "" "" "" "" "" "" "" "" "" "" "" "" "" "" "" "" "" "" "" "" "" "" "" "" "" "" "" "" ""
2006ax CMFGEN 1.02 520905.8086010198 26.0 4494562.559830607 26.0 185957.33613036273 26.0 4638268.627586012 26.0 1766250.3857552153 26.0 "" "" "" "" 4818.450561087415 26.0 "" "" "" "" "" "" 13805.322215699967 26.0 "" "" "" "" "" ""
2006bh CMFGEN 1.02 "" "" "" "" "" "" "" "" "" "" "" "" "" "" "" "" "" "" "" "" "" "" "" "" "" "" "" "" "" ""
2006et CMFGEN 1.02 261845.39889436238 26.0 4441806.730509321 26.0 205157.1929235262 26.0 4570204.063054519 26.0 1328036.8880698534 26.0 "" "" "" "" 3270.787343492676 26.0 "" "" "" "" "" "" 3787.5965095278125 26.0 "" "" "" "" "" ""
2006gj CMFGEN 1.02 "" "" "" "" "" "" "" "" "" "" "" "" "" "" "" "" "" "" "" "" "" "" "" "" "" "" "" "" "" ""
2006gt CMFGEN 1.02 "" "" "" "" "" "" "" "" "" "" "" "" "" "" "" "" "" "" "" "" "" "" "" "" "" "" "" "" "" ""
2006hx CMFGEN 1.02 "" "" 332399.72533916414 26.0 16356.291439674229 26.0 294053.2382492514 26.0 108919.88539922157 26.0 "" "" "" "" "" "" "" "" 697.026713967471 26.0 "" "" 821.5643740607248 26.0 "" "" "" "" "" ""
2006kf CMFGEN 1.02 "" "" "" "" "" "" "" "" "" "" "" "" "" "" "" "" "" "" "" "" "" "" "" "" "" "" "" "" "" ""
2006mr CMFGEN 1.02 "" "" "" "" "" "" "" "" "" "" "" "" "" "" "" "" "" "" "" "" "" "" "" "" "" "" "" "" "" ""
2006ob CMFGEN 1.02 "" "" "" "" "" "" "" "" "" "" "" "" "" "" "" "" "" "" "" "" "" "" "" "" "" "" "" "" "" ""
2007A CMFGEN 1.02 "" "" "" "" "" "" "" "" "" "" "" "" "" "" "" "" "" "" "" "" "" "" "" "" "" "" "" "" "" ""
2007N CMFGEN 1.02 "" "" "" "" "" "" "" "" "" "" "" "" "" "" "" "" "" "" "" "" "" "" "" "" "" "" "" "" "" ""
2007S CMFGEN 1.02 78019.59775759425 26.0 2086533.992620407 26.0 77038.92422099615 26.0 1133887.6622275575 26.0 346682.26666280406 26.0 "" "" "" "" 5800.157479500405 26.0 "" "" 10007.018015496255 26.0 "" "" 21200.008040284225 26.0 "" "" "" "" "" ""
2007af CMFGEN 1.02 371889.0444748654 26.0 3212061.017215372 26.0 105318.991426231 26.0 2739210.9662581775 26.0 937345.9937092577 26.0 "" "" "" "" 22467.089813742317 26.0 "" "" "" "" "" "" 39038.69902144543 26.0 "" "" "" "" "" ""
2007ax CMFGEN 1.02 "" "" "" "" "" "" "" "" "" "" "" "" "" "" "" "" "" "" "" "" "" "" "" "" "" "" "" "" "" ""
2007ba CMFGEN 1.02 "" "" 746824.1942862401 26.0 21248.76343127588 26.0 547926.9140542606 26.0 228242.73798243373 26.0 "" "" "" "" "" "" "" "" "" "" "" "" "" "" "" "" "" "" "" ""
2007bc CMFGEN 1.02 "" "" "" "" "" "" "" "" "" "" "" "" "" "" "" "" "" "" "" "" "" "" "" "" "" "" "" "" "" ""
2007bd CMFGEN 1.02 54556.413120544166 26.0 2085956.6602239134 26.0 66636.24578218847 26.0 1129701.3202077693 26.0 482296.3998018083 26.0 "" "" "" "" 668.335895779017 26.0 "" "" "" "" "" "" 859.9074950424767 26.0 "" "" "" "" "" ""
2007ca CMFGEN 1.02 52900.81324966381 26.0 5760391.399855009 26.0 209030.19404279056 26.0 4650963.451478582 26.0 1355926.6776831858 26.0 "" "" "" "" 476.964137886144 26.0 "" "" "" "" "" "" 4223.8773084576505 26.0 "" "" "" "" "" ""
2007hj CMFGEN 1.02 "" "" "" "" "" "" "" "" "" "" "" "" "" "" "" "" "" "" "" "" "" "" "" "" "" "" "" "" "" ""
2007jg CMFGEN 1.02 "" "" "" "" "" "" "" "" "" "" "" "" "" "" "" "" "" "" "" "" "" "" "" "" "" "" "" "" "" ""
