results/color_chisq/n5.0_20.0.ecsv
# %ECSV 0.9
# ---
# datatype:
# - name: obj_id
#   datatype: string
# - name: source
#   datatype: string
# - name: version
#   datatype: string
# - name: u_g
#   datatype: float64
# - name: u_g_dof
#   datatype: float64
# - name: g_r
#   datatype: float64
# - name: g_r_dof
#   datatype: float64
# - name: r_i
#   datatype: float64
# - name: r_i_dof
#   datatype: float64
# - name: B_i
#   datatype: float64
# - name: B_i_dof
#   datatype: float64
# - name: B_V
#   datatype: float64
# - name: B_V_dof
#   datatype: float64
# - name: B_V0
#   datatype: float64
# - name: B_V0_dof
#   datatype: float64
# - name: B_V1
#   datatype: float64
# - name: B_V1_dof
#   datatype: float64
# - name: Y_J
#   datatype: float64
# - name: Y_J_dof
#   datatype: float64
# - name: Y_Jdw
#   datatype: float64
# - name: Y_Jdw_dof
#   datatype: float64
# - name: Ydw_J
#   datatype: float64
# - name: Ydw_J_dof
#   datatype: float64
# - name: Ydw_Jdw
#   datatype: float64
# - name: Ydw_Jdw_dof
#   datatype: float64
# - name: J_H
#   datatype: float64
# - name: J_H_dof
#   datatype: float64
# - name: J_Hdw
#   datatype: float64
# - name: J_Hdw_dof
#   datatype: float64
# - name: Jdw_H
#   datatype: float64
# - name: Jdw_H_dof
#   datatype: float64
# - name: Jdw_Hdw
#   datatype: float64
# - name: Jdw_Hdw_dof
#   datatype: float64
# meta: !!omap
# - prange: !!python/tuple
#   - -5.0
#   - 20.0
# - bands:
#   - !!python/tuple
#     - csp_dr3_u
#     - csp_dr3_g
#   - !!python/tuple
#     - csp_dr3_g
#     - csp_dr3_r
#   - !!python/tuple
#     - csp_dr3_r
#     - csp_dr3_i
#   - !!python/tuple
#     - csp_dr3_B
#     - csp_dr3_i
#   - !!python/tuple
#     - csp_dr3_B
#     - csp_dr3_V
#   - !!python/tuple
#     - csp_dr3_B
#     - csp_dr3_V0
#   - !!python/tuple
#     - csp_dr3_B
#     - csp_dr3_V1
#   - !!python/tuple
#     - csp_dr3_Y
#     - csp_dr3_J
#   - !!python/tuple
#     - csp_dr3_Y
#     - csp_dr3_Jdw
#   - !!python/tuple
#     - csp_dr3_Ydw
#     - csp_dr3_J
#   - !!python/tuple
#     - csp_dr3_Ydw
#     - csp_dr3_Jdw
#   - !!python/tuple
#     - csp_dr3_J
#     - csp_dr3_H
#   - !!python/tuple
#     - csp_dr3_J
#     - csp_dr3_Hdw
#   - !!python/tuple
#     - csp_dr3_Jdw
#     - csp_dr3_H
#   - !!python/tuple
#     - csp_dr3_Jdw
#     - csp_dr3_Hdw
# schema: astropy-2.0
obj_id source version u_g u_g_dof g_r g_r_dof r_i r_i_dof B_i B_i_dof B_V B_V_dof B_V0 B_V0_dof B_V1 B_V1_dof Y_J Y_J_dof Y_Jdw Y_Jdw_dof Ydw_J Ydw_J_dof Ydw_Jdw Ydw_Jdw_dof J_H J_H_dof J_Hdw J_Hdw_dof Jdw_H Jdw_H_dof Jdw_Hdw Jdw_Hdw_dof
[from data line 104]
2007le CMFGEN 1.02 87376.72825190327 26.0 4184997.5316513325 26.0 161905.40081473015 26.0 3531082.359477002 26.0 1154671.9628793944 26.0 "" "" "" "" 10393.151251792091 26.0 "" "" "" "" "" "" 31476.20855680298 26.0 "" "" "" "" "" ""
2007nq CMFGEN 1.02 "" "" "" "" "" "" "" "" "" "" "" "" "" "" "" "" "" "" "" "" "" "" "" "" "" "" "" "" "" ""
2007on CMFGEN 1.02 249369.35522502582 26.0 2104900.866367056 26.0 19975.62260916973 26.0 1064899.114940438 26.0 868269.4626186127 26.0 "" "" "" "" 40556.37514163795 26.0 "" "" "" "" "" "" 44005.44828581628 26.0 "" "" "" "" "" ""
2008R CMFGEN 1.02 "" "" "" "" "" "" "" "" "" "" "" "" "" "" "" "" "" "" "" "" "" "" "" "" "" "" "" "" "" ""
2008bc CMFGEN 1.02 1060616.2918397833 26.0 5252757.467231049 26.0 201360.53756482864 26.0 6650267.11756531 26.0 3038438.4533384545 26.0 "" "" "" "" "" "" "" "" 657.4564194362591 26.0 "" "" 2007.0590015433759 26.0 "" "" "" "" "" ""
2008bf CMFGEN 1.02 591272.844087072 26.0 5713324.457899527 26.0 195358.34091144908 26.0 4224049.4495315915 26.0 2110001.1142604183 26.0 "" "" "" "" "" "" "" "" "" "" "" "" "" "" "" "" "" "" "" ""
2008fp CMFGEN 1.02 "" "" "" "" "" "" "" "" "" "" "" "" "" "" "" "" "" "" "" "" "" "" "" "" "" "" "" "" "" ""
2008gl CMFGEN 1.02 "" "" "" "" "" "" "" "" "" "" "" "" "" "" "" "" "" "" "" "" "" "" "" "" "" "" "" "" "" ""
2008gp CMFGEN 1.02 594665.1941979397 26.0 3481708.289795408 26.0 184998.77916684776 26.0 3506814.2857351783 26.0 1153197.2966805089 26.0 "" "" "" "" 1089.2187726648945 26.0 "" "" "" "" "" "" 466.8731484179211 26.0 "" "" "" "" "" ""
2008hv CMFGEN 1.02 378352.36034937634 26.0 2911391.1471847286 26.0 77978.31288337767 26.0 2505605.820830168 26.0 1104415.8377348268 26.0 "" "" "" "" "" "" "" "" 2888.788362757211 26.0 "" "" 8012.979881929163 26.0 "" "" "" "" "" ""
2008ia CMFGEN 1.02 "" "" "" "" "" "" "" "" "" "" "" "" "" "" "" "" "" "" "" "" "" "" "" "" "" "" "" "" "" ""
2009D CMFGEN 1.02 1232628.6618431802 26.0 8937811.359878784 26.0 366122.8604173105 26.0 7908414.239135098 26.0 2449197.3418665132 26.0 "" "" "" "" "" "" "" "" "" "" "" "" "" "" "" "" "" "" "" ""
2009F CMFGEN 1.02 "" "" "" "" "" "" "" "" "" "" "" "" "" "" "" "" "" "" "" "" "" "" "" "" "" "" "" "" "" ""
2009Y CMFGEN 1.02 "" "" "" "" "" "" 5842550.950377698 26.0 2215951.538453248 26.0 "" "" "" "" "" "" "" "" "" "" "" "" "" "" "" "" "" "" "" ""
2009aa CMFGEN 1.02 985647.5449856106 26.0 4834459.127907974 26.0 159107.98396324686 26.0 3608723.0465444797 26.0 1273198.0226155254 26.0 "" "" "" "" 793.6016670302362 26.0 "" "" 1161.7109199841227 26.0 "" "" 1206.4041522031123 26.0 "" "" "" "" "" ""
2009ab CMFGEN 1.02 382782.99105629936 26.0 4044613.591847521 26.0 127093.58516502583 26.0 3830204.971987835 26.0 1341502.4319599115 26.0 "" "" "" "" "" "" "" "" "" "" "" "" "" "" "" "" "" "" "" ""
2009ad CMFGEN 1.02 933649.2040265227 26.0 4033606.3869155534 26.0 150922.77293329753 26.0 3465461.3978319736 26.0 1281189.6258267364 26.0 "" "" "" "" "" "" "" "" "" "" "" "" "" "" "" "" "" "" "" ""
2009ag CMFGEN 1.02 "" "" "" "" "" "" "" "" "" "" "" "" "" "" "" "" "" "" "" "" "" "" "" "" "" "" "" "" "" ""
2004ef CMFGEN 1.4 773772.9147174314 26.0 8193312.579666931 26.0 716184.9060488438 26.0 8187132.010214329 26.0 "" "" 2116066.332435264 26.0 "" "" "" "" "" "" "" "" "" "" "" "" "" "" "" "" "" ""
2004eo CMFGEN 1.4 1024604.2884512314 26.0 9414789.974945432 26.0 939381.6409720465 26.0 12948501.854835045 26.0 "" "" 1402482.128878112 26.0 "" "" "" "" "" "" 2441.0659628537996 26.0 "" "" 435.4276883102501 26.0 "" "" "" "" "" ""
2004ey CMFGEN 1.4 2061877.1411466093 26.0 10859854.135346128 26.0 783577.1404008415 26.0 11957653.990023287 26.0 "" "" 3155928.481952719 26.0 "" "" "" "" "" "" "" "" "" "" "" "" "" "" "" "" "" ""
2004gs CMFGEN 1.4 "" "" "" "" "" "" "" "" "" "" "" "" "" "" "" "" "" "" "" "" "" "" "" "" "" "" "" "" "" ""
2004gu CMFGEN 1.4 "" "" 3123897.4441020805 26.0 390306.0331597803 26.0 "" "" "" "" "" "" "" "" "" "" "" "" "" "" "" "" "" "" "" "" "" "" "" ""
2005A CMFGEN 1.4 "" "" "" "" "" "" "" "" "" "" "" "" "" "" "" "" "" "" "" "" "" "" "" "" "" "" "" "" "" ""
2005M CMFGEN 1.4 1678710.6373688823 26.0 9119450.631444935 26.0 705407.5585108445 26.0 10564139.63411919 26.0 "" "" 2623322.1239393735 26.0 "" "" "" "" "" "" 2303.852409108262 26.0 "" "" 1949.6405371259127 26.0 "" "" "" "" "" ""
2005W CMFGEN 1.4 "" "" "" "" "" "" "" "" "" "" "" "" "" "" "" "" "" "" "" "" "" "" "" "" "" "" "" "" "" ""
2005ag CMFGEN 1.4 "" "" "" "" "" "" "" "" "" "" "" "" "" "" "" "" "" "" "" "" "" "" "" "" "" "" "" "" "" ""
2005al CMFGEN 1.4 "" "" "" "" "" "" "" "" "" "" "" "" "" "" "" "" "" "" "" "" "" "" "" "" "" "" "" "" "" ""
2005am CMFGEN 1.4 "" "" "" "" "" "" "" "" "" "" "" "" "" "" "" "" "" "" "" "" "" "" "" "" "" "" "" "" "" ""
2005bl CMFGEN 1.4 "" "" "" "" 19296.897923908477 26.0 "" "" "" "" "" "" "" "" "" "" "" "" "" "" "" "" "" "" "" "" "" "" "" ""
2005el CMFGEN 1.4 "" "" "" "" "" "" 3344185.0621963423 26.0 "" "" 721923.7970844912 26.0 "" "" 12814.33362061028 26.0 "" "" "" "" "" "" 5859.840660278273 26.0 "" "" "" "" "" ""
2005eq CMFGEN 1.4 "" "" "" "" "" "" "" "" "" "" "" "" "" "" 1498.6322874183843 26.0 "" "" "" "" "" "" "" "" "" "" "" "" "" ""
2005hc CMFGEN 1.4 "" "" "" "" "" "" "" "" "" "" "" "" "" "" "" "" "" "" "" "" "" "" "" "" "" "" "" "" "" ""
2005hj CMFGEN 1.4 "" "" "" "" "" "" "" "" "" "" "" "" "" "" "" "" "" "" "" "" "" "" "" "" "" "" "" "" "" ""
2005iq CMFGEN 1.4 "" "" "" "" "" "" "" "" "" "" "" "" "" "" "" "" "" "" "" "" "" "" "" "" "" "" "" "" "" ""
2005kc CMFGEN 1.4 "" "" 2780810.6466099117 26.0 225888.71901633346 26.0 3040270.0116684968 26.0 "" "" 681700.5099391111 26.0 "" "" 8255.827037006484 26.0 "" "" "" "" "" "" "" "" "" "" "" "" "" ""
2005ke CMFGEN 1.4 78043.66227379224 26.0 1745658.4818303206 26.0 98410.35244208634 26.0 1537087.1057680168 26.0 "" "" 295305.372038298 26.0 "" "" 58477.88806234928 26.0 "" "" "" "" "" "" 29305.301515166684 26.0 "" "" "" "" "" ""
2005ki CMFGEN 1.4 280572.4461021278 26.0 4219007.590183871 26.0 284215.82180422347 26.0 3585531.9406443695 26.0 "" "" 905695.4466562 26.0 "" "" 3851.9498314780085 26.0 "" "" "" "" "" "" 1099.7326560408019 26.0 "" "" "" "" "" ""
2005na CMFGEN 1.4 "" "" "" "" "" "" "" "" "" "" "" "" "" "" "" "" "" "" "" "" "" "" "" "" "" "" "" "" "" ""
2006D CMFGEN 1.4 "" "" "" "" "" "" "" "" "" "" "" "" "" "" "" "" "" "" "" "" "" "" "" "" "" "" "" "" "" ""
2006ax CMFGEN 1.4 498663.196959426 26.0 4504724.181504297 26.0 370552.85081247496 26.0 5395856.7387967305 26.0 1404623.108462863 26.0 "" "" "" "" 6150.646187464642 26.0 "" "" "" "" "" "" 8848.43030391035 26.0 "" "" "" "" "" ""
2006bh CMFGEN 1.4 "" "" "" "" "" "" "" "" "" "" "" "" "" "" "" "" "" "" "" "" "" "" "" "" "" "" "" "" "" ""
2006et CMFGEN 1.4 248184.89161224038 26.0 4419133.379219793 26.0 428120.21995600284 26.0 5335375.798615071 26.0 1027630.6621192006 26.0 "" "" "" "" 4006.409394346721 26.0 "" "" "" "" "" "" 1903.9117708127385 26.0 "" "" "" "" "" ""
2006gj CMFGEN 1.4 "" "" "" "" "" "" "" "" "" "" "" "" "" "" "" "" "" "" "" "" "" "" "" "" "" "" "" "" "" ""
2006gt CMFGEN 1.4 "" "" "" "" "" "" "" "" "" "" "" "" "" "" "" "" "" "" "" "" "" "" "" "" "" "" "" "" "" ""
2006hx CMFGEN 1.4 "" "" 315457.14147405064 26.0 31144.650998679976 26.0 334275.60352982115 26.0 82227.19492906333 26.0 "" "" "" "" "" "" "" "" 802.4797063267191 26.0 "" "" 438.51115271372043 26.0 "" "" "" "" "" ""
2006kf CMFGEN 1.4 "" "" "" "" "" "" "" "" "" "" "" "" "" "" "" "" "" "" "" "" "" "" "" "" "" "" "" "" "" ""
2006mr CMFGEN 1.4 "" "" "" "" "" "" "" "" "" "" "" "" "" "" "" "" "" "" "" "" "" "" "" "" "" "" "" "" "" ""
2006ob CMFGEN 1.4 "" "" "" "" "" "" "" "" "" "" "" "" "" "" "" "" "" "" "" "" "" "" "" "" "" "" "" "" "" ""
2007A CMFGEN 1.4 "" "" "" "" "" "" "" "" "" "" "" "" "" "" "" "" "" "" "" "" "" "" "" "" "" "" "" "" "" ""
2007N CMFGEN 1.4 "" "" "" "" "" "" "" "" "" "" "" "" "" "" "" "" "" "" "" "" "" "" "" "" "" "" "" "" "" ""
2007S CMFGEN 1.4 74411.76380612903 26.0 2096146.7280462936 26.0 183491.0993208349 26.0 1371162.0757958952 26.0 260506.82052992322 26.0 "" "" "" "" 6952.439813007644 26.0 "" "" 12010.276288423851 26.0 "" "" 13879.745608440413 26.0 "" "" "" "" "" ""
2007af CMFGEN 1.4 359190.80583133845 26.0 3266279.4725859775 26.0 256835.5639911552 26.0 3290909.4638969805 26.0 747109.7671154279 26.0 "" "" "" "" 26975.82319423374 26.0 "" "" "" "" "" "" 25717.673618063895 26.0 "" "" "" "" "" ""
2007ax CMFGEN 1.4 "" "" "" "" "" "" "" "" "" "" "" "" "" "" "" "" "" "" "" "" "" "" "" "" "" "" "" "" "" ""
2007ba CMFGEN 1.4 "" "" 721031.7844752064 26.0 49816.89067825771 26.0 637840.7685264405 26.0 169908.59335676604 26.0 "" "" "" "" "" "" "" "" "" "" "" "" "" "" "" "" "" "" "" ""
2007bc CMFGEN 1.4 "" "" "" "" "" "" "" "" "" "" "" "" "" "" "" "" "" "" "" "" "" "" "" "" "" "" "" "" "" ""
2007bd CMFGEN 1.4 51637.845510188476 26.0 2052294.7610173102 26.0 121727.3409542157 26.0 1289686.72490181 26.0 376958.77160253556 26.0 "" "" "" "" 867.9790466168097 26.0 "" "" "" "" "" "" 511.5145783656203 26.0 "" "" "" "" "" ""
2007ca CMFGEN 1.4 50479.196213791074 26.0 5789032.615089882 26.0 492472.4158735093 26.0 5558307.210299324 26.0 1048467.7758252409 26.0 "" "" "" "" 641.6967131982678 26.0 "" "" "" "" "" "" 1963.334058915605 26.0 "" "" "" "" "" ""
2007hj CMFGEN 1.4 "" "" "" "" "" "" "" "" "" "" "" "" "" "" "" "" "" "" "" "" "" "" "" "" "" "" "" "" "" ""
2007jg CMFGEN 1.4 "" "" "" "" "" "" "" "" "" "" "" "" "" "" "" "" "" "" "" "" "" "" "" "" "" "" "" "" "" ""
2007jh CMFGEN 1.4 "" "" "" "" "" "" "" "" "" "" "" "" "" "" "" "" "" "" "" "" "" "" "" "" "" "" "" "" "" ""
2007le CMFGEN 1.4 83925.39469806995 26.0 4248575.638233144 26.0 381775.7491110911 26.0 4276506.310361376 26.0 893396.0405035352 26.0 "" "" "" "" 12995.214820823605 26.0 "" "" "" "" "" "" 19746.372323055795 26.0 "" "" "" "" "" ""
2007nq CMFGEN 1.4 "" "" "" "" "" "" "" "" "" "" "" "" "" "" "" "" "" "" "" "" "" "" "" "" "" "" "" "" "" ""
2007on CMFGEN 1.4 240550.66811645162 26.0 2135721.9453180595 26.0 59459.52985323238 26.0 1291288.1330956593 26.0 683811.8181372338 26.0 "" "" "" "" 47536.82447539393 26.0 "" "" "" "" "" "" 27444.183277161843 26.0 "" "" "" "" "" ""
2008R CMFGEN 1.4 "" "" "" "" "" "" "" "" "" "" "" "" "" "" "" "" "" "" "" "" "" "" "" "" "" "" "" "" "" ""
2008bc CMFGEN 1.4 1018504.4312663716 26.0 5301843.869166795 26.0 408224.8075538139 26.0 7762211.566466879 26.0 2439943.4543357645 26.0 "" "" "" "" "" "" "" "" 1157.0058532754024 26.0 "" "" 758.3896283016824 26.0 "" "" "" "" "" ""
2008bf CMFGEN 1.4 562070.7097815262 26.0 5683590.30059441 26.0 365959.8883515526 26.0 4857770.455419915 26.0 1659586.2768757646 26.0 "" "" "" "" "" "" "" "" "" "" "" "" "" "" "" "" "" "" "" ""
2008fp CMFGEN 1.4 "" "" "" "" "" "" "" "" "" "" "" "" "" "" "" "" "" "" "" "" "" "" "" "" "" "" "" "" "" ""
2008gl CMFGEN 1.4 "" "" "" "" "" "" "" "" "" "" "" "" "" "" "" "" "" "" "" "" "" "" "" "" "" "" "" "" "" ""
2008gp CMFGEN 1.4 565677.6501861977 26.0 3424624.112706849 26.0 335005.9671641797 26.0 3983462.7251916938 26.0 906111.9603717274 26.0 "" "" "" "" 1344.0144060291946 26.0 "" "" "" "" "" "" 429.41429036984283 26.0 "" "" "" "" "" ""
2008hv CMFGEN 1.4 364305.3557287304 26.0 2927250.777984409 26.0 173953.91885399705 26.0 2953520.5451430897 26.0 876029.9853250877 26.0 "" "" "" "" "" "" "" "" 3416.166727990931 26.0 "" "" 5370.9807863623655 26.0 "" "" "" "" "" ""
2008ia CMFGEN 1.4 "" "" "" "" "" "" "" "" "" "" "" "" "" "" "" "" "" "" "" "" "" "" "" "" "" "" "" "" "" ""
2009D CMFGEN 1.4 1170611.2653446808 26.0 8881622.31906361 26.0 710149.8651459578 26.0 9098877.784853315 26.0 1935050.9034092163 26.0 "" "" "" "" "" "" "" "" "" "" "" "" "" "" "" "" "" "" "" ""
2009F CMFGEN 1.4 "" "" "" "" "" "" "" "" "" "" "" "" "" "" "" "" "" "" "" "" "" "" "" "" "" "" "" "" "" ""
2009Y CMFGEN 1.4 "" "" "" "" "" "" 6934157.795521129 26.0 1759369.2340324388 26.0 "" "" "" "" "" "" "" "" "" "" "" "" "" "" "" "" "" "" "" ""
2009aa CMFGEN 1.4 938768.5497737793 26.0 4784150.620592591 26.0 320734.08786399936 26.0 4149064.355302847 26.0 1007211.2748366734 26.0 "" "" "" "" 1109.5511748607937 26.0 "" "" 1810.1588050070445 26.0 "" "" 673.52304995389 26.0 "" "" "" "" "" ""
2009ab CMFGEN 1.4 369731.0561874621 26.0 4094156.748454343 26.0 320511.6561079279 26.0 4559164.139784322 26.0 1077727.3865940815 26.0 "" "" "" "" "" "" "" "" "" "" "" "" "" "" "" "" "" "" "" ""
2009ad CMFGEN 1.4 891220.9799139566 26.0 3996323.830373406 26.0 295357.4736530027 26.0 3971191.6430161716 26.0 1014657.6410297371 26.0 "" "" "" "" "" "" "" "" "" "" "" "" "" "" "" "" "" "" "" ""
2009ag CMFGEN 1.4 "" "" "" "" "" "" "" "" "" "" "" "" "" "" "" "" "" "" "" "" "" "" "" "" "" "" "" "" "" ""
2004ef CMFGEN 1.7 1075051.7092196725 26.0 4738427.057951927 26.0 114290.93646373796 26.0 4175243.4134684023 26.0 "" "" 2278375.507502341 26.0 "" "" "" "" "" "" "" "" "" "" "" "" "" "" "" "" "" ""
2004eo CMFGEN 1.7 1551579.9192978097 26.0 4252506.951815809 26.0 88460.28359495924 26.0 6216099.149896892 26.0 "" "" 1455936.4677185975 26.0 "" "" "" "" "" "" 438.3277936262133 26.0 "" "" 2344.0971408550727 26.0 "" "" "" "" "" ""
2004ey CMFGEN 1.7 3079036.9315557107 26.0 5255368.486038522 26.0 131276.86231982836 26.0 6226590.941068278 26.0 "" "" 3259376.219663061 26.0 "" "" "" "" "" "" "" "" "" "" "" "" "" "" "" "" "" ""
2004gs CMFGEN 1.7 "" "" "" "" "" "" "" "" "" "" "" "" "" "" "" "" "" "" "" "" "" "" "" "" "" "" "" "" "" ""
2004gu CMFGEN 1.7 "" "" 2333501.008472644 26.0 97093.70305140136 26.0 "" "" "" "" "" "" "" "" "" "" "" "" "" "" "" "" "" "" "" "" "" "" "" ""
2005A CMFGEN 1.7 "" "" "" "" "" "" "" "" "" "" "" "" "" "" "" "" "" "" "" "" "" "" "" "" "" "" "" "" "" ""
2005M CMFGEN 1.7 2438296.421226975 26.0 4731447.17506508 26.0 106226.94423151268 26.0 5446523.943168328 26.0 "" "" 2767106.924823137 26.0 "" "" "" "" "" "" 1298.4951098936763 26.0 "" "" 4351.474157208597 26.0 "" "" "" "" "" ""
2005W CMFGEN 1.7 "" "" "" "" "" "" "" "" "" "" "" "" "" "" "" "" "" "" "" "" "" "" "" "" "" "" "" "" "" ""
2005ag CMFGEN 1.7 "" "" "" "" "" "" "" "" "" "" "" "" "" "" "" "" "" "" "" "" "" "" "" "" "" "" "" "" "" ""
2005al CMFGEN 1.7 "" "" "" "" "" "" "" "" "" "" "" "" "" "" "" "" "" "" "" "" "" "" "" "" "" "" "" "" "" ""
2005am CMFGEN 1.7 "" "" "" "" "" "" "" "" "" "" "" "" "" "" "" "" "" "" "" "" "" "" "" "" "" "" "" "" "" ""
2005bl CMFGEN 1.7 "" "" "" "" 1316.2653750209452 26.0 "" "" "" "" "" "" "" "" "" "" "" "" "" "" "" "" "" "" "" "" "" "" "" ""
2005el CMFGEN 1.7 "" "" "" "" "" "" 1647535.1277170058 26.0 "" "" 747541.4553834811 26.0 "" "" 6789.582052503691 26.0 "" "" "" "" "" "" 13153.972385755043 26.0 "" "" "" "" "" ""
2005eq CMFGEN 1.7 "" "" "" "" "" "" "" "" "" "" "" "" "" "" 1703.7046119936829 26.0 "" "" "" "" "" "" "" "" "" "" "" "" "" ""
2005hc CMFGEN 1.7 "" "" "" "" "" "" "" "" "" "" "" "" "" "" "" "" "" "" "" "" "" "" "" "" "" "" "" "" "" ""
2005hj CMFGEN 1.7 "" "" "" "" "" "" "" "" "" "" "" "" "" "" "" "" "" "" "" "" "" "" "" "" "" "" "" "" "" ""
2005iq CMFGEN 1.7 "" "" "" "" "" "" "" "" "" "" "" "" "" "" "" "" "" "" "" "" "" "" "" "" "" "" "" "" "" ""
2005kc CMFGEN 1.7 "" "" 1198984.6736347084 26.0 15933.67505070654 26.0 1402502.7191818396 26.0 "" "" 705712.7548746037 26.0 "" "" 4085.5293958785423 26.0 "" "" "" "" "" "" "" "" "" "" "" "" "" ""
2005ke CMFGEN 1.7 130597.22631507012 26.0 601785.322364645 26.0 8190.3297698812385 26.0 538224.8542210602 26.0 "" "" 300500.2693546169 26.0 "" "" 28595.16617218559 26.0 "" "" "" "" "" "" 87979.37227093564 26.0 "" "" "" "" "" ""
2005ki CMFGEN 1.7 414415.04359027866 26.0 2120769.521454403 26.0 43431.30306003085 26.0 1846734.9558966532 26.0 "" "" 949687.1801599807 26.0 "" "" 1808.5331501891824 26.0 "" "" "" "" "" "" 3298.5729462645345 26.0 "" "" "" "" "" ""
2005na CMFGEN 1.7 "" "" "" "" "" "" "" "" "" "" "" "" "" "" "" "" "" "" "" "" "" "" "" "" "" "" "" "" "" ""
2006D CMFGEN 1.7 "" "" "" "" "" "" "" "" "" "" "" "" "" "" "" "" "" "" "" "" "" "" "" "" "" "" "" "" "" ""
