results/color_chisq/no_limit.ecsv
# %ECSV 0.9
# ---
# datatype:
# - name: obj_id
#   datatype: string
# - name: source
#   datatype: string
# - name: version
#   datatype: string
# - name: u_g
#   datatype: float64
# - name: u_g_dof
#   datatype: float64
# - name: g_r
#   datatype: float64
# - name: g_r_dof
#   datatype: float64
# - name: r_i
#   datatype: float64
# - name: r_i_dof
#   datatype: float64
# - name: B_i
#   datatype: float64
# - name: B_i_dof
#   datatype: float64
# - name: B_V
#   datatype: float64
# - name: B_V_dof
#   datatype: float64
# - name: B_V0
#   datatype: float64
# - name: B_V0_dof
#   datatype: float64
# - name: B_V1
#   datatype: float64
# - name: B_V1_dof
#   datatype: float64
# - name: Y_J
#   datatype: float64
# - name: Y_J_dof
#   datatype: float64
# - name: Y_Jdw
#   datatype: float64
# - name: Y_Jdw_dof
#   datatype: float64
# - name: Ydw_J
#   datatype: float64
# - name: Ydw_J_dof
#   datatype: float64
# - name: Ydw_Jdw
#   datatype: float64
# - name: Ydw_Jdw_dof
#   datatype: float64
# - name: J_H
#   datatype: float64
# - name: J_H_dof
#   datatype: float64
# - name: J_Hdw
#   datatype: float64
# - name: J_Hdw_dof
#   datatype: float64
# - name: Jdw_H
#   datatype: float64
# - name: Jdw_H_dof
#   datatype: float64
# - name: Jdw_Hdw
#   datatype: float64
# - name: Jdw_Hdw_dof
#   datatype: float64
# meta: !!omap
# - prange: null
# - bands:
#   - !!python/tuple
#     - csp_dr3_u
#     - csp_dr3_g
#   - !!python/tuple
#     - csp_dr3_g
#     - csp_dr3_r
#   - !!python/tuple
#     - csp_dr3_r
#     - csp_dr3_i
#   - !!python/tuple
#     - csp_dr3_B
#     - csp_dr3_i
#   - !!python/tuple
#     - csp_dr3_B
#     - csp_dr3_V
#   - !!python/tuple
#     - csp_dr3_B
#     - csp_dr3_V0
#   - !!python/tuple
#     - csp_dr3_B
#     - csp_dr3_V1
#   - !!python/tuple
#     - csp_dr3_Y
#     - csp_dr3_J
#   - !!python/tuple
#     - csp_dr3_Y
#     - csp_dr3_Jdw
#   - !!python/tuple
#     - csp_dr3_Ydw
#     - csp_dr3_J
#   - !!python/tuple
#     - csp_dr3_Ydw
#     - csp_dr3_Jdw
#   - !!python/tuple
#     - csp_dr3_J
#     - csp_dr3_H
#   - !!python/tuple
#     - csp_dr3_J
#     - csp_dr3_Hdw
#   - !!python/tuple
#     - csp_dr3_Jdw
#     - csp_dr3_H
#   - !!python/tuple
#     - csp_dr3_Jdw
#     - csp_dr3_Hdw
# schema: astropy-2.0
obj_id source version u_g u_g_dof g_r g_r_dof r_i r_i_dof B_i B_i_dof B_V B_V_dof B_V0 B_V0_dof B_V1 B_V1_dof Y_J Y_J_dof Y_Jdw Y_Jdw_dof Ydw_J Ydw_J_dof Ydw_Jdw Ydw_Jdw_dof J_H J_H_dof J_Hdw J_Hdw_dof Jdw_H Jdw_H_dof Jdw_Hdw Jdw_Hdw_dof
[from data line 205]
2006ax CMFGEN 1.7 1124712.794385756 57.0 2856387.2264151336 77.0 69253.56309692598 77.0 3608279.3773461496 77.0 2041210.5017853826 77.0 "" "" "" "" 23130.693838377483 53.0 "" "" 6582.164071442936 13.0 "" "" 33493.22277367931 53.0 "" "" "" "" "" ""
2006bh CMFGEN 1.7 891596.7942879137 60.0 2177744.597275741 61.0 52420.73218197649 61.0 2820865.45805711 61.0 1518023.867817508 61.0 "" "" "" "" 23450.623641502756 40.0 "" "" 12025.38547659705 5.0 "" "" 28989.59185093952 40.0 "" "" "" "" "" ""
2006et CMFGEN 1.7 457165.98815141927 75.0 2584254.6387715265 117.0 62310.57176944364 106.0 2874458.6767947786 106.0 1222557.3826975564 106.0 "" "" "" "" 24642.742972087144 64.0 "" "" 18301.71368512296 33.0 "" "" 20711.21086285237 64.0 "" "" "" "" "" ""
2006gj CMFGEN 1.7 71100.74700526804 11.0 479592.694913651 99.0 5750.562865273005 82.0 341339.0104226116 72.0 158593.89556413743 72.0 "" "" "" "" 2800.3902410994906 29.0 "" "" "" "" "" "" 728.9915658658863 29.0 "" "" "" "" "" ""
2006gt CMFGEN 1.7 24835.143254138493 9.0 652567.7310730121 66.0 10636.37314121046 66.0 423329.9674510698 66.0 146048.09380513997 66.0 "" "" "" "" 738.2235943452574 17.0 "" "" 919.0986818709836 6.0 "" "" 261.43218147476375 13.0 "" "" "" "" "" ""
2006hx CMFGEN 1.7 49415.27095917609 26.0 274048.94747345423 68.0 4750.329385753704 55.0 212256.1642257349 48.0 116116.3107248299 49.0 "" "" "" "" "" "" "" "" 1439.9331983863135 36.0 "" "" 2277.7633505884005 36.0 "" "" "" "" "" ""
2006kf CMFGEN 1.7 365789.2679076245 30.0 1430441.411518775 88.0 30192.833603246032 88.0 1455896.372697998 92.0 684407.5142373766 92.0 "" "" "" "" 10568.59737372535 42.0 "" "" 13689.775015829664 42.0 "" "" 6394.732087727263 42.0 "" "" "" "" "" ""
2006mr CMFGEN 1.7 67331.29657554025 54.0 268456.6908464795 91.0 20190.458806270242 102.0 179034.88183617967 102.0 122058.12256337995 102.0 "" "" "" "" 14359.462151544896 41.0 "" "" 2543.728169516344 1.0 "" "" 26104.2628508009 41.0 "" "" "" "" "" ""
2006ob CMFGEN 1.7 68337.97882125832 6.0 484434.75527294405 33.0 15584.684724511599 53.0 337377.7946691831 20.0 111286.10352236674 20.0 "" "" "" "" "" "" "" "" 0.03437118069098768 2.0 "" "" 17.51062233783467 2.0 "" "" "" "" "" ""
2007A CMFGEN 1.7 299925.244612882 16.0 873721.5857045653 26.0 29197.986164586924 26.0 1365585.4781735612 24.0 666735.6532330059 24.0 "" "" "" "" 296.92254141927623 18.0 "" "" "" "" "" "" 299.2522700453883 12.0 "" "" "" "" "" ""
2007N CMFGEN 1.7 nan 7.0 118813.36615922995 91.0 7967.351272617736 91.0 59103.11308608678 91.0 40829.739198421565 91.0 "" "" "" "" 2357.603408982658 46.0 "" "" 3481.6497842725676 42.0 "" "" 11791.540987657665 38.0 "" "" "" "" "" ""
2007S CMFGEN 1.7 nan 81.0 1156733.9141345692 114.0 20600.106038515205 92.0 758581.953638551 92.0 368627.42368648056 81.0 "" "" "" "" 31987.493596833603 60.0 "" "" 22680.31763335431 35.0 "" "" 78827.51755911416 92.0 "" "" "" "" "" ""
2007af CMFGEN 1.7 801608.800347479 91.0 1946283.859224667 91.0 31857.78364453584 91.0 2044598.1440092837 92.0 1046309.5459467098 92.0 "" "" "" "" 95622.53173703168 96.0 "" "" 22572.81636964849 87.0 "" "" 152299.0984499071 96.0 "" "" "" "" "" ""
2007ax CMFGEN 1.7 7516.9616130515005 23.0 213166.66998051945 55.0 6909.295798667119 62.0 139772.63406350126 62.0 95258.2502844081 62.0 "" "" "" "" 7258.278152148851 47.0 "" "" 318.4029450220023 1.0 "" "" 349.33239980947764 47.0 "" "" "" "" "" ""
2007ba CMFGEN 1.7 35893.58574389026 18.0 470854.24014710094 40.0 3236.0434407709654 40.0 302176.2560690975 54.0 199726.29356011812 57.0 "" "" "" "" 872.4257945247646 32.0 "" "" 124.49002250693016 1.0 "" "" 294.48567387408616 16.0 "" "" "" "" "" ""
2007bc CMFGEN 1.7 555099.5849103521 17.0 1839366.4959727244 63.0 31308.382830060717 63.0 1297935.7599508488 63.0 892543.2642772896 63.0 "" "" "" "" 2772.8324088233376 41.0 "" "" 2348.9593608777996 17.0 "" "" 1141.4517712268573 41.0 "" "" "" "" "" ""
2007bd CMFGEN 1.7 177664.9964990931 39.0 1470748.9224726143 63.0 26143.502623207118 63.0 848966.2146874834 63.0 534324.6465910281 63.0 "" "" "" "" 611.039128940665 31.0 "" "" 526.8639291632348 3.0 "" "" 1401.4084949496548 31.0 "" "" "" "" "" ""
2007ca CMFGEN 1.7 172425.34068251072 42.0 2694577.726933891 42.0 49774.2292985818 42.0 2775778.6117319893 42.0 1212400.1504626768 42.0 "" "" "" "" 9266.850558088816 43.0 "" "" 11527.219027799267 35.0 "" "" 28082.0312451027 43.0 "" "" "" "" "" ""
2007hj CMFGEN 1.7 235505.7698447347 33.0 1875550.6261578505 93.0 28598.637355983006 93.0 1789917.2887406263 93.0 877682.4305917385 81.0 "" "" "" "" 24058.082355971525 67.0 "" "" 30004.983428946092 67.0 "" "" 25072.535260144814 74.0 "" "" "" "" "" ""
2007jg CMFGEN 1.7 99544.46476431296 21.0 1280013.2733000952 42.0 43429.786695628245 42.0 1206453.0582269793 59.0 514454.7352434222 59.0 "" "" "" "" 259.92227412291334 24.0 "" "" 840.8911723928712 63.0 "" "" 139.9360783367893 1.0 "" "" "" "" "" ""
2007jh CMFGEN 1.7 "" "" 200262.53413825488 33.0 1874.0453939584127 47.0 74305.68743720558 33.0 54129.808105794014 33.0 "" "" "" "" "" "" "" "" "" "" "" "" "" "" "" "" "" "" "" ""
2007le CMFGEN 1.7 188968.6159232221 79.0 2065007.1587654916 79.0 48808.39016714911 79.0 2183814.271920903 79.0 1081168.8421509578 79.0 "" "" "" "" 66654.342650837 76.0 "" "" 48601.11022878213 44.0 "" "" 122233.78000796432 82.0 "" "" "" "" "" ""
2007nq CMFGEN 1.7 92311.4869177324 17.0 1441750.837339871 80.0 44314.36632487006 80.0 890568.7112135227 76.0 320395.0952528358 76.0 "" "" "" "" 2406.1840826025073 29.0 "" "" 4288.706354376545 8.0 "" "" 1744.18536085421 26.0 "" "" "" "" "" ""
2007on CMFGEN 1.7 665711.6646013559 96.0 1014901.5432820152 96.0 6608.136130288327 98.0 831532.0418049454 98.0 935340.714773305 98.0 "" "" "" "" 114340.64079031494 82.0 "" "" 25100.622046188742 48.0 "" "" 145894.7392688068 82.0 "" "" "" "" "" ""
2008R CMFGEN 1.7 351002.56480526575 35.0 1137080.5228904288 35.0 13266.766781947004 40.0 1285816.1290950926 35.0 755962.3140005148 35.0 "" "" "" "" 22274.196039407212 31.0 "" "" 0.34940998168268067 1.0 "" "" 8223.664451797957 30.0 "" "" "" "" "" ""
2008bc CMFGEN 1.7 nan 106.0 2892442.908205134 104.0 81153.87477219288 104.0 4955364.252140435 105.0 3015205.0473536234 103.0 "" "" "" "" 21703.46822133234 64.0 "" "" 17603.107734457564 65.0 "" "" 14533.98377375312 65.0 "" "" "" "" "" ""
2008bf CMFGEN 1.7 943150.9150028091 70.0 3573261.439693419 100.0 81346.11273112036 100.0 2990973.791932865 100.0 2002089.962185319 100.0 "" "" "" "" 201.7632134271056 16.0 "" "" 94.27175711728746 2.0 "" "" 106.41050653461137 16.0 "" "" "" "" "" ""
2008fp CMFGEN 1.7 330911.697253906 96.0 1941960.258914382 96.0 33273.67130108822 96.0 1578164.4344590707 96.0 900482.2303834422 97.0 "" "" "" "" 141448.61889155357 70.0 "" "" nan 150.0 "" "" nan 150.0 "" "" "" "" "" ""
2008gl CMFGEN 1.7 616410.0624833625 67.0 2793460.0138981766 80.0 74769.86497519404 80.0 2164212.0559948334 67.0 952715.0082757939 67.0 "" "" "" "" 1982.539488430691 34.0 "" "" "" "" "" "" 421.31026684573453 22.0 "" "" "" "" "" ""
2008gp CMFGEN 1.7 820985.6287357318 35.0 2490257.5995705305 43.0 77228.637298461 47.0 2737425.624946904 47.0 1265891.203017862 47.0 "" "" "" "" 2949.8280898119137 54.0 "" "" "" "" "" "" 1520.4742687575283 54.0 "" "" "" "" "" ""
2008hv CMFGEN 1.7 1214006.051775385 79.0 2183641.765139678 79.0 24524.598769942982 79.0 2291324.3349825465 79.0 1513698.6762138677 79.0 "" "" "" "" 6800.03910144902 29.0 "" "" 9796.386361721457 36.0 "" "" 21561.419611833946 36.0 "" "" "" "" "" ""
2008ia CMFGEN 1.7 550164.0070748699 50.0 1033125.5287671353 50.0 26725.615855264805 48.0 1353100.5396352285 48.0 758524.2820084605 50.0 "" "" "" "" 13143.140746257543 48.0 "" "" 51302.199149350374 35.0 "" "" 36872.24830436509 64.0 "" "" "" "" "" ""
2009D CMFGEN 1.7 1957870.8370921905 51.0 5332210.306020549 51.0 132117.0274409644 51.0 5143223.982576465 51.0 2242718.9522846066 51.0 "" "" "" "" "" "" "" "" 157.78907467046264 4.0 "" "" 603.0102129336001 4.0 "" "" "" "" "" ""
2009F CMFGEN 1.7 79800.52226483318 20.0 652420.7887698557 48.0 8765.819261409295 48.0 429687.16179337 48.0 245010.67189978366 48.0 "" "" "" "" "" "" "" "" 21.326514267933923 5.0 "" "" 6481.727563270501 5.0 "" "" "" "" "" ""
2009Y CMFGEN 1.7 2077343.4358484054 98.0 2302096.639482314 106.0 71667.89173445613 106.0 4123209.9276828333 108.0 2183301.3128863974 108.0 "" "" "" "" 5648.655724585388 66.0 "" "" 13183.326146825291 66.0 "" "" 16333.603040113896 66.0 "" "" "" "" "" ""
2009aa CMFGEN 1.7 1756215.7133144846 50.0 3406088.8325847955 70.0 51743.8390086968 70.0 2698639.227267668 70.0 1358000.884840662 70.0 "" "" "" "" 2745.118085939163 68.0 "" "" 3251.728343444558 85.0 "" "" 5684.3152578909285 85.0 "" "" "" "" "" ""
2009ab CMFGEN 1.7 723723.5405814768 38.0 2012114.4291759008 38.0 29283.55829236523 38.0 2473647.8790265787 38.0 1264770.5074520425 38.0 "" "" "" "" "" "" "" "" "" "" "" "" "" "" "" "" "" "" "" ""
2009ad CMFGEN 1.7 1423402.1397559477 38.0 2674433.0353681524 38.0 54699.57080042438 38.0 2472969.6243244708 38.0 1289860.484098307 38.0 "" "" "" "" "" "" "" "" "" "" "" "" "" "" "" "" "" "" "" ""
2009ag CMFGEN 1.7 556258.7479572964 50.0 1820425.6906342632 50.0 43113.53214755061 50.0 2157398.873961027 50.0 1080473.0260256224 50.0 "" "" "" "" 4895.482041515236 5.0 "" "" 9155.783673709499 25.0 "" "" 7240.612714604788 25.0 "" "" "" "" "" ""
