results/color_chisq/no_limit.ecsv
# %ECSV 0.9
# ---
# datatype:
# - name: obj_id
#   datatype: string
# - name: source
#   datatype: string
# - name: version
#   datatype: string
# - name: u_g
#   datatype: float64
# - name: u_g_dof
#   datatype: float64
# - name: g_r
#   datatype: float64
# - name: g_r_dof
#   datatype: float64
# - name: r_i
#   datatype: float64
# - name: r_i_dof
#   datatype: float64
# - name: B_i
#   datatype: float64
# - name: B_i_dof
#   datatype: float64
# - name: B_V
#   datatype: float64
# - name: B_V_dof
#   datatype: float64
# - name: B_V0
#   datatype: float64
# - name: B_V0_dof
#   datatype: float64
# - name: B_V1
#   datatype: float64
# - name: B_V1_dof
#   datatype: float64
# - name: Y_J
#   datatype: float64
# - name: Y_J_dof
#   datatype: float64
# - name: Y_Jdw
#   datatype: float64
# - name: Y_Jdw_dof
#   datatype: float64
# - name: Ydw_J
#   datatype: float64
# - name: Ydw_J_dof
#   datatype: float64
# - name: Ydw_Jdw
#   datatype: float64
# - name: Ydw_Jdw_dof
#   datatype: float64
# - name: J_H
#   datatype: float64
# - name: J_H_dof
#   datatype: float64
# - name: J_Hdw
#   datatype: float64
# - name: J_Hdw_dof
#   datatype: float64
# - name: Jdw_H
#   datatype: float64
# - name: Jdw_H_dof
#   datatype: float64
# - name: Jdw_Hdw
#   datatype: float64
# - name: Jdw_Hdw_dof
#   datatype: float64
# meta: !!omap
# - prange: null
# - bands:
#   - !!python/tuple
#     - csp_dr3_u
#     - csp_dr3_g
#   - !!python/tuple
#     - csp_dr3_g
#     - csp_dr3_r
#   - !!python/tuple
#     - csp_dr3_r
#     - csp_dr3_i
#   - !!python/tuple
#     - csp_dr3_B
#     - csp_dr3_i
#   - !!python/tuple
#     - csp_dr3_B
#     - csp_dr3_V
#   - !!python/tuple
#     - csp_dr3_B
#     - csp_dr3_V0
#   - !!python/tuple
#     - csp_dr3_B
#     - csp_dr3_V1
#   - !!python/tuple
#     - csp_dr3_Y
#     - csp_dr3_J
#   - !!python/tuple
#     - csp_dr3_Y
#     - csp_dr3_Jdw
#   - !!python/tuple
#     - csp_dr3_Ydw
#     - csp_dr3_J
#   - !!python/tuple
#     - csp_dr3_Ydw
#     - csp_dr3_Jdw
#   - !!python/tuple
#     - csp_dr3_J
#     - csp_dr3_H
#   - !!python/tuple
#     - csp_dr3_J
#     - csp_dr3_Hdw
#   - !!python/tuple
#     - csp_dr3_Jdw
#     - csp_dr3_H
#   - !!python/tuple
#     - csp_dr3_Jdw
#     - csp_dr3_Hdw
# schema: astropy-2.0
obj_id source version u_g u_g_dof g_r g_r_dof r_i r_i_dof B_i B_i_dof B_V B_V_dof B_V0 B_V0_dof B_V1 B_V1_dof Y_J Y_J_dof Y_Jdw Y_Jdw_dof Ydw_J Ydw_J_dof Ydw_Jdw Ydw_Jdw_dof J_H J_H_dof J_Hdw J_Hdw_dof Jdw_H Jdw_H_dof Jdw_Hdw Jdw_Hdw_dof
[from data line 69]
2005ag CMFGEN 1.02 "" "" 3003373.256860779 70.0 275191.57075715717 69.0 2387715.014956398 69.0 "" "" 528682.0121409859 69.0 "" "" "" "" "" "" 289.3095879592372 10.0 "" "" "" "" "" "" "" "" "" ""
2005al CMFGEN 1.02 1015728.9845292104 85.0 4652597.440537283 85.0 147096.56888519097 85.0 4716849.756677019 85.0 "" "" 1860884.7753569456 85.0 "" "" "" "" "" "" 26005.87487716419 30.0 "" "" 15909.465293952915 30.0 "" "" "" "" "" ""
2005am CMFGEN 1.02 869148.1516115821 77.0 3808709.683932812 55.0 75172.94604240092 55.0 3237042.227733235 55.0 "" "" 1496970.720585826 77.0 "" "" "" "" "" "" 7060.338498564744 2.0 "" "" 2720.0542098619026 2.0 "" "" "" "" "" ""
2005bl CMFGEN 1.02 14820.969364470493 14.0 417307.85131570615 16.0 3190.0561026983146 37.0 354632.76095678343 16.0 "" "" 133687.23288084986 16.0 "" "" "" "" "" "" "" "" "" "" "" "" "" "" "" "" "" ""
2005el CMFGEN 1.02 509785.2242694287 90.0 4086943.445754218 90.0 122346.61902053465 90.0 3909596.9360996815 92.0 "" "" 1296335.2856589581 92.0 "" "" 45040.442487776985 62.0 "" "" 36996.25943638482 30.0 "" "" 19782.158680086268 58.0 "" "" "" "" "" ""
2005eq CMFGEN 1.02 795323.3124448514 63.0 7036764.158260185 102.0 375646.97470567474 102.0 5954973.543159283 102.0 "" "" 1835032.9226462247 97.0 "" "" 11604.96509682284 64.0 "" "" 1.0874123720912723 1.0 "" "" 3437.751449492605 40.0 "" "" "" "" "" ""
2005hc CMFGEN 1.02 690203.8037574904 26.0 4880588.652772297 94.0 326859.74944295717 79.0 4469374.141992373 79.0 "" "" 1388256.1207090395 85.0 "" "" 321.62249097629837 44.0 "" "" "" "" "" "" 11.779498625886307 4.0 "" "" "" "" "" ""
2005hj CMFGEN 1.02 224446.84029735925 13.0 1762867.2958870307 91.0 171042.99126860383 91.0 1795284.8463465057 91.0 116.85843353555346 1.0 432887.66194643365 77.0 "" "" 1.6401603916248406 7.0 "" "" "" "" "" "" "" "" "" "" "" "" "" ""
2005iq CMFGEN 1.02 559876.8925225599 50.0 4080409.8908889527 74.0 162866.4713539989 69.0 3078239.1922746976 69.0 "" "" 1110968.4172336883 65.0 "" "" 1763.9574687470324 38.0 "" "" "" "" "" "" 669.572420821961 38.0 "" "" "" "" "" ""
2005kc CMFGEN 1.02 167086.110013319 31.0 3341594.025383176 35.0 94632.08541634837 35.0 3022200.486082783 43.0 "" "" 1046206.6173035323 43.0 "" "" 8438.888941137737 32.0 "" "" "" "" "" "" 5823.348617785501 28.0 "" "" "" "" "" ""
2005ke CMFGEN 1.02 219586.85253140438 98.0 2682771.650004364 131.0 17339.29632505847 131.0 1807817.3958062532 131.0 42587.625564926144 59.0 547545.5409540121 58.0 "" "" 68481.43717019801 96.0 "" "" 34573.151403438955 66.0 "" "" 73513.136014435 96.0 "" "" "" "" "" ""
2005ki CMFGEN 1.02 325782.4840228098 90.0 5219575.559646427 164.0 160307.52689846774 152.0 3680010.4665241297 152.0 75983.00267398162 101.0 1250665.989843864 54.0 "" "" 6534.373047991945 38.0 "" "" 3093.697354260547 7.0 "" "" 3874.957683795526 60.0 "" "" "" "" "" ""
2005na CMFGEN 1.02 785288.9929909641 37.0 5561733.618380258 81.0 242621.66459546325 97.0 4493325.855773136 97.0 105591.0577051861 75.0 1052486.4929243273 11.0 "" "" 2139.3178350647645 4.0 "" "" 12479.65212559935 30.0 "" "" 5675.813917121275 30.0 "" "" "" "" "" ""
2006D CMFGEN 1.02 428360.81501517707 89.0 5385565.683704732 140.0 184909.69833983455 140.0 5386047.713314619 140.0 1333578.7580626556 132.0 "" "" "" "" 49656.125276279214 43.0 "" "" 71604.15057421055 73.0 "" "" 41047.6563051306 73.0 "" "" "" "" "" ""
2006ax CMFGEN 1.02 779982.1338634462 57.0 5952795.888996465 77.0 223425.3442973496 77.0 6118361.716248711 77.0 2414546.139881574 77.0 "" "" "" "" 30485.943834145266 53.0 "" "" 9562.253407812408 13.0 "" "" 24341.095624772446 53.0 "" "" "" "" "" ""
2006bh CMFGEN 1.02 607839.4580505532 60.0 4975063.001864732 61.0 180856.32009147704 61.0 4917742.252742833 61.0 1821073.7553846352 61.0 "" "" "" "" 30449.211554307985 40.0 "" "" 17341.85199087329 5.0 "" "" 22202.674520965636 40.0 "" "" "" "" "" ""
2006et CMFGEN 1.02 319299.9177758254 75.0 5302107.388949624 117.0 231619.49491700786 106.0 5045519.0217882795 106.0 1457240.7238214693 106.0 "" "" "" "" 31099.019225074935 64.0 "" "" 22943.14621871234 33.0 "" "" 14186.86201381175 64.0 "" "" "" "" "" ""
2006gj CMFGEN 1.02 51914.77355353935 11.0 944848.8617458614 99.0 34753.161435853865 82.0 632075.9233652325 72.0 190317.98507242714 72.0 "" "" "" "" 3797.099683689665 29.0 "" "" "" "" "" "" 398.4931193012314 29.0 "" "" "" "" "" ""
2006gt CMFGEN 1.02 22262.28254262124 9.0 941117.2878827825 66.0 48567.73715515189 66.0 729628.8010740458 66.0 167262.33409933868 66.0 "" "" "" "" 1110.617185089155 17.0 "" "" 1220.0956602210972 6.0 "" "" 131.67231104051902 13.0 "" "" "" "" "" ""
2006hx CMFGEN 1.02 45395.98942025492 26.0 404660.0182470993 68.0 19221.2134096522 55.0 361873.01562137646 48.0 132422.7794756802 49.0 "" "" "" "" "" "" "" "" 1837.1945914694668 36.0 "" "" 1522.5937956153969 36.0 "" "" "" "" "" ""
2006kf CMFGEN 1.02 260138.47886978072 30.0 2993813.591735825 88.0 120436.49712405527 88.0 2521487.052704587 92.0 814333.165172949 92.0 "" "" "" "" 14678.184111639923 42.0 "" "" 19175.91882513345 42.0 "" "" 4395.994340954027 42.0 "" "" "" "" "" ""
2006mr CMFGEN 1.02 42773.44273391084 54.0 755905.4204176351 91.0 4011.350733114731 102.0 429560.28431231366 102.0 156946.82029919163 102.0 "" "" "" "" 22786.93300982781 41.0 "" "" 3351.078595437745 1.0 "" "" 17039.41606739803 41.0 "" "" "" "" "" ""
2006ob CMFGEN 1.02 71016.5601735226 6.0 616116.5513122973 33.0 49491.438943243185 53.0 527838.5477254627 20.0 116040.36972102949 20.0 "" "" "" "" "" "" "" "" 3.248228104478015 2.0 "" "" 2.1693054444811635 2.0 "" "" "" "" "" ""
2007A CMFGEN 1.02 211954.84585294581 16.0 1892254.835096215 26.0 111853.58874172198 26.0 2384113.7084872555 24.0 798290.10277501 24.0 "" "" "" "" 258.47451888811213 18.0 "" "" "" "" "" "" 121.09438599462734 12.0 "" "" "" "" "" ""
2007N CMFGEN 1.02 nan 7.0 402143.28063439095 91.0 5054.51476264697 91.0 165585.7446869463 91.0 55365.891261771554 91.0 "" "" "" "" 5463.426543507255 46.0 "" "" 7948.34639844848 42.0 "" "" 6958.042939627263 38.0 "" "" "" "" "" ""
2007S CMFGEN 1.02 nan 81.0 2919599.859337551 114.0 100012.99821547225 92.0 1486863.3454117596 92.0 456987.76728391956 81.0 "" "" "" "" 41320.3948299054 60.0 "" "" 31586.719781083488 35.0 "" "" 60240.44670029571 92.0 "" "" "" "" "" ""
2007af CMFGEN 1.02 545775.5613777566 91.0 4664805.9064529 91.0 125619.36411457724 91.0 3765549.1952929767 92.0 1273578.3678739856 92.0 "" "" "" "" 126350.3056443706 96.0 "" "" 32248.76173024395 87.0 "" "" 116646.94306959347 96.0 "" "" "" "" "" ""
2007ax CMFGEN 1.02 4268.447460300376 23.0 630451.5321449203 55.0 4139.15349242367 62.0 330321.5311741154 62.0 123282.81274417798 62.0 "" "" "" "" 5022.128772418466 47.0 "" "" 252.78022293408048 1.0 "" "" 671.6972477972741 47.0 "" "" "" "" "" ""
2007ba CMFGEN 1.02 29607.787182362554 18.0 773429.545111417 40.0 21780.345300768084 40.0 562063.0551910816 54.0 235847.71936681352 57.0 "" "" "" "" 1303.7061228344928 32.0 "" "" 158.9703534430168 1.0 "" "" 98.38699339135795 16.0 "" "" "" "" "" ""
2007bc CMFGEN 1.02 394355.9939156549 17.0 3779664.283721876 63.0 109939.02741215147 63.0 2202597.5770534724 63.0 1050475.1983781043 63.0 "" "" "" "" 3971.1938897946125 41.0 "" "" 2980.456234699215 17.0 "" "" 760.684525523158 41.0 "" "" "" "" "" ""
2007bd CMFGEN 1.02 137003.07118971596 39.0 2538660.75820182 63.0 78771.03676203177 63.0 1417963.0025178888 63.0 623585.84221948 63.0 "" "" "" "" 942.2452999798353 31.0 "" "" 692.1087495994745 3.0 "" "" 987.2136033730317 31.0 "" "" "" "" "" ""
2007ca CMFGEN 1.02 112821.64559791815 42.0 6244616.058315239 42.0 218801.79184025296 42.0 5045483.839253733 42.0 1469497.8550097577 42.0 "" "" "" "" 11141.688027516113 43.0 "" "" 15629.577759976608 35.0 "" "" 21007.0082028404 43.0 "" "" "" "" "" ""
2007hj CMFGEN 1.02 152219.04214240622 33.0 4627227.816960267 93.0 161608.52635937397 93.0 3389544.7990397164 93.0 1075139.3914283765 81.0 "" "" "" "" 33459.258227078135 67.0 "" "" 41323.71843132623 67.0 "" "" 18373.922694454275 74.0 "" "" "" "" "" ""
2007jg CMFGEN 1.02 80470.46532266395 21.0 2027042.2868316863 42.0 121704.38246841854 42.0 2001234.098253031 59.0 601002.5481661998 59.0 "" "" "" "" 362.10611503644736 24.0 "" "" 1322.7742388907434 63.0 "" "" 51.287940643797 1.0 "" "" "" "" "" ""
2007jh CMFGEN 1.02 "" "" 322372.10482548573 33.0 12042.132768457188 47.0 135883.2341371431 33.0 62962.634230851116 33.0 "" "" "" "" "" "" "" "" "" "" "" "" "" "" "" "" "" "" "" ""
2007le CMFGEN 1.02 122133.02435240205 79.0 5269077.72636236 79.0 184673.16744515474 79.0 4138397.7753197965 79.0 1344004.6717077114 79.0 "" "" "" "" 84373.33928847554 76.0 "" "" 62047.47373232189 44.0 "" "" 91981.77299814404 82.0 "" "" "" "" "" ""
2007nq CMFGEN 1.02 83241.11285510343 17.0 2078382.7452259506 80.0 136261.27656883997 80.0 1482522.9553968168 76.0 365522.0916611912 76.0 "" "" "" "" 3212.7302474679464 29.0 "" "" 5441.5450313973015 8.0 "" "" 1070.2848745508054 26.0 "" "" "" "" "" ""
2007on CMFGEN 1.02 455665.13149492117 96.0 2432920.475913709 96.0 21783.152145282296 98.0 1572355.5454823417 98.0 1138785.1400586474 98.0 "" "" "" "" 151272.51519622072 82.0 "" "" 35511.6757665904 48.0 "" "" 110329.0294466003 82.0 "" "" "" "" "" ""
2008R CMFGEN 1.02 235752.0828093749 35.0 2665435.274751546 35.0 58581.14705768103 40.0 2343908.8340622084 35.0 909876.99896047 35.0 "" "" "" "" 29968.70104773278 31.0 "" "" 24.503154467630456 1.0 "" "" 5736.302389379779 30.0 "" "" "" "" "" ""
2008bc CMFGEN 1.02 nan 106.0 6216763.668761753 104.0 251983.55393809837 104.0 8324490.827269403 105.0 3600044.446538118 103.0 "" "" "" "" 27867.695378901306 64.0 "" "" 22164.88452246286 65.0 "" "" 10154.107493135147 65.0 "" "" "" "" "" ""
2008bf CMFGEN 1.02 677591.849274304 70.0 6827669.2248466285 100.0 234575.26941950503 100.0 4979332.220737613 100.0 2361168.8511246466 100.0 "" "" "" "" 154.52491285996092 16.0 "" "" 21.094683933715018 2.0 "" "" 53.500146461999684 16.0 "" "" "" "" "" ""
2008fp CMFGEN 1.02 210657.7949643916 96.0 5276621.824251715 96.0 76423.9319338879 96.0 3382977.0228380067 96.0 1157559.1422830063 97.0 "" "" "" "" 178634.69778190588 70.0 "" "" nan 150.0 "" "" nan 150.0 "" "" "" "" "" ""
2008gl CMFGEN 1.02 488940.47539838875 67.0 4625303.956975116 80.0 231405.11349734844 80.0 3607807.9371882565 67.0 1107178.6169535178 67.0 "" "" "" "" 2120.391417428446 34.0 "" "" "" "" "" "" 241.34933627039493 22.0 "" "" "" "" "" ""
2008gp CMFGEN 1.02 656584.6026100665 35.0 4140919.879344638 43.0 237552.37167482873 47.0 4509557.479843395 47.0 1476407.0337762104 47.0 "" "" "" "" 3741.777760091858 54.0 "" "" "" "" "" "" 995.4710594240033 54.0 "" "" "" "" "" ""
2008hv CMFGEN 1.02 838541.295773543 79.0 4837946.416967497 79.0 108429.48261388724 79.0 4059619.6674771714 79.0 1810123.5702740496 79.0 "" "" "" "" 10245.10093469166 29.0 "" "" 13726.094219956547 36.0 "" "" 15943.569253138829 36.0 "" "" "" "" "" ""
2008ia CMFGEN 1.02 388252.7776361944 50.0 2137722.0300339423 50.0 92677.97936040314 48.0 2296209.315007349 48.0 901901.5417387185 50.0 "" "" "" "" 16838.245518871976 48.0 "" "" 65845.40516879993 35.0 "" "" 26759.855463500062 64.0 "" "" "" "" "" ""
2009D CMFGEN 1.02 1417487.9453613288 51.0 10026661.598083273 51.0 429015.92185343197 51.0 8588983.801148554 51.0 2632667.217078477 51.0 "" "" "" "" "" "" "" "" 39.633349460047846 4.0 "" "" 48.63006200291028 4.0 "" "" "" "" "" ""
2009F CMFGEN 1.02 51850.928479578586 20.0 1592597.8958846477 48.0 9636.439253764524 48.0 899308.0460358822 48.0 304566.1011807757 48.0 "" "" "" "" "" "" "" "" 473.8042417044831 5.0 "" "" 3287.3325637722432 5.0 "" "" "" "" "" ""
2009Y CMFGEN 1.02 1412105.682228188 98.0 5570616.864725123 106.0 244903.69883646496 106.0 7315752.211868183 108.0 2653509.0247399076 108.0 "" "" "" "" 6992.222606110289 66.0 "" "" 16783.93955500978 66.0 "" "" 12794.9355141946 66.0 "" "" "" "" "" ""
2009aa CMFGEN 1.02 1331981.0927998207 50.0 6165013.583040866 70.0 197545.51409909615 70.0 4564948.6776514705 70.0 1583863.6458522363 70.0 "" "" "" "" 3608.3946013321033 68.0 "" "" 4579.477805912359 85.0 "" "" 3072.322227540391 85.0 "" "" "" "" "" ""
2009ab CMFGEN 1.02 509220.4092942671 38.0 4530987.485231285 38.0 134230.24296472297 38.0 4308410.998127656 38.0 1509277.5198810203 38.0 "" "" "" "" "" "" "" "" "" "" "" "" "" "" "" "" "" "" "" ""
2009ad CMFGEN 1.02 1101127.462596295 38.0 4780480.026939564 38.0 189976.63706101474 38.0 4139138.986699078 38.0 1509472.09865007 38.0 "" "" "" "" "" "" "" "" "" "" "" "" "" "" "" "" "" "" "" ""
2009ag CMFGEN 1.02 355076.8636307635 50.0 4718884.685377996 50.0 136990.68085137024 50.0 4062368.3029698255 50.0 1340405.271433899 50.0 "" "" "" "" 6094.262446056324 5.0 "" "" 11342.20034914121 25.0 "" "" 5951.988303767475 25.0 "" "" "" "" "" ""
2004ef CMFGEN 1.4 962289.9959434032 56.0 9942050.368093422 75.0 918112.8005924129 75.0 9540479.52087899 67.0 "" "" 2418679.223250273 67.0 "" "" "" "" "" "" 3875.9252465875297 13.0 "" "" 1602.1767933072663 13.0 "" "" "" "" "" ""
2004eo CMFGEN 1.4 1637900.2402592434 57.0 12981474.102413049 77.0 1203125.8290568383 77.0 16834304.473578118 77.0 "" "" 2005886.3959537593 77.0 "" "" "" "" "" "" 57650.78945733415 38.0 "" "" 6200.217070794454 38.0 "" "" "" "" "" ""
2004ey CMFGEN 1.4 2382423.6187450537 59.0 12246419.590681145 59.0 958352.4308308569 59.0 13676792.799668726 59.0 "" "" 3497112.747899407 59.0 "" "" "" "" "" "" 37738.31555609133 38.0 "" "" 3352.770042166317 42.0 "" "" "" "" "" ""
2004gs CMFGEN 1.4 202940.57269700937 37.0 3187591.828522547 110.0 280009.45555845887 110.0 2805779.653585089 95.0 "" "" 601441.9588045785 95.0 "" "" "" "" "" "" 21683.169855477034 43.0 "" "" 2531.541363503974 23.0 "" "" "" "" "" ""
2004gu CMFGEN 1.4 177729.8414755181 33.0 3435693.744999093 54.0 563654.5266360176 54.0 2464588.98477174 50.0 "" "" 381714.90735769586 50.0 "" "" "" "" "" "" 1277.7543100460737 25.0 "" "" 136.61761916704532 14.0 "" "" "" "" "" ""
2005A CMFGEN 1.4 "" "" 800876.2935136345 57.0 178628.77350273292 57.0 572996.2578055328 32.0 "" "" 64785.42355971248 32.0 "" "" "" "" "" "" 14577.589197502675 38.0 "" "" 9202.310977187693 38.0 "" "" "" "" "" ""
2005M CMFGEN 1.4 2015225.0493786675 51.0 11048736.13670687 84.0 914863.8508755792 84.0 12258211.503344666 84.0 "" "" 2956173.304852694 84.0 "" "" "" "" "" "" 15277.658477632378 64.0 "" "" 6400.764587556049 64.0 "" "" "" "" "" ""
2005W CMFGEN 1.4 482084.68597396486 22.0 4928531.580606652 26.0 395707.3402007928 26.0 6731523.867940206 26.0 "" "" 1638158.8786539526 26.0 "" "" "" "" "" "" "" "" "" "" "" "" "" "" "" "" "" ""
2005ag CMFGEN 1.4 "" "" 2674086.1547104665 70.0 422278.9381945233 69.0 2618039.3032226237 69.0 "" "" 428258.9049730985 69.0 "" "" "" "" "" "" 355.9845426784786 10.0 "" "" "" "" "" "" "" "" "" ""
2005al CMFGEN 1.4 974126.825872909 85.0 4684241.019243908 85.0 372561.4317207282 85.0 5669696.992589178 85.0 "" "" 1458775.4193958824 85.0 "" "" "" "" "" "" 28956.899910180597 30.0 "" "" 9589.689181284362 30.0 "" "" "" "" "" ""
2005am CMFGEN 1.4 836275.0601992665 77.0 3865220.8922022465 55.0 247072.46734897056 55.0 3988633.8380098557 55.0 "" "" 1161316.3468631364 77.0 "" "" "" "" "" "" 7875.468401566998 2.0 "" "" 1595.0777571517967 2.0 "" "" "" "" "" ""
2005bl CMFGEN 1.4 13923.08628590603 14.0 414230.00562707265 16.0 19619.332170272668 37.0 433667.8788110467 16.0 "" "" 96385.23518815008 16.0 "" "" "" "" "" "" "" "" "" "" "" "" "" "" "" "" "" ""
2005el CMFGEN 1.4 489035.7405511837 90.0 4112068.9541403614 90.0 314891.1649218391 90.0 4663167.929198487 92.0 "" "" 1014729.0761191143 92.0 "" "" 50897.11554426854 62.0 "" "" 40722.940233491885 30.0 "" "" 12746.022498462791 58.0 "" "" "" "" "" ""
2005eq CMFGEN 1.4 754283.8712637813 63.0 6952047.937599483 102.0 703215.0381041225 102.0 6845384.761586988 102.0 "" "" 1417283.203761619 97.0 "" "" 12840.722772341735 64.0 "" "" 1.6333113347574675 1.0 "" "" 2017.516350780495 40.0 "" "" "" "" "" ""
