results/color_chisq/no_limit.ecsv
# %ECSV 0.9
# ---
# datatype:
# - name: obj_id
#   datatype: string
# - name: source
#   datatype: string
# - name: version
#   datatype: string
# - name: u_g
#   datatype: float64
# - name: u_g_dof
#   datatype: float64
# - name: g_r
#   datatype: float64
# - name: g_r_dof
#   datatype: float64
# - name: r_i
#   datatype: float64
# - name: r_i_dof
#   datatype: float64
# - name: B_i
#   datatype: float64
# - name: B_i_dof
#   datatype: float64
# - name: B_V
#   datatype: float64
# - name: B_V_dof
#   datatype: float64
# - name: B_V0
#   datatype: float64
# - name: B_V0_dof
#   datatype: float64
# - name: B_V1
#   datatype: float64
# - name: B_V1_dof
#   datatype: float64
# - name: Y_J
#   datatype: float64
# - name: Y_J_dof
#   datatype: float64
# - name: Y_Jdw
#   datatype: float64
# - name: Y_Jdw_dof
#   datatype: float64
# - name: Ydw_J
#   datatype: float64
# - name: Ydw_J_dof
#   datatype: float64
# - name: Ydw_Jdw
#   datatype: float64
# - name: Ydw_Jdw_dof
#   datatype: float64
# - name: J_H
#   datatype: float64
# - name: J_H_dof
#   datatype: float64
# - name: J_Hdw
#   datatype: float64
# - name: J_Hdw_dof
#   datatype: float64
# - name: Jdw_H
#   datatype: float64
# - name: Jdw_H_dof
#   datatype: float64
# - name: Jdw_Hdw
#   datatype: float64
# - name: Jdw_Hdw_dof
#   datatype: float64
# meta: !!omap
# - prange: null
# - bands:
#   - !!python/tuple
#     - csp_dr3_u
#     - csp_dr3_g
#   - !!python/tuple
#     - csp_dr3_g
#     - csp_dr3_r
#   - !!python/tuple
#     - csp_dr3_r
#     - csp_dr3_i
#   - !!python/tuple
#     - csp_dr3_B
#     - csp_dr3_i
#   - !!python/tuple
#     - csp_dr3_B
#     - csp_dr3_V
#   - !!python/tuple
#     - csp_dr3_B
#     - csp_dr3_V0
#   - !!python/tuple
#     - csp_dr3_B
#     - csp_dr3_V1
#   - !!python/tuple
#     - csp_dr3_Y
#     - csp_dr3_J
#   - !!python/tuple
#     - csp_dr3_Y
#     - csp_dr3_Jdw
#   - !!python/tuple
#     - csp_dr3_Ydw
#     - csp_dr3_J
#   - !!python/tuple
#     - csp_dr3_Ydw
#     - csp_dr3_Jdw
#   - !!python/tuple
#     - csp_dr3_J
#     - csp_dr3_H
#   - !!python/tuple
#     - csp_dr3_J
#     - csp_dr3_Hdw
#   - !!python/tuple
#     - csp_dr3_Jdw
#     - csp_dr3_H
#   - !!python/tuple
#     - csp_dr3_Jdw
#     - csp_dr3_Hdw
# schema: astropy-2.0
obj_id source version u_g u_g_dof g_r g_r_dof r_i r_i_dof B_i B_i_dof B_V B_V_dof B_V0 B_V0_dof B_V1 B_V1_dof Y_J Y_J_dof Y_Jdw Y_Jdw_dof Ydw_J Ydw_J_dof Ydw_Jdw Ydw_Jdw_dof J_H J_H_dof J_Hdw J_Hdw_dof Jdw_H Jdw_H_dof Jdw_Hdw Jdw_Hdw_dof
[from data line 137]
2005hj CMFGEN 1.4 216664.95936031998 13.0 1635692.4624993682 91.0 277632.1335759415 91.0 1998625.3647753233 91.0 86.04814835495218 1.0 336737.15067109704 77.0 "" "" 10.728300885870782 7.0 "" "" "" "" "" "" "" "" "" "" "" "" "" ""
2005iq CMFGEN 1.4 532807.4482100152 50.0 3992593.6408970268 74.0 304801.27625132434 69.0 3503168.0394402184 69.0 "" "" 868072.5255099353 65.0 "" "" 2093.994534940064 38.0 "" "" "" "" "" "" 400.1606511780824 38.0 "" "" "" "" "" ""
2005kc CMFGEN 1.4 160114.90219628141 31.0 3362371.357484334 35.0 256129.68608468556 35.0 3620739.1428779177 43.0 "" "" 823461.7083787792 43.0 "" "" 10782.969488222045 32.0 "" "" "" "" "" "" 3161.227802702041 28.0 "" "" "" "" "" ""
2005ke CMFGEN 1.4 209834.41425271198 98.0 2742314.9274509065 131.0 120612.59868280013 131.0 2330700.077590243 131.0 31875.492346538707 59.0 408204.18880822626 58.0 "" "" 82057.35906073317 96.0 "" "" 37680.46818670062 66.0 "" "" 39090.5660456921 96.0 "" "" "" "" "" ""
2005ki CMFGEN 1.4 310992.67154861003 90.0 5217294.0990164 164.0 359345.0415321315 152.0 4314124.311999222 152.0 56255.138808992146 101.0 988685.7200862303 54.0 "" "" 7867.333360882831 38.0 "" "" 3331.5975969858864 7.0 "" "" 2353.7195601129893 60.0 "" "" "" "" "" ""
2005na CMFGEN 1.4 748735.9107141746 37.0 5516568.027008054 81.0 499616.1639051325 97.0 5191660.263838383 97.0 72342.92727392915 75.0 837652.7753797779 11.0 "" "" 2362.8092378763013 4.0 "" "" 13826.72031957781 30.0 "" "" 3460.138286370247 30.0 "" "" "" "" "" ""
2006D CMFGEN 1.4 411573.45943071647 89.0 5450647.911042473 140.0 472856.47999308706 140.0 6525336.317869121 140.0 1014610.3188280736 132.0 "" "" "" "" 54856.12463593374 43.0 "" "" 79433.7292890408 73.0 "" "" 29469.09892353813 73.0 "" "" "" "" "" ""
2006ax CMFGEN 1.4 746057.2792180615 57.0 5966784.558465567 77.0 485827.1010196647 77.0 7169755.127566509 77.0 1913221.036779684 77.0 "" "" "" "" 34855.6598249294 53.0 "" "" 11123.600900801497 13.0 "" "" 15879.729981735218 53.0 "" "" "" "" "" ""
2006bh CMFGEN 1.4 584553.7029295773 60.0 5013842.605535479 61.0 436802.19199971604 61.0 5858060.3297041645 61.0 1433910.3411579237 61.0 "" "" "" "" 33951.34748172737 40.0 "" "" 19788.05698807119 5.0 "" "" 14973.186621142391 40.0 "" "" "" "" "" ""
2006et CMFGEN 1.4 302580.72466419224 75.0 5274476.394346681 117.0 507267.78524545964 106.0 5908880.228106695 106.0 1123251.1304487598 106.0 "" "" "" "" 34799.57256818069 64.0 "" "" 25027.98367265897 33.0 "" "" 8261.015268397676 64.0 "" "" "" "" "" ""
2006gj CMFGEN 1.4 48989.52060394056 11.0 933694.6496155678 99.0 85941.63284127254 82.0 743558.0495734074 72.0 143966.86147697328 72.0 "" "" "" "" 4361.147617112636 29.0 "" "" "" "" "" "" 117.67551518306277 29.0 "" "" "" "" "" ""
2006gt CMFGEN 1.4 21104.930931185816 9.0 898713.7126118799 66.0 100403.89376472702 66.0 832914.7251621619 66.0 126565.05208521911 66.0 "" "" "" "" 1409.2971540011304 17.0 "" "" 1401.837213634703 6.0 "" "" 36.02888921060709 13.0 "" "" "" "" "" ""
2006hx CMFGEN 1.4 43480.947522824186 26.0 383731.57012128364 68.0 39581.042079075414 55.0 412080.5543991515 48.0 100279.36448388912 49.0 "" "" "" "" "" "" "" "" 2099.625004527837 36.0 "" "" 781.9577732061229 36.0 "" "" "" "" "" ""
2006kf CMFGEN 1.4 247913.36150860018 30.0 3006934.9653363707 88.0 277951.466608515 88.0 2955291.1195603344 92.0 642888.5943718732 92.0 "" "" "" "" 17112.676970713906 42.0 "" "" 22010.153232652778 42.0 "" "" 2655.2676529563396 42.0 "" "" "" "" "" ""
2006mr CMFGEN 1.4 40944.86373335032 54.0 770423.1305293917 91.0 20761.84805554295 102.0 558938.441798855 102.0 114839.2193773219 102.0 "" "" "" "" 27534.81453716413 41.0 "" "" 3715.4803175934676 1.0 "" "" 8172.580710929963 41.0 "" "" "" "" "" ""
2006ob CMFGEN 1.4 68857.01340685866 6.0 567426.161963237 33.0 87766.02269503461 53.0 588444.5019898857 20.0 91726.81352502367 20.0 "" "" "" "" "" "" "" "" 10.323882770721633 2.0 "" "" 4.3499271239898825 2.0 "" "" "" "" "" ""
2007A CMFGEN 1.4 202893.07093305956 16.0 1896387.657696629 26.0 249132.52410138055 26.0 2808968.64761158 24.0 621669.9234190094 24.0 "" "" "" "" 543.2095301501995 18.0 "" "" "" "" "" "" 50.43222974295634 12.0 "" "" "" "" "" ""
2007N CMFGEN 1.4 nan 7.0 405363.54722386337 91.0 28835.70477268589 91.0 218698.27363601746 91.0 36735.41506853826 91.0 "" "" "" "" 7669.687869842263 46.0 "" "" 10513.517408282485 42.0 "" "" 2496.986808048463 38.0 "" "" "" "" "" ""
2007S CMFGEN 1.4 nan 81.0 2933551.121944163 114.0 269702.07602813706 92.0 1813416.6188158575 92.0 341469.41661318997 81.0 "" "" "" "" 46817.22435177936 60.0 "" "" 36088.56394590639 35.0 "" "" 40918.81380388599 92.0 "" "" "" "" "" ""
2007af CMFGEN 1.4 526232.4577510107 91.0 4749517.522209007 91.0 364366.1853552601 91.0 4595337.758405794 92.0 999688.0222543956 92.0 "" "" "" "" 142808.9593405669 96.0 "" "" 37548.81534680212 87.0 "" "" 80234.54568148477 96.0 "" "" "" "" "" ""
2007ax CMFGEN 1.4 4034.6131869279543 23.0 642026.3215559138 55.0 34212.81795341221 62.0 427632.1007485109 62.0 89334.6726088386 62.0 "" "" "" "" 4207.660282928468 47.0 "" "" 228.05592511832745 1.0 "" "" 1385.5972999579087 47.0 "" "" "" "" "" ""
2007ba CMFGEN 1.4 27983.0772888358 18.0 746523.8890953276 40.0 52005.58284725041 40.0 654794.3267056724 54.0 175446.5754496658 57.0 "" "" "" "" 1683.674491367699 32.0 "" "" 177.01691657147285 1.0 "" "" 8.288153830298775 16.0 "" "" "" "" "" ""
2007bc CMFGEN 1.4 376073.09671711596 17.0 3768328.0525398534 63.0 240999.1724020579 63.0 2564993.0857627 63.0 829760.2866481238 63.0 "" "" "" "" 4666.64435405512 41.0 "" "" 3263.1525530990166 17.0 "" "" 431.91173305820087 41.0 "" "" "" "" "" ""
2007bd CMFGEN 1.4 129993.70233207781 39.0 2496966.05250365 63.0 153358.93779745747 63.0 1626035.6556955706 63.0 487243.17049550376 63.0 "" "" "" "" 1209.0514817082988 31.0 "" "" 771.5254223182205 3.0 "" "" 577.9057804641631 31.0 "" "" "" "" "" ""
2007ca CMFGEN 1.4 107619.69055861219 42.0 6275958.6712699 42.0 533278.5719148453 42.0 6039963.8134493325 42.0 1135786.3227253812 42.0 "" "" "" "" 12630.421048107753 43.0 "" "" 17731.68231944559 35.0 "" "" 13980.795691186557 43.0 "" "" "" "" "" ""
2007hj CMFGEN 1.4 144984.25584267595 33.0 4654857.568844284 93.0 463630.410247865 93.0 4102937.962951197 93.0 820343.7359903787 81.0 "" "" "" "" 38221.65851985275 67.0 "" "" 46465.47437421522 67.0 "" "" 11093.66762261633 74.0 "" "" "" "" "" ""
2007jg CMFGEN 1.4 75949.75684460127 21.0 1976123.719691247 42.0 223142.7093278265 42.0 2278062.262951342 59.0 463521.8584069074 59.0 "" "" "" "" 426.1617668608199 24.0 "" "" 1681.944871082139 63.0 "" "" 0.48008137300391107 1.0 "" "" "" "" "" ""
2007jh CMFGEN 1.4 "" "" 308678.63900807523 33.0 27736.203331888726 47.0 157462.8744569021 33.0 47158.37319312933 33.0 "" "" "" "" "" "" "" "" "" "" "" "" "" "" "" "" "" "" "" ""
2007le CMFGEN 1.4 117121.58233302263 79.0 5354226.109756109 79.0 500959.944129488 79.0 5078161.635391377 79.0 1023734.728397136 79.0 "" "" "" "" 94794.84728172512 76.0 "" "" 68050.81790000884 44.0 "" "" 62592.14367569815 82.0 "" "" "" "" "" ""
2007nq CMFGEN 1.4 79089.79829954176 17.0 1983438.896203897 80.0 251659.90780295845 80.0 1680390.1853322433 76.0 278344.74192395026 76.0 "" "" "" "" 3815.0396912530205 29.0 "" "" 6129.510774464621 8.0 "" "" 413.8846074943622 26.0 "" "" "" "" "" ""
2007on CMFGEN 1.4 439564.81128443446 96.0 2469381.2579551563 96.0 79260.41304764112 98.0 1926737.3863836795 98.0 889783.8848196389 98.0 "" "" "" "" 170062.42848825114 82.0 "" "" 40519.957679854495 48.0 "" "" 71866.39270421352 82.0 "" "" "" "" "" ""
2008R CMFGEN 1.4 225555.7591531888 35.0 2682478.2374135987 35.0 181724.60927414036 40.0 2813665.6105102366 35.0 710380.1414169853 35.0 "" "" "" "" 33807.88388744579 31.0 "" "" 51.901005361174626 1.0 "" "" 3219.41703636558 30.0 "" "" "" "" "" ""
2008bc CMFGEN 1.4 nan 106.0 6276903.301429385 104.0 528702.5603505112 104.0 9783103.347689794 105.0 2869633.4283547075 103.0 "" "" "" "" 31095.612409639536 64.0 "" "" 24573.707452632727 65.0 "" "" 6025.576826710993 65.0 "" "" "" "" "" ""
2008bf CMFGEN 1.4 644262.8006630506 70.0 6791040.967908404 100.0 459737.9914556797 100.0 5753006.718952245 100.0 1848568.3757547596 100.0 "" "" "" "" 418.9375843747922 16.0 "" "" 105.19531370450402 2.0 "" "" 235.1422816808044 16.0 "" "" "" "" "" ""
2008fp CMFGEN 1.4 201772.4072501991 96.0 5410977.64566257 96.0 310381.79242996057 96.0 4313392.908750037 96.0 859705.5332007564 97.0 "" "" "" "" 200252.77674494896 70.0 "" "" nan 150.0 "" "" nan 150.0 "" "" "" "" "" ""
2008gl CMFGEN 1.4 463418.03286526445 67.0 4521886.864978688 80.0 445205.2970369619 80.0 4123174.2980733756 67.0 862224.1402974181 67.0 "" "" "" "" 2285.5001703810417 34.0 "" "" "" "" "" "" 172.13607901012597 22.0 "" "" "" "" "" ""
2008gp CMFGEN 1.4 624580.3196176051 35.0 4070131.318221023 43.0 461060.39439224644 47.0 5142980.100289978 47.0 1157367.5585149415 47.0 "" "" "" "" 4391.296983602503 54.0 "" "" "" "" "" "" 722.3878011342437 54.0 "" "" "" "" "" ""
2008hv CMFGEN 1.4 806126.403716852 79.0 4865711.148767691 79.0 280922.0915575841 79.0 4842699.227959518 79.0 1425460.9683365165 79.0 "" "" "" "" 12658.204338325211 29.0 "" "" 15657.805325926904 36.0 "" "" 10598.284997587272 36.0 "" "" "" "" "" ""
2008ia CMFGEN 1.4 369339.74445763737 50.0 2143598.852640995 50.0 198965.19667136337 48.0 2674720.0824316577 48.0 711738.0809017229 50.0 "" "" "" "" 18901.75483775651 48.0 "" "" 72397.04547996112 35.0 "" "" 15872.420192816382 64.0 "" "" "" "" "" ""
2009D CMFGEN 1.4 1345518.9389664389 51.0 9961798.48827793 51.0 875133.5016545436 51.0 9912471.490921017 51.0 2071515.8282967643 51.0 "" "" "" "" "" "" "" "" 188.94414092650112 4.0 "" "" 293.62164683596166 4.0 "" "" "" "" "" ""
2009F CMFGEN 1.4 49470.44633984736 20.0 1605312.8382439034 48.0 70898.52300144263 48.0 1117463.1607880038 48.0 228881.34541355952 48.0 "" "" "" "" "" "" "" "" 1049.0297109458843 5.0 "" "" 703.2812168999588 5.0 "" "" "" "" "" ""
2009Y CMFGEN 1.4 1359813.785922113 98.0 5639945.623659689 106.0 566196.909630903 106.0 8789305.824655784 108.0 2074877.7457531374 108.0 "" "" "" "" 7841.736196558311 66.0 "" "" 18568.20911943944 66.0 "" "" 9411.178457937585 66.0 "" "" "" "" "" ""
2009aa CMFGEN 1.4 1269340.1952670703 50.0 6099613.974789348 70.0 429309.28067080403 70.0 5269710.325396229 70.0 1250435.8651583095 70.0 "" "" "" "" 4243.947809074176 68.0 "" "" 5554.791838176564 85.0 "" "" 1801.5506798215517 85.0 "" "" "" "" "" ""
2009ab CMFGEN 1.4 491723.9919762601 38.0 4587174.021661939 38.0 353829.7804198134 38.0 5143081.607824838 38.0 1209924.4769836648 38.0 "" "" "" "" "" "" "" "" "" "" "" "" "" "" "" "" "" "" "" ""
2009ad CMFGEN 1.4 1051202.4718594318 38.0 4735470.551283551 38.0 389953.2118929813 38.0 4761783.160754892 38.0 1190866.3733950513 38.0 "" "" "" "" "" "" "" "" "" "" "" "" "" "" "" "" "" "" "" ""
2009ag CMFGEN 1.4 339988.96213970124 50.0 4812136.781857313 50.0 402303.28019344254 50.0 4986033.9980354775 50.0 1033952.2606476449 50.0 "" "" "" "" 6662.44130819354 5.0 "" "" 12302.89356364226 25.0 "" "" 4442.108972793443 25.0 "" "" "" "" "" ""
2004ef CMFGEN 1.7 1334766.271532215 56.0 5674903.088400148 75.0 120044.75915731229 75.0 4796370.279304084 67.0 "" "" 2604916.779839094 67.0 "" "" "" "" "" "" 2512.0313388357727 13.0 "" "" 3756.554972363449 13.0 "" "" "" "" "" ""
2004eo CMFGEN 1.7 2513779.6724843266 57.0 5761079.299718776 77.0 98681.92413572194 77.0 7903913.957996127 77.0 "" "" 2082711.7115407835 77.0 "" "" "" "" "" "" 32911.88495419497 38.0 "" "" 20070.76829858615 38.0 "" "" "" "" "" ""
2004ey CMFGEN 1.7 3573021.46151118 59.0 5826596.549432135 59.0 135766.03218437734 59.0 6927429.219449834 59.0 "" "" 3614834.8917415943 59.0 "" "" "" "" "" "" 26007.36145251144 38.0 "" "" 7034.296104080906 42.0 "" "" "" "" "" ""
2004gs CMFGEN 1.7 301001.87469062797 37.0 1626057.9112060154 110.0 22696.87158801618 110.0 1302376.313931204 95.0 "" "" 646772.328692931 95.0 "" "" "" "" "" "" 14374.469505572994 43.0 "" "" 7162.827135961151 23.0 "" "" "" "" "" ""
2004gu CMFGEN 1.7 204678.17773094669 33.0 2539004.8185323034 54.0 122397.95905335946 54.0 1297884.502906427 50.0 "" "" 435961.5170164175 50.0 "" "" "" "" "" "" 859.339103550687 25.0 "" "" 611.0171807695008 14.0 "" "" "" "" "" ""
2005A CMFGEN 1.7 "" "" 240470.10218398296 57.0 28198.768810122525 57.0 180368.72267673747 32.0 "" "" 70922.93052048926 32.0 "" "" "" "" "" "" 9209.347307724744 38.0 "" "" 18508.354906425233 38.0 "" "" "" "" "" ""
2005M CMFGEN 1.7 2923239.8362532724 51.0 5573135.884235086 84.0 116603.29499882173 84.0 6184528.872014805 84.0 "" "" 3121718.7214493905 84.0 "" "" "" "" "" "" 10588.541681272 64.0 "" "" 13481.068771257394 64.0 "" "" "" "" "" ""
2005W CMFGEN 1.7 722188.8740392871 22.0 2140798.2996766404 26.0 33973.11135720863 26.0 3177208.268329021 26.0 "" "" 1674310.2042409997 26.0 "" "" "" "" "" "" "" "" "" "" "" "" "" "" "" "" "" ""
2005ag CMFGEN 1.7 "" "" 2390450.860989883 70.0 116400.39629326868 69.0 1673783.538205674 69.0 "" "" 607066.3754244079 69.0 "" "" "" "" "" "" 270.39855824436364 10.0 "" "" "" "" "" "" "" "" "" ""
2005al CMFGEN 1.7 1509596.200887718 85.0 2013504.306405893 85.0 40004.73835361005 85.0 2598762.7349869916 85.0 "" "" 1509441.619141167 85.0 "" "" "" "" "" "" 19539.877310836153 30.0 "" "" 21849.89290941446 30.0 "" "" "" "" "" ""
2005am CMFGEN 1.7 1294544.0004223036 77.0 1432745.913352311 55.0 18964.393242857244 55.0 1677296.0262518362 55.0 "" "" 1188642.2627665647 77.0 "" "" "" "" "" "" 5255.085585203509 2.0 "" "" 3767.783928545141 2.0 "" "" "" "" "" ""
2005bl CMFGEN 1.7 21887.798389081385 14.0 185496.48577051514 16.0 1379.4471101769163 37.0 164737.2123728796 16.0 "" "" 104522.41594044973 16.0 "" "" "" "" "" "" "" "" "" "" "" "" "" "" "" "" "" ""
2005el CMFGEN 1.7 734064.904419966 90.0 1772580.8656975061 90.0 28958.294191752124 90.0 2184792.1399771445 92.0 "" "" 1052153.6571382151 92.0 "" "" 33983.505333864785 62.0 "" "" 28700.373210310387 30.0 "" "" 26963.06439469542 58.0 "" "" "" "" "" ""
2005eq CMFGEN 1.7 1058544.498725161 63.0 3890212.3585868827 102.0 135901.79776938754 102.0 3559307.941458254 102.0 "" "" 1518904.6831519217 97.0 "" "" 9815.815478016086 64.0 "" "" 41.37716965227953 1.0 "" "" 5082.378791886511 40.0 "" "" "" "" "" ""
2005hc CMFGEN 1.7 753709.2908452644 26.0 3514864.00388702 94.0 124809.27472168843 79.0 2798587.854096502 79.0 "" "" 1212409.6471116913 85.0 "" "" 203.73513046656242 44.0 "" "" "" "" "" "" 60.507736992661506 4.0 "" "" "" "" "" ""
2005hj CMFGEN 1.7 218592.0385243294 13.0 1383995.2418695465 91.0 68985.4168980404 91.0 1155056.2085866414 91.0 108.8478422640699 1.0 400288.58495247824 77.0 "" "" 10.239577614203066 7.0 "" "" "" "" "" "" "" "" "" "" "" "" "" ""
2005iq CMFGEN 1.7 694269.0913926422 50.0 2529243.705929312 74.0 56586.072525941105 69.0 1880231.1981945173 69.0 "" "" 940350.0764489932 65.0 "" "" 1327.76691761116 38.0 "" "" "" "" "" "" 1042.2440832136763 38.0 "" "" "" "" "" ""
2005kc CMFGEN 1.7 243129.6451531666 31.0 1446091.2454496648 35.0 16187.714720654087 35.0 1652348.1546261339 43.0 "" "" 852298.5747387263 43.0 "" "" 5285.915787081914 32.0 "" "" "" "" "" "" 9740.7719633845 28.0 "" "" "" "" "" ""
2005ke CMFGEN 1.7 350502.9859951075 98.0 973290.3597754193 131.0 25799.478187018183 131.0 791995.340628254 131.0 33611.099152079245 59.0 415485.45646225294 58.0 "" "" 44237.36186885975 96.0 "" "" 27635.044374472807 66.0 "" "" 108071.89209844281 96.0 "" "" "" "" "" ""
2005ki CMFGEN 1.7 461388.9240771774 90.0 2540293.5366704105 164.0 44574.29038976295 152.0 2134389.789287401 152.0 61631.007705258206 101.0 1038036.337348434 54.0 "" "" 4510.210349137125 38.0 "" "" 2551.500304714783 7.0 "" "" 5641.431141059209 60.0 "" "" "" "" "" ""
2005na CMFGEN 1.7 1046943.2365472284 37.0 2924122.1272750823 81.0 74505.40837023265 97.0 2663948.12547427 97.0 82231.33608474574 75.0 886054.9694594827 11.0 "" "" 1707.6864026874746 4.0 "" "" 9572.505368172739 30.0 "" "" 7655.902605021605 30.0 "" "" "" "" "" ""
