results/color_chisq/no_limit.ecsv
# %ECSV 0.9
# ---
# datatype:
# - name: obj_id
#   datatype: string
# - name: source
#   datatype: string
# - name: version
#   datatype: string
# - name: u_g
#   datatype: float64
# - name: u_g_dof
#   datatype: float64
# - name: g_r
#   datatype: float64
# - name: g_r_dof
#   datatype: float64
# - name: r_i
#   datatype: float64
# - name: r_i_dof
#   datatype: float64
# - name: B_i
#   datatype: float64
# - name: B_i_dof
#   datatype: float64
# - name: B_V
#   datatype: float64
# - name: B_V_dof
#   datatype: float64
# - name: B_V0
#   datatype: float64
# - name: B_V0_dof
#   datatype: float64
# - name: B_V1
#   datatype: float64
# - name: B_V1_dof
#   datatype: float64
# - name: Y_J
#   datatype: float64
# - name: Y_J_dof
#   datatype: float64
# - name: Y_Jdw
#   datatype: float64
# - name: Y_Jdw_dof
#   datatype: float64
# - name: Ydw_J
#   datatype: float64
# - name: Ydw_J_dof
#   datatype: float64
# - name: Ydw_Jdw
#   datatype: float64
# - name: Ydw_Jdw_dof
#   datatype: float64
# - name: J_H
#   datatype: float64
# - name: J_H_dof
#   datatype: float64
# - name: J_Hdw
#   datatype: float64
# - name: J_Hdw_dof
#   datatype: float64
# - name: Jdw_H
#   datatype: float64
# - name: Jdw_H_dof
#   datatype: float64
# - name: Jdw_Hdw
#   datatype: float64
# - name: Jdw_Hdw_dof
#   datatype: float64
# meta: !!omap
# - prange: null
# - bands:
#   - !!python/tuple
#     - csp_dr3_u
#     - csp_dr3_g
#   - !!python/tuple
#     - csp_dr3_g
#     - csp_dr3_r
#   - !!python/tuple
#     - csp_dr3_r
#     - csp_dr3_i
#   - !!python/tuple
#     - csp_dr3_B
#     - csp_dr3_i
#   - !!python/tuple
#     - csp_dr3_B
#     - csp_dr3_V
#   - !!python/tuple
#     - csp_dr3_B
#     - csp_dr3_V0
#   - !!python/tuple
#     - csp_dr3_B
#     - csp_dr3_V1
#   - !!python/tuple
#     - csp_dr3_Y
#     - csp_dr3_J
#   - !!python/tuple
#     - csp_dr3_Y
#     - csp_dr3_Jdw
#   - !!python/tuple
#     - csp_dr3_Ydw
#     - csp_dr3_J
#   - !!python/tuple
#     - csp_dr3_Ydw
#     - csp_dr3_Jdw
#   - !!python/tuple
#     - csp_dr3_J
#     - csp_dr3_H
#   - !!python/tuple
#     - csp_dr3_J
#     - csp_dr3_Hdw
#   - !!python/tuple
#     - csp_dr3_Jdw
#     - csp_dr3_H
#   - !!python/tuple
#     - csp_dr3_Jdw
#     - csp_dr3_Hdw
# schema: astropy-2.0
obj_id source version u_g u_g_dof g_r g_r_dof r_i r_i_dof B_i B_i_dof B_V B_V_dof B_V0 B_V0_dof B_V1 B_V1_dof Y_J Y_J_dof Y_Jdw Y_Jdw_dof Ydw_J Ydw_J_dof Ydw_Jdw Ydw_Jdw_dof J_H J_H_dof J_Hdw J_Hdw_dof Jdw_H Jdw_H_dof Jdw_Hdw Jdw_Hdw_dof
2004ef CMFGEN 1.04 1087985.6006192572 56.0 9950694.763143623 75.0 127315.58896407625 75.0 6997332.665849972 67.0 "" "" 4241331.52792358 67.0 "" "" "" "" "" "" 2063.437297552036 13.0 "" "" 2815.6053156592975 13.0 "" "" "" "" "" ""
2004eo CMFGEN 1.04 1961457.4233682423 57.0 11524601.466631806 77.0 109626.70509029111 77.0 11687568.295247376 77.0 "" "" 3344842.006005162 77.0 "" "" "" "" "" "" 30064.575045607147 38.0 "" "" 12060.674838692816 38.0 "" "" "" "" "" ""
2004ey CMFGEN 1.04 2824883.12342396 59.0 10946318.925992288 59.0 149209.6593124389 59.0 9811269.406722598 59.0 "" "" 5618125.085562223 59.0 "" "" "" "" "" "" 24002.287002017976 38.0 "" "" 5238.0383601623025 42.0 "" "" "" "" "" ""
2004gs CMFGEN 1.04 235721.0997854134 37.0 3098824.9765565605 110.0 24584.238785615384 110.0 1977641.2052985746 95.0 "" "" 1087985.102773572 95.0 "" "" "" "" "" "" 12033.824895613188 43.0 "" "" 5077.141796248287 23.0 "" "" "" "" "" ""
2004gu CMFGEN 1.04 187988.11955145057 33.0 3814860.646299127 54.0 127425.6968834113 54.0 1872062.9271358026 50.0 "" "" 735252.2234881266 50.0 "" "" "" "" "" "" 711.9889438822613 25.0 "" "" 392.38774950064175 14.0 "" "" "" "" "" ""
2005A CMFGEN 1.04 "" "" 710841.3038466496 57.0 27559.70537774789 57.0 341132.91723244323 32.0 "" "" 155130.13120338664 32.0 "" "" "" "" "" "" 7768.071367761598 38.0 "" "" 14458.51775727803 38.0 "" "" "" "" "" ""
2005M CMFGEN 1.04 2328232.0000064834 51.0 10424558.315046972 84.0 125183.70180533646 84.0 8886771.63073462 84.0 "" "" 4975811.533040685 84.0 "" "" "" "" "" "" 9241.152793266767 64.0 "" "" 10281.172293442447 64.0 "" "" "" "" "" ""
2005W CMFGEN 1.04 586357.9704000048 22.0 4134738.698885609 26.0 40481.4110051614 26.0 4649823.244541233 26.0 "" "" 2644349.5503801173 26.0 "" "" "" "" "" "" "" "" "" "" "" "" "" "" "" "" "" ""
2005ag CMFGEN 1.04 "" "" 3502975.644494459 70.0 112628.31534825209 69.0 2130022.198013156 69.0 "" "" 768542.2919555231 69.0 "" "" "" "" "" "" 217.52125691673803 10.0 "" "" "" "" "" "" "" "" "" ""
2005al CMFGEN 1.04 1184386.8681344187 85.0 4058356.515467148 85.0 43814.79380458285 85.0 3877963.992554758 85.0 "" "" 2468443.577222522 85.0 "" "" "" "" "" "" 17259.157198413122 30.0 "" "" 16429.34007578895 30.0 "" "" "" "" "" ""
2005am CMFGEN 1.04 1040344.5015113907 77.0 3119267.6093316525 55.0 19933.15692761963 55.0 2608713.7031154246 55.0 "" "" 2009587.3962122838 77.0 "" "" "" "" "" "" 4673.412490057448 2.0 "" "" 2825.098323856036 2.0 "" "" "" "" "" ""
2005bl CMFGEN 1.04 16586.51351250331 14.0 393325.73366214056 16.0 1145.8405434790877 37.0 280668.5674430099 16.0 "" "" 193488.05874700553 16.0 "" "" "" "" "" "" "" "" "" "" "" "" "" "" "" "" "" ""
2005el CMFGEN 1.04 581518.1444964869 90.0 3614725.0503183072 90.0 32168.881645592344 90.0 3229170.1089870455 92.0 "" "" 1719145.2701512594 92.0 "" "" 30170.860138125438 62.0 "" "" 25545.08904539119 30.0 "" "" 20358.680710694647 58.0 "" "" "" "" "" ""
2005eq CMFGEN 1.04 856731.5778561927 63.0 6848794.675725992 102.0 142713.24930168147 102.0 5074848.522486275 102.0 "" "" 2485290.7890195507 97.0 "" "" 9247.515310718049 64.0 "" "" 88.6409244162506 1.0 "" "" 3553.29067698774 40.0 "" "" "" "" "" ""
2005hc CMFGEN 1.04 694474.5694423674 26.0 5143512.590630845 94.0 129880.73565966345 79.0 3900859.0595236374 79.0 "" "" 1920325.657068246 85.0 "" "" 203.02998093174477 44.0 "" "" "" "" "" "" 15.197807226194758 4.0 "" "" "" "" "" ""
2005hj CMFGEN 1.04 216732.54827410245 13.0 1956409.8524813168 91.0 70746.75049650458 91.0 1579594.9260446508 91.0 181.93058763038925 1.0 616007.1107680923 77.0 "" "" 27.789760582049944 7.0 "" "" "" "" "" "" "" "" "" "" "" "" "" ""
2005iq CMFGEN 1.04 588358.7021351858 50.0 4084808.972154948 74.0 59031.54258852292 69.0 2650553.5515517048 69.0 "" "" 1498637.5823004988 65.0 "" "" 1189.2402939011386 38.0 "" "" "" "" "" "" 696.1146297062736 38.0 "" "" "" "" "" ""
2005kc CMFGEN 1.04 191287.1059078618 31.0 2956391.2352363323 35.0 18943.914774386758 35.0 2481115.0714192134 43.0 "" "" 1378115.1445563398 43.0 "" "" 4853.4982299453895 32.0 "" "" "" "" "" "" 6106.183430183171 28.0 "" "" "" "" "" ""
2005ke CMFGEN 1.04 278445.18017940864 98.0 2110684.1701793545 131.0 20356.401061431337 131.0 1391152.5755678434 131.0 59021.17504791419 59.0 765529.0149053923 58.0 "" "" 37916.86291659158 96.0 "" "" 25512.92129123503 66.0 "" "" 77243.32654287573 96.0 "" "" "" "" "" ""
2005ki CMFGEN 1.04 364140.6618265375 90.0 4824535.363346978 164.0 48005.561270793216 152.0 3086107.7149057593 152.0 106891.46833720416 101.0 1645628.072713548 54.0 "" "" 4000.5134774362386 38.0 "" "" 2312.765609288657 7.0 "" "" 4000.2038918681005 60.0 "" "" "" "" "" ""
2005na CMFGEN 1.04 849680.9782989414 37.0 5333156.852835051 81.0 79110.7074046491 97.0 3810976.1857561907 97.0 160799.49772623036 75.0 1377801.5183043308 11.0 "" "" 1499.444413770577 4.0 "" "" 8177.148221870147 30.0 "" "" 5823.948700279179 30.0 "" "" "" "" "" ""
2006D CMFGEN 1.04 513899.26487487333 89.0 4517672.129221328 140.0 59649.512810149005 140.0 4417438.280758653 140.0 1820540.7328282623 132.0 "" "" "" "" 35101.70274775446 43.0 "" "" 48436.59605802803 73.0 "" "" 42059.76161938739 73.0 "" "" "" "" "" ""
2006ax CMFGEN 1.04 883698.7766024473 57.0 5412623.510911112 77.0 74871.45944886908 77.0 5148219.59235355 77.0 3169632.1381730554 77.0 "" "" "" "" 20935.683063749526 53.0 "" "" 5637.545853934828 13.0 "" "" 25032.510631279893 53.0 "" "" "" "" "" ""
2006bh CMFGEN 1.04 709835.8254981968 60.0 4305012.816255714 61.0 57771.07823778816 61.0 4095162.225585192 61.0 2403506.4297618424 61.0 "" "" "" "" 21043.85501888175 40.0 "" "" 10228.253297644753 5.0 "" "" 22821.03404090758 40.0 "" "" "" "" "" ""
2006et CMFGEN 1.04 355029.6400948616 75.0 4991075.456017478 117.0 66662.38909360008 106.0 4221133.807340649 106.0 1977750.6561372385 106.0 "" "" "" "" 22190.776156379194 64.0 "" "" 16146.630747159339 33.0 "" "" 14642.07857150061 64.0 "" "" "" "" "" ""
2006gj CMFGEN 1.04 56432.61039554733 11.0 913254.3544519495 99.0 6351.231238518241 82.0 523281.17922056816 72.0 264233.1889054913 72.0 "" "" "" "" 2349.4458507561653 29.0 "" "" "" "" "" "" 421.4982329468767 29.0 "" "" "" "" "" ""
2006gt CMFGEN 1.04 22514.652597233053 9.0 989862.0633506151 66.0 11425.756565664056 66.0 623899.8055894022 66.0 241580.10240758606 66.0 "" "" "" "" 561.9349916962298 17.0 "" "" 748.4440167264922 6.0 "" "" 143.0176959520869 13.0 "" "" "" "" "" ""
2006hx CMFGEN 1.04 45724.21657448753 26.0 428969.0062547244 68.0 5032.483249558892 55.0 310309.0324102222 48.0 191681.9584024743 49.0 "" "" "" "" "" "" "" "" 1235.7525818114132 36.0 "" "" 1594.9832836661972 36.0 "" "" "" "" "" ""
2006kf CMFGEN 1.04 289251.0192590735 30.0 2752546.5995085128 88.0 33722.62471441972 88.0 2107171.7085779975 92.0 1067939.709713577 92.0 "" "" "" "" 9198.468442924612 42.0 "" "" 11738.256802865906 42.0 "" "" 4537.343678989224 42.0 "" "" "" "" "" ""
2006mr CMFGEN 1.04 53365.51361292743 54.0 600449.6506682234 91.0 17288.944939804085 102.0 326151.5336247298 102.0 222702.55247876747 102.0 "" "" "" "" 12143.344228914877 41.0 "" "" 2293.5652221075566 1.0 "" "" 17979.412426025225 41.0 "" "" "" "" "" ""
2006ob CMFGEN 1.04 68402.09983115963 6.0 691078.5335597043 33.0 16049.638944362516 53.0 463353.500757999 20.0 166629.23997951328 20.0 "" "" "" "" "" "" "" "" 1.6207513337343802 2.0 "" "" 3.462328361219804 2.0 "" "" "" "" "" ""
2007A CMFGEN 1.04 237964.14403388268 16.0 1720965.5167683144 26.0 32265.75578779941 26.0 1989925.7821296747 24.0 1065855.5717399924 24.0 "" "" "" "" 629.1839747252174 18.0 "" "" "" "" "" "" 132.01895789482234 12.0 "" "" "" "" "" ""
2007N CMFGEN 1.04 nan 7.0 336563.05690233293 91.0 6999.1077812506255 91.0 121038.76350717047 91.0 85870.29856019134 91.0 "" "" "" "" 1851.169611485369 46.0 "" "" 2411.824448356757 42.0 "" "" 7356.4299160662185 38.0 "" "" "" "" "" ""
2007S CMFGEN 1.04 nan 81.0 2553490.909316817 114.0 22917.788748629584 92.0 1198157.2874427598 92.0 636413.0970714603 81.0 "" "" "" "" 29342.15591469652 60.0 "" "" 19862.936756211908 35.0 "" "" 61789.2049804207 92.0 "" "" "" "" "" ""
2007af CMFGEN 1.04 659359.9056032796 91.0 3799886.533186926 91.0 36026.07144243488 91.0 3080337.2902004006 92.0 1685122.059090864 92.0 "" "" "" "" 86986.37850501495 96.0 "" "" 20327.04578531794 87.0 "" "" 120448.51576989557 96.0 "" "" "" "" "" ""
2007ax CMFGEN 1.04 5596.728565252225 23.0 501525.11494870565 55.0 5391.029666041475 62.0 251577.90824291608 62.0 176302.58556054457 62.0 "" "" "" "" 8195.562487455827 47.0 "" "" 343.08393417672613 1.0 "" "" 626.4569903169439 47.0 "" "" "" "" "" ""
2007ba CMFGEN 1.04 30766.898946755544 18.0 791611.8648804305 40.0 3546.3532293856024 40.0 469072.45087660383 54.0 341386.77479652385 57.0 "" "" "" "" 758.6091413246779 32.0 "" "" 105.64572844177108 1.0 "" "" 112.16732488478794 16.0 "" "" "" "" "" ""
2007bc CMFGEN 1.04 437974.0231179802 17.0 3524880.504479072 63.0 33483.22386104229 63.0 1859006.051022654 63.0 1388091.8890649267 63.0 "" "" "" "" 2350.3918013708535 41.0 "" "" 2066.615947793313 17.0 "" "" 787.1892457380055 41.0 "" "" "" "" "" ""
2007bd CMFGEN 1.04 146087.44306456717 39.0 2502662.707090842 63.0 27388.204771517972 63.0 1211263.214055522 63.0 842953.757778407 63.0 "" "" "" "" 540.1446425122423 31.0 "" "" 443.1947577228972 3.0 "" "" 1018.0120476573242 31.0 "" "" "" "" "" ""
2007ca CMFGEN 1.04 131935.99362806958 42.0 5511310.222440359 42.0 56406.09951717562 42.0 4153920.3290580832 42.0 1975641.8748003773 42.0 "" "" "" "" 9105.368767213187 43.0 "" "" 10258.43299362024 35.0 "" "" 21586.469047090453 43.0 "" "" "" "" "" ""
2007hj CMFGEN 1.04 178934.62309751564 33.0 4045048.45889924 93.0 32351.188252636613 93.0 2754733.830541789 93.0 1464583.0068185518 81.0 "" "" "" "" 20658.445202015537 67.0 "" "" 25830.06014945831 67.0 "" "" 18939.89082102093 74.0 "" "" "" "" "" ""
2007jg CMFGEN 1.04 84244.43618247521 21.0 2047912.3660952158 42.0 45509.51445646716 42.0 1720209.2365006036 59.0 830319.0944437915 59.0 "" "" "" "" 208.71282649216997 24.0 "" "" 737.835135093159 63.0 "" "" 57.649095340253346 1.0 "" "" "" "" "" ""
2007jh CMFGEN 1.04 "" "" 335078.4007253902 33.0 2046.1083669863158 47.0 114108.12562981834 33.0 91103.49750159032 33.0 "" "" "" "" "" "" "" "" "" "" "" "" "" "" "" "" "" "" "" ""
2007le CMFGEN 1.04 150118.94531527962 79.0 4298810.071753763 79.0 55256.08275958073 79.0 3357022.30569171 79.0 1833346.074392772 79.0 "" "" "" "" 62272.35258638823 76.0 "" "" 44315.12753537016 44.0 "" "" 95031.44285451973 82.0 "" "" "" "" "" ""
2007nq CMFGEN 1.04 84084.3835200276 17.0 2188725.6581637524 80.0 46448.193828749165 80.0 1279123.7329541896 76.0 524594.9934499931 76.0 "" "" "" "" 1980.0615223071422 29.0 "" "" 3619.3173827786377 8.0 "" "" 1134.1014449159593 26.0 "" "" "" "" "" ""
2007on CMFGEN 1.04 544896.2255139763 96.0 2007454.62379331 96.0 6500.7856426716435 98.0 1277664.0313775965 98.0 1514269.7734746723 98.0 "" "" "" "" 102983.79202196738 82.0 "" "" 22079.564512271612 48.0 "" "" 114060.942949643 82.0 "" "" "" "" "" ""
2008R CMFGEN 1.04 273860.5772731607 35.0 2336743.8202650514 35.0 13968.320052100702 40.0 1925694.088323934 35.0 1210227.5340764574 35.0 "" "" "" "" 19471.03739261652 31.0 "" "" 8.269257891645966 1.0 "" "" 5944.4678426437795 30.0 "" "" "" "" "" ""
2008bc CMFGEN 1.04 nan 106.0 5500980.07699932 104.0 91374.95412458788 104.0 6988359.146683325 105.0 4664517.310259018 103.0 "" "" "" "" 19573.398892917758 64.0 "" "" 16263.081088306177 65.0 "" "" 10503.38880384246 65.0 "" "" "" "" "" ""
2008bf CMFGEN 1.04 745871.1620244931 70.0 6480055.370465965 100.0 85790.69778554213 100.0 4232267.640703363 100.0 3154921.265134993 100.0 "" "" "" "" 550.5855103493251 16.0 "" "" 283.0949255217115 2.0 "" "" 51.90706638993231 16.0 "" "" "" "" "" ""
2008fp CMFGEN 1.04 264024.4322746168 96.0 4143340.7560986686 96.0 30002.591127163258 96.0 2631185.386664233 96.0 1612160.4419268058 97.0 "" "" "" "" 132388.27120813707 70.0 "" "" nan 150.0 "" "" nan 150.0 "" "" "" "" "" ""
2008gl CMFGEN 1.04 515907.35214190156 67.0 4628754.889875162 80.0 78330.66439407712 80.0 3090496.974381137 67.0 1510154.2406415043 67.0 "" "" "" "" 2006.5124077126816 34.0 "" "" "" "" "" "" 252.70192452093812 22.0 "" "" "" "" "" ""
2008gp CMFGEN 1.04 692525.2887663657 35.0 4108829.484155921 43.0 81534.33618777044 47.0 3872715.0045078215 47.0 1988596.9473424093 47.0 "" "" "" "" 2766.4872979272445 54.0 "" "" "" "" "" "" 1030.2268039571225 54.0 "" "" "" "" "" ""
2008hv CMFGEN 1.04 965891.4551548107 79.0 4258556.759168199 79.0 27466.636168757886 79.0 3365828.516907771 79.0 2389734.323512211 79.0 "" "" "" "" 6209.51682576232 29.0 "" "" 8536.720206951333 36.0 "" "" 16414.44776129993 36.0 "" "" "" "" "" ""
2008ia CMFGEN 1.04 432339.30078060215 50.0 1975967.77243589 50.0 29418.539098611254 48.0 1932765.8675353518 48.0 1184742.5055951928 50.0 "" "" "" "" 11749.318035931643 48.0 "" "" 44847.30292423045 35.0 "" "" 27519.928571064243 64.0 "" "" "" "" "" ""
2009D CMFGEN 1.04 1552372.9296091143 51.0 9581000.413310077 51.0 140369.0487617798 51.0 7300630.814460849 51.0 3500549.120427136 51.0 "" "" "" "" "" "" "" "" 487.792819579588 4.0 "" "" 70.107230426587 4.0 "" "" "" "" "" ""
2009F CMFGEN 1.04 61181.79645407968 20.0 1380427.2513519702 48.0 6909.780220421252 48.0 709404.5117658605 48.0 420475.1830991709 48.0 "" "" "" "" "" "" "" "" 227.59479426096456 5.0 "" "" 3541.0392999685537 5.0 "" "" "" "" "" ""
2009Y CMFGEN 1.04 1666613.5906242917 98.0 4688190.338320708 106.0 81737.57717297437 106.0 6046930.19813733 108.0 3521496.9078331157 108.0 "" "" "" "" 5353.294831001369 66.0 "" "" 12129.996287320846 66.0 "" "" 13121.820886165135 66.0 "" "" "" "" "" ""
2009aa CMFGEN 1.04 1434069.659208442 50.0 5970606.884851619 70.0 55051.136281332205 70.0 3873837.495370686 70.0 2106226.91345539 70.0 "" "" "" "" 2532.562995789614 68.0 "" "" 3096.3029937956107 85.0 "" "" 3230.232920810971 85.0 "" "" "" "" "" ""
2009ab CMFGEN 1.04 587549.2273186572 38.0 3886406.7004267764 38.0 34645.42098477909 38.0 3573231.388598521 38.0 1945753.105122997 38.0 "" "" "" "" "" "" "" "" "" "" "" "" "" "" "" "" "" "" "" ""
2009ad CMFGEN 1.04 1178248.7450213095 38.0 4632101.908713379 38.0 58556.292382455904 38.0 3523483.8236587914 38.0 2004532.7453515113 38.0 "" "" "" "" "" "" "" "" "" "" "" "" "" "" "" "" "" "" "" ""
2009ag CMFGEN 1.04 434926.2291929048 50.0 3845471.594777937 50.0 46252.023731655165 50.0 3280578.954921858 50.0 1795762.59549589 50.0 "" "" "" "" 4489.606612203507 5.0 "" "" 8433.88298214933 25.0 "" "" 6083.765320827578 25.0 "" "" "" "" "" ""
2004ef CMFGEN 1.02 1016865.1464808346 56.0 10111120.62782216 75.0 437772.2873396259 75.0 8262745.073049718 67.0 "" "" 3126325.9239484696 67.0 "" "" "" "" "" "" 3426.5252790242594 13.0 "" "" 2736.566555017051 13.0 "" "" "" "" "" ""
2004eo CMFGEN 1.02 1713977.9496233896 57.0 12910253.162776362 77.0 453993.349095601 77.0 14139744.201455116 77.0 "" "" 2542821.890089802 77.0 "" "" "" "" "" "" 48051.0830267551 38.0 "" "" 11463.58693186252 38.0 "" "" "" "" "" ""
2004ey CMFGEN 1.02 2486600.3744441187 59.0 12176786.381096415 59.0 438132.0857905051 59.0 11662461.390559465 59.0 "" "" 4354955.72484719 59.0 "" "" "" "" "" "" 33521.43727930574 38.0 "" "" 5089.076244887323 42.0 "" "" "" "" "" ""
2004gs CMFGEN 1.02 215182.72277110297 37.0 3221805.7156344187 110.0 116762.92042553914 110.0 2384567.656534979 95.0 "" "" 790799.5113058711 95.0 "" "" "" "" "" "" 19332.508018610417 43.0 "" "" 4912.291911959455 23.0 "" "" "" "" "" ""
2004gu CMFGEN 1.02 186792.20349317632 33.0 3607408.2645177348 54.0 325932.48673337523 54.0 2172330.4859192204 50.0 "" "" 509109.9927299321 50.0 "" "" "" "" "" "" 1117.1816315531792 25.0 "" "" 369.146185820006 14.0 "" "" "" "" "" ""
2005A CMFGEN 1.02 "" "" 801647.1808539262 57.0 59195.8481524137 57.0 450589.80908367014 32.0 "" "" 98802.67929773322 32.0 "" "" "" "" "" "" 12849.242257034306 38.0 "" "" 14119.674627780685 38.0 "" "" "" "" "" ""
2005M CMFGEN 1.02 2112757.7080714186 51.0 11089128.61604973 84.0 423584.73899577965 84.0 10533486.451432362 84.0 "" "" 3757843.911272227 84.0 "" "" "" "" "" "" 13767.12979241817 64.0 "" "" 10027.851685192392 64.0 "" "" "" "" "" ""
