results/delta_c_15.ecsv
# %ECSV 0.9
# ---
# datatype:
# - {name: obj_id, datatype: string}
# - {name: source, datatype: string}
# - {name: version, datatype: string}
# - {name: u_g, datatype: float64}
# - {name: u_g_err, datatype: float64}
# - {name: g_r, datatype: float64}
# - {name: g_r_err, datatype: float64}
# - {name: r_i, datatype: float64}
# - {name: r_i_err, datatype: float64}
# - {name: B_i, datatype: float64}
# - {name: B_i_err, datatype: float64}
# - {name: B_V, datatype: float64}
# - {name: B_V_err, datatype: float64}
# - {name: B_V0, datatype: float64}
# - {name: B_V0_err, datatype: float64}
# - {name: B_V1, datatype: float64}
# - {name: B_V1_err, datatype: float64}
# - {name: Y_J, datatype: float64}
# - {name: Y_J_err, datatype: float64}
# - {name: Y_Jdw, datatype: float64}
# - {name: Y_Jdw_err, datatype: float64}
# - {name: Ydw_J, datatype: float64}
# - {name: Ydw_J_err, datatype: float64}
# - {name: Ydw_Jdw, datatype: float64}
# - {name: Ydw_Jdw_err, datatype: float64}
# - {name: J_H, datatype: float64}
# - {name: J_H_err, datatype: float64}
# - {name: J_Hdw, datatype: float64}
# - {name: J_Hdw_err, datatype: float64}
# - {name: Jdw_H, datatype: float64}
# - {name: Jdw_H_err, datatype: float64}
# - {name: Jdw_Hdw, datatype: float64}
# - {name: Jdw_Hdw_err, datatype: float64}
# schema: astropy-2.0
obj_id source version u_g u_g_err g_r g_r_err r_i r_i_err B_i B_i_err B_V B_V_err B_V0 B_V0_err B_V1 B_V1_err Y_J Y_J_err Y_Jdw Y_Jdw_err Ydw_J Ydw_J_err Ydw_Jdw Ydw_Jdw_err J_H J_H_err J_Hdw J_Hdw_err Jdw_H Jdw_H_err Jdw_Hdw Jdw_Hdw_err
2004ef CSP DR3 0.6947440471345594 0.06749021403235234 0.49887967861059224 0.012264137445320084 -0.030842393782108957 0.01694151532029595 0.7443271148347748 0.020541223096038865 "" "" 0.7100002798454845 0.017500512087667043 "" "" "" "" "" "" "" "" "" "" "" "" "" "" "" "" "" ""
2004eo CSP DR3 1.0117203741046925 0.07954576480566423 0.5105580001054868 0.012050945379666552 0.10984410233219322 0.012217205117757564 0.9758667835122594 0.015577374542638571 "" "" 0.755056890444342 0.018166636221459295 "" "" "" "" "" "" -0.8195923760789334 0.6525657791041083 "" "" 0.8954871958559103 0.9064341979334375 "" "" "" "" "" ""
2004ey CSP DR3 0.7423461571656738 0.11200345860086595 0.10963084181627458 0.013681967104324545 -0.16936513558772504 0.02392161142804688 0.06821314292711556 0.04439129839928327 "" "" 0.36524192386388243 0.04836152148575483 "" "" "" "" "" "" -0.892336334125865 0.8162116928898426 "" "" 1.2186147577240405 1.0357360456845208 "" "" "" "" "" ""
2004gs CSP DR3 0.535554290397446 0.27774711497948745 0.7896773361139662 0.025166460100295867 0.036870827361568104 0.027043125011895645 1.1075771456080474 0.048564206416080856 "" "" 0.830001675106347 0.04774086130666828 "" "" "" "" "" "" "" "" "" "" "" "" "" "" "" "" "" ""
2004gu CSP DR3 0.6497249130217924 0.07867471793763338 0.18828150011774625 0.017157923656331238 -0.15982369458025047 0.024975989814130843 0.16149549033139188 0.03658307607707633 "" "" 0.3318599548284489 0.03305786017458835 "" "" "" "" "" "" "" "" "" "" "" "" "" "" "" "" "" ""
2005A CSP DR3 "" "" 0.24492188651134938 0.030325139912403837 0.13375897099321143 0.02789780688711345 0.695549490024316 0.06349728694051707 "" "" 0.4863410569894846 0.06524230131186567 "" "" "" "" "" "" "" "" "" "" "" "" "" "" "" "" "" ""
2005M CSP DR3 0.7628159321537673 0.03628307805384994 0.23802901758618056 0.012603348274057471 -0.19016454195597277 0.017445188267819784 0.2610938283218882 0.019004922390980127 "" "" 0.4206447242235054 0.015562200065485473 "" "" "" "" "" "" -0.8670466868732962 0.19824090818670867 "" "" 1.0825643731697205 0.23608381121333555 "" "" "" "" "" ""
2005W CSP DR3 "" "" 0.22125811254846361 0.018896707596273953 -0.08062400133720082 0.020436684879263624 0.4338883462591543 0.029209003298774548 "" "" 0.5824744825888715 0.026833769236726236 "" "" "" "" "" "" "" "" "" "" "" "" "" "" "" "" "" ""
2005ag CSP DR3 "" "" 0.3300672394068087 0.021906380267719266 -0.16123165897515257 0.03194880520709371 0.32538166379396927 0.03685824393780507 "" "" 0.4231924353925489 0.02969755000435685 "" "" "" "" "" "" "" "" "" "" "" "" "" "" "" "" "" ""
2005al CSP DR3 0.7254785958608831 0.02626581820681676 0.12471384751114911 0.014871781273989446 -0.013302185740830197 0.019041918222525385 0.3815211841709729 0.017441201586134502 "" "" 0.4803241130417355 0.0139474278162338 "" "" "" "" "" "" "" "" "" "" "" "" "" "" "" "" "" ""
2005am CSP DR3 0.9514993342788696 0.0843654474559334 0.4966826410168128 0.013016608884519538 0.16807070350803777 0.0209182115714616 1.0441036360041327 0.025012064615365467 "" "" 0.7930738286368992 0.020925140056184545 "" "" "" "" "" "" "" "" "" "" "" "" "" "" "" "" "" ""
2005bl CSP DR3 "" "" "" "" 0.2436295628589633 0.10765357450834008 "" "" "" "" "" "" "" "" "" "" "" "" "" "" "" "" "" "" "" "" "" "" "" ""
2005el CSP DR3 1.0698248996932378 0.1847444831935705 0.17878269416857506 0.033134452001076994 -0.28997873183991274 0.04229835924298199 0.3865222040883669 0.04231018645949605 "" "" 0.4333421220490443 0.040650487499544044 "" "" -1.088044029904509 0.1627898161646773 "" "" "" "" "" "" 1.2999818258362836 0.25809744047773814 "" "" "" "" "" ""
2005eq CSP DR3 0.7398018207897152 0.04330917994161367 0.10635767954356723 0.012924565096443349 -0.1566501048712805 0.017994975536941994 0.15526714466558644 0.019218889070978712 "" "" 0.346213695161147 0.016759422487589333 "" "" -0.993937150814256 0.1364799426884594 "" "" "" "" "" "" 1.0766450388904243 0.1818596261434996 "" "" "" "" "" ""
2005hc CSP DR3 0.6151809795893985 0.17678660756967837 0.2932826076605739 0.020901224125054744 -0.18212388980975547 0.036830128542164865 0.24298928322548896 0.04055144833019412 "" "" 0.40870197681498155 0.028431768054961795 "" "" -0.7011600321081772 1.215978326925845 "" "" "" "" "" "" "" "" "" "" "" "" "" ""
2005hj CSP DR3 "" "" 0.3151052600346347 0.02921646032672405 -0.21998227572081497 0.04436095826416915 0.19571350459057513 0.05111923405271618 "" "" 0.32119301579919046 0.04276080291289672 "" "" "" "" "" "" "" "" "" "" "" "" "" "" "" "" "" ""
2005iq CSP DR3 0.8717727685048438 0.06538503081716089 0.2924560337500548 0.019336176856757828 -0.22516624191870172 0.02638057373091977 0.3180072743630138 0.028424934380813068 "" "" 0.5377607880388755 0.024276980004252123 "" "" -1.0141860557672864 1.0786023716881825 "" "" "" "" "" "" 1.3298895374347754 1.2982668329172733 "" "" "" "" "" ""
2005kc CSP DR3 0.8364378448189171 0.15108303207773383 0.3009838268310965 0.01806909177430388 -0.0494403466225517 0.02028526614825179 0.5708836213955664 0.02664047120088059 "" "" 0.6095703627566262 0.025979979938663095 "" "" -1.0542405819689264 0.11242091080600715 "" "" "" "" "" "" 1.262221619647308 0.1552751250250821 "" "" "" "" "" ""
2005ke CSP DR3 0.4197499874480677 0.19726638224883394 0.8768599384658984 0.01733351292227353 0.2514456656290829 0.016892401435564544 1.3413883726271738 0.02760285283181429 "" "" 0.7223222123835171 0.02784702178244855 "" "" -0.6976003637857584 0.04694927633864637 "" "" "" "" "" "" 0.4587165900995629 0.06153425811339786 "" "" "" "" "" ""
2005ki CSP DR3 0.8296483025641859 0.09287828404595755 0.2540828897146987 0.01710675300847396 -0.08082156437493815 0.025130274897733985 0.43976207262386957 0.02904681648770211 "" "" 0.5288985937927198 0.024899038475901733 "" "" -1.0867301845096105 0.4968680546082992 "" "" "" "" "" "" 1.1441781854596353 0.6295770006931387 "" "" "" "" "" ""
2005na CSP DR3 0.8645927323563019 0.03318179981904261 0.18749368063270921 0.012044113135811352 -0.18641764068191513 0.017298976738407204 0.19865205730260094 0.018008261161668586 "" "" "" "" "" "" "" "" "" "" "" "" "" "" "" "" "" "" "" "" "" ""
2006D CSP DR3 0.8935389693649416 0.07624118943978267 0.256913762096211 0.016636209157621366 -0.1221701254498253 0.02064431459926972 0.5639230185643012 0.023672762912110425 "" "" "" "" "" "" "" "" "" "" "" "" "" "" "" "" "" "" "" "" "" ""
2006ax CSP DR3 0.9179415711325003 0.11239169518852155 0.1082039188941959 0.021120035327297816 -0.22817965848537192 0.0335680322497357 0.17113242833119813 0.03582613310060873 0.449203825191395 0.027310145410352413 "" "" "" "" -0.9786142412398746 0.15762392927668317 "" "" "" "" "" "" 1.2457606370125855 0.18168631543969704 "" "" "" "" "" ""
2006bh CSP DR3 0.9202250613683773 0.23461340818296594 0.34676628307250645 0.016041747961831415 0.037599962896781136 0.02218627708909054 0.7282623471592817 0.02830562775775927 0.6964691377330734 0.02502196064502408 "" "" "" "" -1.1517165796850097 0.16010583633253817 "" "" "" "" "" "" 1.2916016415709404 0.26052092275016037 "" "" "" "" "" ""
2006et CSP DR3 0.7803605515215146 0.04578189030512739 0.18628063630022318 0.015139902435720519 -0.16861113822695373 0.022064221085711985 0.22745263767033386 0.022662151632253137 0.38958140406598574 0.017670697121008907 "" "" "" "" -0.9638941550202027 0.08943878639783195 "" "" "" "" "" "" 0.8998890028145112 0.11991471153964417 "" "" "" "" "" ""
2006gj CSP DR3 "" "" 0.7027869901070716 0.05288579927057318 0.030977453544265288 0.04466691009415082 1.0860143603868977 0.11956678884458659 0.8888916987428157 0.12207212968155373 "" "" "" "" "" "" "" "" "" "" "" "" "" "" "" "" "" "" "" ""
2006gt CSP DR3 "" "" 0.953910690475384 0.046659287685899546 0.07612771613485769 0.040111838667722555 1.4372702707259393 0.09845732282220912 0.9346094185484919 0.09754757859869928 "" "" "" "" "" "" "" "" "" "" "" "" "" "" "" "" "" "" "" ""
2006hx CSP DR3 "" "" 0.28745580189007036 0.052242237345268706 -0.24845940294987834 0.07621706788625049 0.5950672567710207 0.08195098386114416 0.4943045028041766 0.062098553634853865 "" "" "" "" "" "" "" "" -0.800627509458339 0.9853092794076503 "" "" 0.6787623008474082 1.4511460556906102 "" "" "" "" "" ""
2006kf CSP DR3 1.0324419500632231 0.12547939872701144 0.5376034111423742 0.01697063591710825 0.03922103960993795 0.019421397740497524 0.9860666564644021 0.024822999334812277 0.8049550207091851 0.02384962647634128 "" "" "" "" -1.112090197677034 0.10695629615193511 "" "" -1.1723285835133481 0.1245292560302907 "" "" 1.1759451272291166 0.14947163655118265 "" "" "" "" "" ""
2006mr CSP DR3 0.35205847158907133 0.3754193531890864 0.6335713625966086 0.030499833736203026 0.225843785281425 0.029789152728592956 1.143585908030925 0.04968445829708153 0.56813752159659 0.052413811737153496 "" "" "" "" -0.5364054783167074 0.12392988613631373 "" "" "" "" "" "" 0.29760594726581324 0.19346457757025054 "" "" "" "" "" ""
2006ob CSP DR3 "" "" 0.6617084535531603 0.03843229781349691 -0.05546175786338736 0.050427977507247077 0.9178909520766592 0.06603928435908361 0.7266874780079711 0.05932384456658252 "" "" "" "" "" "" "" "" "" "" "" "" "" "" "" "" "" "" "" ""
2007A CSP DR3 "" "" 0.07846899389360296 0.025954051845184754 -0.16218080542231483 0.026446854498427895 0.12183592788277409 0.038030666889589344 0.32037090047824357 0.038250144518886434 "" "" "" "" "" "" "" "" "" "" "" "" "" "" "" "" "" "" "" ""
2007N CSP DR3 "" "" 0.9432547153909763 0.17653422574940347 0.4835825513348695 0.08098966017553551 1.4061904633358981 0.5278568818582298 0.5262880748713421 0.5361370139861876 "" "" "" "" "" "" "" "" "" "" "" "" "" "" "" "" "" "" "" ""
2007S CSP DR3 0.8957148624104079 0.060069742514960243 0.08449504323342616 0.0186749178698664 -0.2318681152739135 0.02463594207883811 0.15378071602520116 0.030128056989489917 0.3952666630952173 0.02778898513605104 "" "" "" "" -0.902457079652148 0.09024360962446769 "" "" -0.8489851982177452 0.09617537624547759 "" "" 1.1427937290002195 0.10733933107195029 "" "" "" "" "" ""
2007af CSP DR3 0.8105281997781724 0.14515459056557523 0.2238565278596436 0.01876746914468603 -0.1094165441929178 0.02482295295688068 0.46483085768996624 0.03305628647467671 0.6243444291477633 0.030220277641775026 "" "" "" "" -1.0595431543254286 0.0563964188209968 "" "" -1.116133656025145 0.14573993870024515 "" "" 1.3598508927305293 0.07767918597887741 "" "" "" "" "" ""
2007ax CSP DR3 -1.0329618473400508 2.7761132030699907 0.870798752306051 0.14472818522373557 0.33551980223044 0.08730031907291588 1.3027899720298421 0.36437038628929036 0.6345019754528902 0.37421289986539436 "" "" "" "" -0.10280211533535777 0.1796004611225135 "" "" "" "" "" "" -0.006072987922356887 0.7146512903450731 "" "" "" "" "" ""
2007ba CSP DR3 "" "" 1.038115329193614 0.03485931538119829 0.057385351697753606 0.04767642030880505 1.496255626430262 0.06304413050273215 0.9030187034544337 0.053529848954351346 "" "" "" "" -0.3610511669510821 0.3083517624744752 "" "" "" "" "" "" "" "" "" "" "" "" "" ""
2007bc CSP DR3 "" "" 0.4086162776679174 0.025428384188265082 0.001422673249745543 0.04049799349875755 0.48602864875996055 0.08806335912002576 0.460660558749316 0.08245750283872326 "" "" "" "" -1.5813600802039538 1.3370155916096664 "" "" "" "" "" "" 1.7014096998279342 1.5090356691209055 "" "" "" "" "" ""
2007bd CSP DR3 0.8059262281143731 0.37151403931323906 0.12573232231101983 0.029291111865946594 -0.16299879601492506 0.057007080613379266 0.25835910055982225 0.0646527242146384 0.4710178558420548 0.04580946330080911 "" "" "" "" -0.6447149425710563 0.337636399812833 "" "" "" "" "" "" 0.5860422927955113 0.7488569897713125 "" "" "" "" "" ""
2007ca CSP DR3 0.5988625629494706 0.24640935497589395 0.016640312065998586 0.01303187432413904 -0.2371410340752309 0.017760610584055064 0.007062302315814506 0.023119087097135407 0.3524390153632737 0.02133391725561243 "" "" "" "" -0.8966311144769445 0.42549869596358725 "" "" -0.8705768034071291 0.44348680401551865 "" "" 1.487424602642582 0.4686525864060048 "" "" "" "" "" ""
2007hj CSP DR3 0.6695176516089703 0.08417898849273533 0.893402602248818 0.01110751906544289 0.24133215185904255 0.010797166687969184 1.464154517123598 0.017314560462978735 0.9507116135958427 0.01703514087671405 "" "" "" "" "" "" "" "" "" "" "" "" "" "" "" "" "" "" "" ""
2007jg CSP DR3 0.5848490033746749 0.1769168692246625 0.34428859220800945 0.021570874982338346 -0.22041313252017858 0.030394443979936108 0.41651849184354184 0.0343838738633218 0.5861762189280313 0.028702855101191305 "" "" "" "" "" "" "" "" -0.8028912971654805 0.3693145676885769 "" "" "" "" "" "" "" "" "" ""
2007jh CSP DR3 "" "" 0.9148237133322237 0.04738560293149043 0.17366128744753873 0.062418160992334076 1.7544557025661636 0.27160955079802057 1.2470914572251566 0.26005048329916947 "" "" "" "" "" "" "" "" "" "" "" "" "" "" "" "" "" "" "" ""
2007le CSP DR3 0.5793161366689326 0.09988722575174584 0.025328156969315785 0.0128071838939029 -0.12442699959289172 0.015271226730502322 0.20661689009418183 0.01979866133425385 0.44850104076191855 0.018486655430816432 "" "" "" "" -1.0906258063711984 0.1268953663023814 "" "" "" "" "" "" 1.3822789229703556 0.1505187082718144 "" "" "" "" "" ""
2007nq CSP DR3 "" "" 0.5653252676126073 0.022864258077351395 0.022342714053316115 0.03193997731800436 0.9661371743391491 0.04017681205522629 0.7270168669202715 0.03570996838041196 "" "" "" "" "" "" "" "" "" "" "" "" "" "" "" "" "" "" "" ""
2007on CSP DR3 0.838795881591917 0.06008697559744295 0.8867449468697206 0.021463161907233325 0.30834131269776144 0.0349139407046449 1.5583116530361778 0.14922687762474265 0.9188113383086574 0.13994378341116434 "" "" "" "" -0.9765527571091628 0.13875640792844407 "" "" "" "" "" "" 0.8558356272300021 0.19789414859321952 "" "" "" "" "" ""
2008R CSP DR3 0.7592189360412505 0.30994285485457024 0.8436942331932773 0.019149979142672767 0.1995658109655416 0.020225706806022793 1.4340124950634632 0.039284941079384905 0.9796317966881425 0.03885022593945079 "" "" "" "" "" "" "" "" "" "" "" "" "" "" "" "" "" "" "" ""
2008bc CSP DR3 0.45339337973449645 0.04384177970868432 0.30416256855489365 0.04823149589750551 -0.2670481970348355 0.047676003444192705 0.03500415975493176 0.02793365736629167 0.31894725801844004 0.011016653114734145 "" "" "" "" -1.0815749783701651 0.7116470853453601 "" "" -1.180162896954112 0.711477450118235 "" "" 1.0773286835149278 0.8471299193689492 "" "" "" "" "" ""
2008bf CSP DR3 0.7569052758590971 0.05487079805251792 0.07847564472134927 0.014476546511192304 -0.24043006436588854 0.025814484631969066 0.08131030494002722 0.02667928751351483 0.3959975535565299 0.01764969757137714 "" "" "" "" "" "" "" "" "" "" "" "" "" "" "" "" "" "" "" ""
2008fp CSP DR3 0.713185155182881 0.4340642921424054 -0.009866981672645991 0.012507444350713942 -0.23664120727601734 0.014177912653570206 -0.015266821163459454 0.01942137380765039 0.2929785713588835 0.018831265843964832 "" "" "" "" "" "" "" "" -0.9515835964171817 0.03949849026140098 "" "" 1.3805650698451863 0.03525940638426035 "" "" "" "" "" ""
2008gl CSP DR3 0.8166249192342825 0.11557185192546635 0.406960641434166 0.01941729609317791 -0.06400028015979409 0.025896374788297923 0.544691258907708 0.03475824471412729 0.5935939683963696 0.03118880288368813 "" "" "" "" -0.9099739108828437 0.2198364096408809 "" "" "" "" "" "" 1.0858090754723104 0.8663083633340478 "" "" "" "" "" ""
2008gp CSP DR3 0.9032499111772427 0.058258993059664324 0.238051721133969 0.021275925320030163 -0.1497969189961097 0.023011250709628346 0.32109303595906447 0.0244111891263724 0.47776859710981157 0.02001752604868029 "" "" "" "" -0.9361012080864839 0.1262961329332192 "" "" "" "" "" "" 0.9665805237332048 0.2595325840310782 "" "" "" "" "" ""
2008hv CSP DR3 0.8231640355385359 0.050465324163088424 0.1621406275892454 0.016810673577091692 -0.049491013682080975 0.02429863904982833 0.43733409239782617 0.025030114992319715 0.5378015421547069 0.018346665983847564 "" "" "" "" -1.1471881605833971 0.2569833512919577 "" "" -1.1779935893550508 0.3332890710698516 "" "" 1.2128493767029056 0.5195022082705464 "" "" "" "" "" ""
