results/delta_c_15.ecsv
# %ECSV 0.9
# ---
# datatype:
# - name: obj_id
#   datatype: string
# - name: source
#   datatype: string
# - name: version
#   datatype: string
# - name: u_g
#   datatype: float64
# - name: u_g_err
#   datatype: float64
# - name: g_r
#   datatype: float64
# - name: g_r_err
#   datatype: float64
# - name: r_i
#   datatype: float64
# - name: r_i_err
#   datatype: float64
# - name: B_i
#   datatype: float64
# - name: B_i_err
#   datatype: float64
# - name: B_V
#   datatype: float64
# - name: B_V_err
#   datatype: float64
# - name: B_V0
#   datatype: float64
# - name: B_V0_err
#   datatype: float64
# - name: B_V1
#   datatype: float64
# - name: B_V1_err
#   datatype: float64
# - name: Y_J
#   datatype: float64
# - name: Y_J_err
#   datatype: float64
# - name: Y_Jdw
#   datatype: float64
# - name: Y_Jdw_err
#   datatype: float64
# - name: Ydw_J
#   datatype: float64
# - name: Ydw_J_err
#   datatype: float64
# - name: Ydw_Jdw
#   datatype: float64
# - name: Ydw_Jdw_err
#   datatype: float64
# - name: J_H
#   datatype: float64
# - name: J_H_err
#   datatype: float64
# - name: J_Hdw
#   datatype: float64
# - name: J_Hdw_err
#   datatype: float64
# - name: Jdw_H
#   datatype: float64
# - name: Jdw_H_err
#   datatype: float64
# - name: Jdw_Hdw
#   datatype: float64
# - name: Jdw_Hdw_err
#   datatype: float64
# schema: astropy-2.0
obj_id source version u_g u_g_err g_r g_r_err r_i r_i_err B_i B_i_err B_V B_V_err B_V0 B_V0_err B_V1 B_V1_err Y_J Y_J_err Y_Jdw Y_Jdw_err Ydw_J Ydw_J_err Ydw_Jdw Ydw_Jdw_err J_H J_H_err J_Hdw J_Hdw_err Jdw_H Jdw_H_err Jdw_Hdw Jdw_Hdw_err
2004ef CSP DR3 0.716144509143156 0.06670456953463903 0.46281492205234365 0.012788367339314845 -0.08278875608722558 0.01766687272560488 0.64725775510062 0.021395330104442528 "" "" 0.685347572932729 0.01807709010033362 "" "" "" "" "" "" "" "" "" "" "" "" "" "" "" "" "" ""
2004eo CSP DR3 0.999604705923268 0.07496962024948008 0.46978699576766125 0.01212189541551046 0.057612994479152135 0.012234221056949064 0.879701804056289 0.01570444339181867 "" "" 0.7340677122117949 0.018452381449699923 "" "" "" "" "" "" -0.7769598196736123 0.30209717713493506 "" "" 0.8746570328716672 0.32829534761524715 "" "" "" "" "" ""
2004ey CSP DR3 0.7310249541931082 0.12467220091399846 0.09942290548567989 0.01439179505829867 -0.20839858082701568 0.025463734953196156 0.01944735297670519 0.04305705820347117 "" "" 0.35172820868156585 0.04490544442374618 "" "" "" "" "" "" -0.7676292923858536 0.3422277933484581 "" "" 1.1120520871082622 0.35932806925934585 "" "" "" "" "" ""
2004gs CSP DR3 0.5630459329767064 0.3398869912210807 0.7520831619965485 0.026636826392628633 -0.008896214346234999 0.029497942130340273 1.0237778661458616 0.05607845856988726 "" "" 0.820688466613527 0.05514473063513858 "" "" "" "" "" "" "" "" "" "" "" "" "" "" "" "" "" ""
2004gu CSP DR3 0.6498399968492627 0.0571747992223476 0.1691532338271724 0.016582594831664584 -0.1787132896708563 0.023854516512776654 0.13462064611602464 0.03616881668944639 "" "" 0.317450359544754 0.03327030574696992 "" "" "" "" "" "" "" "" "" "" "" "" "" "" "" "" "" ""
2005A CSP DR3 "" "" 0.21537525848214756 0.032124884847815845 0.10153489267268867 0.0316019526053405 0.600974787467683 0.06926626468367503 "" "" 0.44500406336809384 0.06998626434814775 "" "" "" "" "" "" "" "" "" "" "" "" "" "" "" "" "" ""
2005M CSP DR3 0.7559759558957513 0.033123291578402256 0.2263078092740649 0.012033148568495033 -0.22455579427657213 0.016190412842647443 0.20824378650818431 0.017710555570329325 "" "" 0.4008244167330055 0.01480694835633958 "" "" "" "" "" "" -0.8122480991149832 0.12131567612010119 "" "" 1.0123468998716127 0.1192345660497908 "" "" "" "" "" ""
2005W CSP DR3 "" "" 0.2016901828194495 0.018931782270441858 -0.12999523746717756 0.02015876029882529 0.35531574867953886 0.029171246678393235 "" "" 0.5657746415116129 0.027130236199415313 "" "" "" "" "" "" "" "" "" "" "" "" "" "" "" "" "" ""
2005ag CSP DR3 "" "" 0.31260025366141164 0.022502783420648077 -0.17943097643905048 0.03342593578069593 0.290115107145013 0.03825287823965305 "" "" 0.40001673322866615 0.030369947391264147 "" "" "" "" "" "" "" "" "" "" "" "" "" "" "" "" "" ""
2005al CSP DR3 0.7052640757252142 0.028390858085240226 0.09484996188541928 0.016817229829903364 -0.056031474163617645 0.021804637401349553 0.304338057368188 0.020254921944117613 "" "" 0.4528019942750259 0.016270308934487464 "" "" "" "" "" "" "" "" "" "" "" "" "" "" "" "" "" ""
2005am CSP DR3 "" "" "" "" "" "" "" "" "" "" "" "" "" "" "" "" "" "" "" "" "" "" "" "" "" "" "" "" "" ""
2005bl CSP DR3 "" "" "" "" 0.23356754533790003 0.09535518327843921 "" "" "" "" "" "" "" "" "" "" "" "" "" "" "" "" "" "" "" "" "" "" "" ""
2005el CSP DR3 1.0687218596793482 0.19175744204557812 0.10869913169802459 0.03385015908673603 -0.33521773954035794 0.044598286239306804 0.27677605336873334 0.04534271553192981 "" "" 0.3949765207724347 0.042584000411896014 "" "" -1.035123106084317 0.08036177673021358 "" "" "" "" "" "" 1.2922650148380264 0.10626496447529447 "" "" "" "" "" ""
2005eq CSP DR3 0.7339495466322763 0.04314535216178045 0.09046659875850516 0.012999653438836713 -0.17815139342944697 0.018246596611378823 0.1137736643396714 0.019660039346371273 "" "" 0.3300083484622629 0.017166005510325853 "" "" -0.97029037747083 0.10403187853257023 "" "" "" "" "" "" 1.0937874903301275 0.13198540071852596 "" "" "" "" "" ""
2005hc CSP DR3 0.6155878757264333 0.18330221230683072 0.2846137669924591 0.02089598278729129 -0.1939256802939191 0.036942534948660816 0.21752883068479534 0.04158537399248254 "" "" 0.3944694693976505 0.030127914321546732 "" "" -0.2542188201039064 0.4106350522865095 "" "" "" "" "" "" "" "" "" "" "" "" "" ""
2005hj CSP DR3 "" "" 0.3023324983881146 0.028114477398556808 -0.2179390397991341 0.0424619985511825 0.1837532841159515 0.04971492069474774 "" "" 0.30466864301920715 0.04185702457234915 "" "" "" "" "" "" "" "" "" "" "" "" "" "" "" "" "" ""
2005iq CSP DR3 0.9027096129761887 0.07210648811032601 0.25660041689317836 0.018721956047610046 -0.27127623253351807 0.02634305207230775 0.23369889288279566 0.02851053234387399 "" "" 0.5156647803606784 0.02396826262848099 "" "" -1.0276204767568569 0.5377181084995843 "" "" "" "" "" "" 1.3578771223032078 0.6076757504258878 "" "" "" "" "" ""
2005kc CSP DR3 0.8556374324601386 0.08011573401737408 0.27297139227529676 0.0182769805413401 -0.09314184422567529 0.02068963028661362 0.4868249126184949 0.02511263009666955 "" "" 0.5875088351862345 0.024341044869859604 "" "" -1.0269716926727863 0.07694056281783086 "" "" "" "" "" "" 1.240408791992019 0.08785549429028222 "" "" "" "" "" ""
2005ke CSP DR3 0.46508272331236356 0.08707047726247596 0.893576897437443 0.014773687179888594 0.23671124751498773 0.015530300376352696 1.3672384431877802 0.021095111828023826 "" "" 0.7614797359196874 0.021130446597815343 "" "" -0.6896516711905498 0.034694923047451774 "" "" "" "" "" "" 0.46898808649416424 0.03654931572538197 "" "" "" "" "" ""
2005ki CSP DR3 0.8295939981030092 0.12311735166252469 0.21235353242493638 0.018179892977044185 -0.13165008633197495 0.027981537167582726 0.3348878185295874 0.033429141532664415 "" "" 0.4960399113387979 0.028257167836042447 "" "" -1.1283231491733634 0.2533239644591684 "" "" "" "" "" "" 1.190966091565766 0.28617783520169443 "" "" "" "" "" ""
2005na CSP DR3 0.8345688452487874 0.03361622728260733 0.16948410172988737 0.012301179712281222 -0.21499772640972203 0.017291374807923518 0.14904657584046355 0.01771187177709213 "" "" "" "" "" "" "" "" "" "" "" "" "" "" "" "" "" "" "" "" "" ""
2006D CSP DR3 0.912798526376001 0.12197556664874083 0.21756523929495764 0.016406197712533786 -0.1854649863972746 0.019977850611836157 0.46127589320637696 0.026552721185546257 "" "" "" "" "" "" "" "" "" "" "" "" "" "" "" "" "" "" "" "" "" ""
2006ax CSP DR3 0.9066864582678509 0.08001260790538464 0.08622702881377187 0.019462923285323317 -0.26237733407828046 0.028898586731847063 0.11294152207048036 0.031066886463290547 0.4311022778773026 0.024672842795462332 "" "" "" "" -0.9493055525870702 0.08919718393996368 "" "" "" "" "" "" 1.228819032778695 0.0890654782118686 "" "" "" "" "" ""
2006bh CSP DR3 0.9003932507619314 0.1740202245913972 0.30488267211297426 0.01506023440767821 -0.01583027362303646 0.02088869551584501 0.6242213623486261 0.026971306713492654 0.6696980442711684 0.023930073770334924 "" "" "" "" -1.0632022693087375 0.09833538578801088 "" "" "" "" "" "" 1.265759997958959 0.12018866918558982 "" "" "" "" "" ""
2006et CSP DR3 0.7734909298072239 0.049155334744691526 0.17913549767968107 0.014886992258542448 -0.2003329228046553 0.02052370856812866 0.18473845489403296 0.02118051425882722 0.3800849126184094 0.017311157075494386 "" "" "" "" -0.9208103092186004 0.07152813346005255 "" "" "" "" "" "" 0.8844680493139734 0.08633276406101717 "" "" "" "" "" ""
2006gj CSP DR3 "" "" 0.6693231856888282 0.04756636798669389 -0.002353342720235574 0.04099017851947374 1.009022355798189 0.10570084785974132 0.859612290096841 0.10769892674211146 "" "" "" "" "" "" "" "" "" "" "" "" "" "" "" "" "" "" "" ""
2006gt CSP DR3 "" "" 0.9171457412836173 0.04538933298658134 0.038507471845068864 0.040384687364752044 1.3527201310020835 0.09609584584291203 0.9130334369756543 0.09515164430045762 "" "" "" "" "" "" "" "" "" "" "" "" "" "" "" "" "" "" "" ""
2006hx CSP DR3 "" "" 0.26103814637366085 0.052071071284565465 -0.270774299509867 0.07524769309543074 0.5726638651907745 0.08214872189722605 0.49756837902625684 0.06275784759496884 "" "" "" "" "" "" "" "" -0.7808502898936744 0.43228585492532123 "" "" 0.6399307716780065 0.4689260515084302 "" "" "" "" "" ""
2006kf CSP DR3 1.0333722663023597 0.21123547862425987 0.4889868787599614 0.01756833243038742 -0.02091330971371974 0.02052003342041165 0.85058361247245 0.03279953399538204 0.7614888146560315 0.03190850602692649 "" "" "" "" -1.1357510757964189 0.08452390633876011 "" "" -1.1571243461367704 0.09126753637032894 "" "" 1.16275023928414 0.1119389259561093 "" "" "" "" "" ""
2006mr CSP DR3 0.43264145989351377 0.3950619927268164 0.6954808458240276 0.03415185555836923 0.23384854497461127 0.03254523561464257 1.21676497488982 0.05966509158883229 0.6259386362029726 0.06367566417331062 "" "" "" "" -0.5044748346850287 0.07140998390927497 "" "" "" "" "" "" 0.23882312808324357 0.08423141899505654 "" "" "" "" "" ""
2006ob CSP DR3 "" "" 0.6170959950043482 0.038373248512078406 -0.1087733783920406 0.04953433144192283 0.8213285255363747 0.0675625845067001 0.7004828490724453 0.06160083958353181 "" "" "" "" "" "" "" "" "" "" "" "" "" "" "" "" "" "" "" ""
2007A CSP DR3 "" "" 0.07777293875674651 0.02433152711710193 -0.19190994113298565 0.02366679742105835 0.07340663139324555 0.03404767264197072 0.31388316726228815 0.03486730398509365 "" "" "" "" "" "" "" "" "" "" "" "" "" "" "" "" "" "" "" ""
2007N CSP DR3 "" "" "" "" "" "" "" "" "" "" "" "" "" "" "" "" "" "" "" "" "" "" "" "" "" "" "" "" "" ""
2007S CSP DR3 0.8819877444918909 0.04778302537141166 0.0764680452871076 0.020513111058960077 -0.261580444969427 0.027067797327944943 0.10843864144283621 0.032060693449401184 0.3811637874324223 0.028681849073124974 "" "" "" "" -0.841944848830499 0.05524406032367801 "" "" -0.7874363489019238 0.06405181914447106 "" "" 1.1387041722209919 0.05573548741669448 "" "" "" "" "" ""
2007af CSP DR3 0.8112630788127237 0.18394542637606903 0.19560132701238864 0.019849306814259064 -0.15632395258221976 0.02744411770973065 0.3806737647176419 0.03767557072474832 0.6042079384993482 0.033969480800045936 "" "" "" "" -1.0433971209441264 0.055308415104285025 "" "" -1.0774868864886855 0.08831596602313058 "" "" 1.3545935168930434 0.05757622333925247 "" "" "" "" "" ""
2007ax CSP DR3 -1.0257902634668916 2.7730709628145727 0.9112192844441296 0.14171807093359273 0.33978726347292465 0.08475957432998808 1.3526546182879926 0.3900810953697468 0.6630318452275556 0.3990525978706913 "" "" "" "" -0.1508070793099776 0.12374426778322022 "" "" "" "" "" "" -0.002865775022231176 0.2562916379612528 "" "" "" "" "" ""
2007ba CSP DR3 "" "" 1.0196369065946342 0.035148271782936266 0.019163251629754186 0.04766115993701352 1.457649425412308 0.06621749072167826 0.9122076454808052 0.05750232616264564 "" "" "" "" -0.2723276269882984 0.16284290614814237 "" "" "" "" "" "" "" "" "" "" "" "" "" ""
2007bc CSP DR3 "" "" 0.3828325402543751 0.021389213396601776 -0.045334414989946836 0.03374974766299207 0.4129158777161237 0.08625568450586371 0.4433184928485847 0.08194131610532338 "" "" "" "" -1.3762825226190394 0.5133707506385667 "" "" "" "" "" "" 1.578893866645064 0.5658209274468315 "" "" "" "" "" ""
2007bd CSP DR3 0.8046621876028759 0.3582266565396313 0.08331173719791884 0.029648610334042706 -0.20428524243642876 0.058694306788115685 0.17954127322204094 0.06757028851790126 0.4474048973289815 0.04822163325130572 "" "" "" "" -0.5666747121027207 0.22364548798380068 "" "" "" "" "" "" 0.7132271119006326 0.3941163699766365 "" "" "" "" "" ""
2007ca CSP DR3 0.5936942969415959 0.26253640634569186 0.010103784844968544 0.014498990646760766 -0.2659553747700443 0.020491092683969002 -0.03495688055377677 0.027344264797466673 0.33400065153639247 0.024864809134605634 "" "" "" "" -0.8419189418356208 0.18920632908325688 "" "" -0.8104434090757024 0.19652027308281933 "" "" 1.3977472748040807 0.18732121679671146 "" "" "" "" "" ""
2007hj CSP DR3 0.73487828619648 0.06758655267887147 0.8544600602439996 0.01095131604060591 0.19871254808469452 0.010817456688783783 1.396689957434587 0.01691511727657001 0.9432629328397866 0.016395315102311327 "" "" "" "" "" "" "" "" "" "" "" "" "" "" "" "" "" "" "" ""
2007jg CSP DR3 0.5725212837922342 0.12726685884136482 0.3235755740497641 0.02018060868417202 -0.2586940380449949 0.028052069986976885 0.34976402083608527 0.03162261004507552 0.5714836080621062 0.026412456604032276 "" "" "" "" "" "" "" "" -0.7617069874251197 0.21463892332408055 "" "" "" "" "" "" "" "" "" ""
2007jh CSP DR3 "" "" 0.8978985623890292 0.04213290334279698 0.1294670926706747 0.05550206774605761 1.7112746476438812 0.2555448206779916 1.259824409317508 0.24520299703359583 "" "" "" "" "" "" "" "" "" "" "" "" "" "" "" "" "" "" "" ""
2007le CSP DR3 0.5621171734486765 0.09931415254019985 0.012715246977631267 0.012871152766328666 -0.1585773233408112 0.014852765782174319 0.15375673160295378 0.01900553942620778 0.435278207574207 0.01791680993280238 "" "" "" "" -1.0349150877817213 0.07181710710378555 "" "" "" "" "" "" 1.364730039732974 0.072149042128016 "" "" "" "" "" ""
2007nq CSP DR3 1.1329601915199508 0.14242859462139562 0.49995650760596 0.022757629156838505 -0.029563139160980967 0.03206397732950726 0.8707345659501957 0.03882421184108131 0.6978541949961734 0.033987461234475436 "" "" "" "" "" "" "" "" "" "" "" "" "" "" "" "" "" "" "" ""
2007on CSP DR3 0.9203945394323743 0.2458369699630084 0.8561411613046843 0.024931942894618846 0.25554189580364195 0.0364113858658069 1.463959193935498 0.1489353039031669 0.91584202506953 0.14029871329494467 "" "" "" "" -0.9821754620347853 0.08125788753277666 "" "" "" "" "" "" 0.907279470035613 0.09898701574303082 "" "" "" "" "" ""
2008R CSP DR3 0.8100610813253688 0.22398510096034083 0.8026233469776809 0.016774341346419808 0.15455179273799224 0.018049978731673424 1.353082594229523 0.03168427706631215 0.9650727657575864 0.030899242618890793 "" "" "" "" "" "" "" "" "" "" "" "" "" "" "" "" "" "" "" ""
2008bc CSP DR3 0.43442409122886083 0.053039444831401786 0.31154707968110706 0.04796394363144053 -0.297567995935621 0.045016229726862825 -0.014425757425355457 0.023941151698472284 0.3070502967107487 0.012363028286540133 "" "" "" "" -1.0076053422656344 0.2901426824057275 "" "" -1.064524963800503 0.2963627796317989 "" "" 1.016114796082615 0.31158721975184156 "" "" "" "" "" ""
2008bf CSP DR3 0.7520629014318168 0.050740457888634134 0.06395662282858083 0.014147303617860707 -0.2710761332833673 0.023992632404100094 0.03077886599466062 0.025028578014710437 0.381673294802928 0.017316678981185777 "" "" "" "" "" "" "" "" "" "" "" "" "" "" "" "" "" "" "" ""
2008fp CSP DR3 0.7253912440654133 0.5012289501531985 -0.015836082692036513 0.01271068856782137 -0.2679023032585448 0.01446563857284997 -0.0655851655928501 0.020261692336435135 0.2778296891650971 0.01963456029240757 "" "" "" "" "" "" "" "" -0.8936966866556997 0.028467272635678297 "" "" 1.33620600113413 0.018153544538262845 "" "" "" "" "" ""
2008gl CSP DR3 0.7914025069123944 0.11499742652582332 0.3725739310099083 0.018433759199594404 -0.11040188920338245 0.02596354201054892 0.45891875568097795 0.03366299730655678 0.5749201962072643 0.02938168119363754 "" "" "" "" -0.9226173668631663 0.1753676540310911 "" "" "" "" "" "" 1.042846060669163 0.37335141030137786 "" "" "" "" "" ""
2008gp CSP DR3 0.8981622369613937 0.044097785395778556 0.21945688724459878 0.019191723606299175 -0.1961521550644072 0.021506044955732714 0.25038170449083097 0.023033034428648007 0.45544493526919716 0.0190471593631064 "" "" "" "" -0.9100602617946372 0.10855653361470226 "" "" "" "" "" "" 1.0309639456930704 0.19575563625963383 "" "" "" "" "" ""
2008hv CSP DR3 0.8038517254171467 0.050114336996505755 0.12284196270825198 0.016541707150674052 -0.1021928663670959 0.02362049232394057 0.33628293274585985 0.024305832354887702 0.50988829064333 0.018272655385752457 "" "" "" "" -1.1146475050230489 0.11285315520831352 "" "" -1.137912254261357 0.16500901568490156 "" "" 1.2179465932983593 0.1795281032622753 "" "" "" "" "" ""
