results/band_fits/u_g_r_J_H.ecsv
# %ECSV 0.9
# ---
# datatype:
# - {name: object ID, datatype: string}
# - {name: model, datatype: string}
# - {name: version, datatype: string}
# - {name: success, datatype: bool}
# - {name: chisq, datatype: float32}
# - {name: ndof, datatype: int32}
# - {name: z, datatype: float64}
# - {name: t0, datatype: float64}
# - {name: t0_err, datatype: float64}
# - {name: x0, datatype: float64}
# - {name: x0_err, datatype: float64}
# - {name: hostebv, datatype: float64}
# - {name: hostebv_err, datatype: float64}
# - {name: mwebv, datatype: float64}
# meta:
#   bands: [csp_dr3_u, csp_dr3_g, csp_dr3_r, csp_dr3_J, csp_dr3_H]
# schema: astropy-2.0
"object ID" model version success chisq ndof z t0 t0_err x0 x0_err hostebv hostebv_err mwebv
2004ef CMFGEN 1.02 True 453424.62 136 0.031 53223.81641033333 0.025382607636856847 1.2127211764404105e-10 5.843333449245601e-13 0.2967168035761867 0.0015919234047424497 0.04722849348904677
2004ef CMFGEN 1.04 True 95880.25 136 0.031 53248.45056505712 0.009089175862754928 1.5776510895820996e-10 6.386833407254314e-13 0.5233768103642826 0.0013258800449996572 0.04722849348904677
2004ef CMFGEN 1.4 True 80345.61 136 0.031 53243.85892778835 0.01189853578034672 5.4695079611019195e-11 2.073808131075548e-13 0.20730321984629155 0.0012415339103214941 0.04722849348904677
2004ef CMFGEN 1.7 True 140092.05 136 0.031 53247.45503994396 0.009818144560995279 1.5830337612427029e-10 6.640275853199291e-13 0.5407464013498159 0.0013759379834674566 0.04722849348904677
2004eo CMFGEN 1.02 True 1587640.4 135 0.0157 53091.27363182118 0.06190591700215009 5.000342220163139e-07 1.0179805295381478e-09 1.5777806202824776 0.0006503097470818163 0.09289687254685808
2004eo CMFGEN 1.04 True 201714.11 135 0.0157 53262.99946009313 0.003330386487505166 1.0719839025843425e-09 2.1521611916441533e-12 0.6174125754938767 0.0007265541192316725 0.09289687254685808
2004eo CMFGEN 1.4 True 1812660.9 135 0.0157 53191.18124116435 0.7641459439291793 1.5454864596410613e-09 7.30507314184102e-11 0.3822892347530243 0.01036381987556233 0.09289687254685808
2004eo CMFGEN 1.7 True 269302.78 135 0.0157 53262.340730580574 0.003794172946072649 9.993030638464548e-10 1.9600355216726184e-12 0.611259905334196 0.000705640077017375 0.09289687254685808
2004ey CMFGEN 1.02 True 475960.3 108 0.0158 53261.461688387964 0.03377375903437496 1.2428997649917857e-09 5.452789001729608e-12 0.33798607591702734 0.0015510468842487137 0.11818709721249746
2004ey CMFGEN 1.04 True 120886.89 108 0.0158 53289.15004913875 0.01026212484066491 7.492191096386903e-10 2.4795214137971136e-12 0.3886587179213963 0.0011192217666928016 0.11818709721249746
2004ey CMFGEN 1.7 True 161985.7 108 0.0158 53288.29811289304 0.010820461393450387 7.418370888990339e-10 2.488069794544762e-12 0.39877691312656 0.0011354121979051186 0.11818709721249746
2004gs CMFGEN 1.02 True 43804.586 137 0.0267 53335.80255197631 0.03899699174144189 1.1322832644835037e-10 8.979454148816126e-13 0.5385052920012107 0.0027479028979655825 0.026477202576998395
2004gs CMFGEN 1.04 True 35250.605 137 0.0267 53340.13793554884 0.031025160315039102 2.313580940509338e-10 1.7372899222127016e-12 0.7502991816351056 0.0026195468662870954 0.026477202576998395
2004gs CMFGEN 1.4 True 49843.14 137 0.0267 53333.95364037606 0.04073562291523558 6.182711709338285e-11 4.979231756727228e-13 0.3512153480249654 0.002757547123652035 0.026477202576998395
2004gs CMFGEN 1.7 True 47599.492 137 0.0267 53339.407476608045 0.03287350692335167 2.9179171028789685e-10 2.3382194767940164e-12 0.8425380622793629 0.0028152557762978246 0.026477202576998395
2004gu CMFGEN 1.02 True 6308.9985 67 0.0459 53344.58639442125 0.041242451185098616 5.458930450217422e-11 4.972258053622525e-13 0.30451377732812784 0.0031652896591153135 0.022829520827045438
2004gu CMFGEN 1.04 True 14296.22 67 0.0459 53348.16114021742 0.03314405837954837 1.0352859028596989e-10 9.29379649966789e-13 0.5001300634415832 0.003105071678844268 0.022829520827045438
2004gu CMFGEN 1.4 True 5176.577 67 0.0459 53342.6051854555 0.045460111352440435 3.2905965675847315e-11 3.0028426281292e-13 0.14266394679838748 0.003158435577704977 0.022829520827045438
2004gu CMFGEN 1.7 True 19114.086 67 0.0459 53347.12265398415 0.03417695862663095 1.011518821394876e-10 9.445725774177194e-13 0.5051753606194499 0.0032345530414537586 0.022829520827045438
2005M CMFGEN 1.04 True 65260.83 191 0.022 53390.793471851954 0.014702392276376486 2.3696692501393997e-10 1.111181268164701e-12 0.32914745999382616 0.0015147578913302928 0.026828269304116723
2005M CMFGEN 1.4 True 36430.984 191 0.022 53386.5533146784 0.018505014948459575 9.723235327616188e-11 4.4841098254803234e-13 0.06864949869195387 0.001492013048702479 0.026828269304116723
2005M CMFGEN 1.7 True 91877.59 191 0.022 53389.81447994913 0.015709647068433696 2.337123782897377e-10 1.1422177924565873e-12 0.3385112654249628 0.0015828556120967153 0.026828269304116723
2005al CMFGEN 1.02 True 88725.88 122 0.0124 53412.12960067187 0.030725894386705477 5.552007336121033e-10 2.806759910757977e-12 0.44513939654375473 0.0016279041150595473 0.04777394682567044
2005al CMFGEN 1.04 True 78638.1 122 0.0124 53415.29345390656 0.032375973500165856 1.2594647453638654e-09 5.825970323815342e-12 0.6763441530826518 0.0015035449700047344 0.04777394682567044
2005al CMFGEN 1.4 True 94424.06 122 0.0124 53410.791112937855 0.02973514794575749 3.0513606112519406e-10 1.5478393707175214e-12 0.263695318377419 0.0016265006527362987 0.04777394682567044
2005al CMFGEN 1.7 True 116412.516 122 0.0124 53413.6736460246 0.040602866112749325 1.7771562654714079e-09 9.74253262537105e-12 0.8013710592984968 0.0017156140255657946 0.04777394682567044
2005am CMFGEN 1.02 True 130575.305 102 0.0079 53416.517812494225 0.027407886624132516 2.3487728563443905e-09 1.0762648216826975e-11 0.5379063298609433 0.0014623596435489185 0.046124031495588254
2005am CMFGEN 1.04 True 117871.82 102 0.0079 53420.667962715524 0.02732668946919148 5.447576969247674e-09 2.2824598652743544e-11 0.7839178480772818 0.0013859311193918015 0.046124031495588254
2005am CMFGEN 1.4 True 127070.16 102 0.0079 53415.56242167142 0.025453556558204582 1.2618315251430634e-09 5.623427605206603e-12 0.35080394412172117 0.0014082642788441988 0.046124031495588254
2005am CMFGEN 1.7 True 155040.92 102 0.0079 53420.28872263721 0.030827853424852947 7.774074207444656e-09 3.6480316732615756e-11 0.9290923540177607 0.0015328198706610814 0.046124031495588254
2005el CMFGEN 1.02 True 66267.055 120 0.0149 53627.40253767566 0.023675528325838968 5.442810817811295e-10 2.5524037343445875e-12 0.42636815502084857 0.0016239101086302403 0.09808364969164196
2005el CMFGEN 1.04 True 65892.945 120 0.0149 53630.623555356404 0.01877098037948599 1.1537554764462889e-09 4.876321329709442e-12 0.6335989069329698 0.001431086558886912 0.09808364969164196
2005el CMFGEN 1.4 True 72343.11 120 0.0149 53626.02202927099 0.025643977445724886 2.840167999932957e-10 1.4188900611009745e-12 0.2246072793128086 0.001719307746407525 0.09808364969164196
2005el CMFGEN 1.7 True 88166.06 120 0.0149 53630.053024200846 0.02097665453038644 1.3300691963226092e-09 5.5860622626125755e-12 0.705601292090217 0.0014132442289074253 0.09808364969164196
2005eq CMFGEN 1.02 True 16078.472 102 0.029 53637.23587040465 0.03381071727562812 1.088354036807235e-10 7.324769830432126e-13 0.2109934137684609 0.0021901518889132447 0.06362687563506927
2005eq CMFGEN 1.04 True 24828.445 102 0.029 53640.10327100313 0.030854932811053004 1.8761436956100024e-10 1.2272782541380389e-12 0.36948497936363733 0.002103260550647303 0.06362687563506927
2005eq CMFGEN 1.4 True 15295.788 102 0.029 53635.84141818329 0.03449702185753267 6.783410276333613e-11 4.5356750030433e-13 0.06645254147066931 0.002185075616963121 0.06362687563506927
2005eq CMFGEN 1.7 True 34481.508 102 0.029 53639.188205829756 0.031128221962717362 1.8224344020697936e-10 1.2470012567584646e-12 0.3735827180210472 0.0022017548496967567 0.06362687563506927
2005gj CMFGEN 1.02 True 100983.4 115 0.0616 53689.7854431278 0.03325754428078653 5.289892038767822e-10 4.5714337540190135e-12 0.9319544825553725 0.003250802123111068 0.10432937283711677
2005gj CMFGEN 1.4 True 80088.33 115 0.0616 53636.971958928865 0.2663594137811742 4.974747241399717e-10 1.0069727425184255e-11 0.40577773838468884 0.005750186637950485 0.10432937283711677
2005hc CMFGEN 1.02 True 8436.231 66 0.0459 53648.70620564451 0.03740167933210614 3.4240433388360827e-11 2.758643188827865e-13 0.14239846928518574 0.002544819975946373 0.02814121741934405
2005hc CMFGEN 1.04 True 14344.004 66 0.0459 53651.922383660305 0.031235002643370535 5.411086310542302e-11 4.343645131492095e-13 0.28417120607753144 0.002517525627980208 0.02814121741934405
2005hc CMFGEN 1.4 True 7001.155 66 0.0459 53647.014283807584 0.039584412592375884 2.4100333796911254e-11 1.9504160042856822e-13 0.03023022276522452 0.002555636439096169 0.02814121741934405
2005hc CMFGEN 1.7 True 20785.607 66 0.0459 53650.62566698731 0.03298805448866915 5.0105487683847054e-11 4.181222220596685e-13 0.26826794799062886 0.0026260208624820703 0.02814121741934405
2005hk CMFGEN 1.02 True 329395.3 140 0.013 53643.20085716579 0.029807762773998547 1.1457072346032246e-09 5.701600480080523e-12 0.6433861070628496 0.0018093147808048225 0.020061264631809475
2005hk CMFGEN 1.04 True 124306.555 140 0.013 53671.20886988722 0.015436037770996336 1.1394543450919875e-09 5.145915251227138e-12 0.8345965679724654 0.001655135727132933 0.020061264631809475
2005hk CMFGEN 1.4 True 88205.695 140 0.013 53666.56592680491 0.01987893897239701 5.180719878647898e-10 2.3640249822064596e-12 0.6143402752612773 0.0017078410359545313 0.020061264631809475
2005hk CMFGEN 1.7 True 157600.38 140 0.013 53670.41948909108 0.016854690886248136 1.0408521073739787e-09 4.783553047983733e-12 0.8225179179399006 0.0016797022659977034 0.020061264631809475
2005iq CMFGEN 1.02 True 10414.9375 75 0.034 53668.419087121096 0.030100669548119185 3.9308299273070135e-11 3.179525705765098e-13 0.06263549510556596 0.0025615659782164475 0.01900663001980604
2005iq CMFGEN 1.04 True 11863.812 75 0.034 53671.71783965354 0.02455192721390631 6.53522590408004e-11 5.154228904629653e-13 0.21359453115639981 0.002479740464337089 0.01900663001980604
2005iq CMFGEN 1.4 True 10281.094 75 0.034 53666.744666030296 0.03227854428405408 2.5428171149694246e-11 2.0548358677872473e-13 -0.07382339972306833 0.002561444292194911 0.01900663001980604
2005iq CMFGEN 1.7 True 56603.867 75 0.034 53651.16767932322 0.09006810553546529 1.4257501541948108e-10 1.6173749253588625e-12 0.22120224302029948 0.003061662882060899 0.01900663001980604
2005kc CMFGEN 1.02 True 133296.39 65 0.0151 53548.36388780801 0.20897357993817423 1.566305600115233e-07 1.5585811329449018e-09 1.3300484493396028 0.002427992945026984 0.11361467365635353
2005kc CMFGEN 1.04 True 21990.047 65 0.0151 53682.371610048875 0.014595369895687327 9.030883071076635e-10 7.09685572552767e-12 0.6477184561851886 0.0027735066988568246 0.11361467365635353
2005kc CMFGEN 1.4 True 129801.23 65 0.0151 53533.0933330494 0.3148713522568869 1.4946773807903792e-07 1.7463450781340717e-09 1.276140437680877 0.0023715702563661617 0.11361467365635353
2005kc CMFGEN 1.7 True 26052.234 65 0.0151 53681.57021639876 0.015202899845462525 8.400335470535235e-10 6.678897979009089e-12 0.6340660899564958 0.002801274898432252 0.11361467365635353
2005ke CMFGEN 1.02 True 490074.38 201 0.0049 53613.06810495284 0.18270144296911894 4.023817548630474e-08 3.2967099194541824e-10 1.253095877383377 0.0016596523452055143 0.021125155887244045
2005ke CMFGEN 1.04 False 784275.44 201 0.0049 53677.60313962658 95.86462258405663 2.4485606589034797e-10 7.79941906405535e-14 0.13234173920452508 1.4411071784949788e-05 0.021125155887244045
2005ke CMFGEN 1.4 True 546034.5 201 0.0049 53656.15996923732 0.02894659802041133 4.061017963099967e-09 1.3988607815587093e-11 0.9616532236444062 0.0015735477668334427 0.021125155887244045
2005ke CMFGEN 1.7 False 900256.75 201 0.0049 53671.873481306524 100.9816007390109 2.3779475432782683e-10 8.249293930035948e-14 0.1326367527743745 1.5909369544503006e-05 0.021125155887244045
2005ki CMFGEN 1.02 True 239203.56 157 0.0192 53662.997611006715 0.04038412644149503 7.575943912098819e-10 4.95657298830071e-12 0.5910324644791239 0.002182120919535077 0.027486266648353123
2005ki CMFGEN 1.04 True 50937.7 157 0.0192 53690.07997071502 0.015432125255756546 5.01665335595225e-10 2.838538928241863e-12 0.5779372984024219 0.0019628244851130723 0.027486266648353123
2005ki CMFGEN 1.4 True 74621.805 157 0.0192 53685.7418108284 0.021638668498781044 1.3935969112297597e-10 8.538112811016675e-13 0.2176858688521042 0.002104074621058127 0.027486266648353123
2005ki CMFGEN 1.7 True 69728.0 157 0.0192 53689.37716272413 0.016065288793470245 6.213803227004597e-10 3.4273216790194178e-12 0.6671692158968954 0.0019267682884116393 0.027486266648353123
2005na CMFGEN 1.02 True 38356.273 79 0.0263 53721.889204396786 0.03603812168148579 1.531927857241579e-10 1.1238510840704511e-12 0.2745576980166635 0.0024219658672913523 0.06681481625966589
2005na CMFGEN 1.04 True 45807.773 79 0.0263 53725.50131607678 0.03270925339893438 2.8847549967557623e-10 2.0842169756658485e-12 0.46469483909803283 0.002370981358047907 0.06681481625966589
2005na CMFGEN 1.4 True 34606.9 79 0.0263 53720.57856062308 0.03505296725779772 8.44092746451679e-11 6.119887633243832e-13 0.08821716289096895 0.0023854590636815777 0.06681481625966589
2005na CMFGEN 1.7 True 64017.516 79 0.0263 53724.52953279085 0.033837299120932585 3.1168846744024916e-10 2.3616581756154543e-12 0.5083972787484987 0.002471877850802187 0.06681481625966589
2006D CMFGEN 1.02 True 83456.32 149 0.0085 53739.11126990762 0.03081189923977945 1.5521163763201177e-09 6.496835271640096e-12 0.566012635504181 0.0014449336216389359 0.039300265923908353
2006D CMFGEN 1.04 True 65902.94 149 0.0085 53742.04119183719 0.02607025769248139 3.506828123650699e-09 1.3788908493219306e-11 0.780497540030672 0.001372625450517343 0.039300265923908353
2006D CMFGEN 1.4 True 106012.8 149 0.0085 53738.1337465402 0.029938223404315067 7.852653001950732e-10 3.4516111177704624e-12 0.37021117898953976 0.0015016617927294212 0.039300265923908353
2006D CMFGEN 1.7 True 96666.18 149 0.0085 53741.68032982314 0.025641964915848803 5.251155064826677e-09 2.389897270935794e-11 0.9351902127906354 0.0015686366254137095 0.039300265923908353
2006X CMFGEN 1.02 True 47377.367 165 0.0052 53768.800742146996 0.008881473997462308 2.4316442634450173e-08 5.6486010373163696e-11 1.4536509708174203 0.0008484192673513303 0.022553426442264515
2006X CMFGEN 1.04 True 76534.68 165 0.0052 53771.11045303124 0.0070469532038259786 4.580450733417732e-08 1.0329582285296758e-10 1.6102344115149991 0.0008108871665508738 0.022553426442264515
2006X CMFGEN 1.4 True 40194.547 165 0.0052 53767.30140560687 0.010018284170655534 1.590977844458702e-08 3.835158409369733e-11 1.334773185775186 0.0008869695644387352 0.022553426442264515
2006X CMFGEN 1.7 True 149819.22 165 0.0052 53770.432830386984 0.007481751024897676 4.8282077049326034e-08 1.1518448645204109e-10 1.6419585828744723 0.0008488277007603227 0.022553426442264515
2006ax CMFGEN 1.02 True 366138.84 125 0.0167 53754.61821037169 0.20751385918265441 4.265557436997755e-09 5.4310080948958535e-11 0.6947187173032705 0.0028803598957406634 0.04323992187949964
2006ax CMFGEN 1.04 True 66253.45 125 0.0167 53811.55706898819 0.009730562571348855 9.223016793786989e-10 3.5168968748276083e-12 0.5490218340160241 0.0013539599092795218 0.04323992187949964
2006ax CMFGEN 1.4 True 352930.78 125 0.0167 53754.28849084622 0.14120581680253963 2.4878887547988252e-09 2.269795613923249e-11 0.567418516579356 0.002357403856831996 0.04323992187949964
2006ax CMFGEN 1.7 True 95674.51 125 0.0167 53811.01908824436 0.011514638648804976 9.955519097096314e-10 3.850115312307263e-12 0.5997221130917486 0.0013803553583876327 0.04323992187949964
2006bh CMFGEN 1.02 True 83875.914 91 0.0109 53813.98917839628 0.03551158790287445 1.1323708406147574e-09 5.5793157763081095e-12 0.5068644561917716 0.0017418622956901515 0.022862200011365373
2006bh CMFGEN 1.04 True 73348.945 91 0.0109 53818.12337707227 0.026476782051759074 2.267713224597072e-09 1.0665015708168598e-11 0.7128253391936058 0.001620720431825132 0.022862200011365373
2006bh CMFGEN 1.4 True 89150.336 91 0.0109 53812.3951621105 0.03374128672294319 5.926095873126988e-10 3.041407454904411e-12 0.29982206759151964 0.0018049660057701783 0.022862200011365373
2006bh CMFGEN 1.7 True 94492.164 91 0.0109 53817.24145964693 0.029631465651618782 2.8940348999904242e-09 1.3786808091546968e-11 0.8165662052715038 0.0016020262375006863 0.022862200011365373
