results/band_fits/u_g_r_Ydw.ecsv
# %ECSV 0.9
# ---
# datatype:
# - {name: object ID, datatype: string}
# - {name: model, datatype: string}
# - {name: version, datatype: string}
# - {name: success, datatype: bool}
# - {name: chisq, datatype: float32}
# - {name: ndof, datatype: int32}
# - {name: z, datatype: float64}
# - {name: t0, datatype: float64}
# - {name: t0_err, datatype: float64}
# - {name: x0, datatype: float64}
# - {name: x0_err, datatype: float64}
# - {name: hostebv, datatype: float64}
# - {name: hostebv_err, datatype: float64}
# - {name: mwebv, datatype: float64}
# meta:
#   bands: [csp_dr3_u, csp_dr3_g, csp_dr3_r, csp_dr3_Ydw]
# schema: astropy-2.0
"object ID" model version success chisq ndof z t0 t0_err x0 x0_err hostebv hostebv_err mwebv
[from data line 172]
2007if CMFGEN 1.4 True 1583.5714 42 0.0742 54328.07711874766 0.14832006467986503 4.632477866536634e-11 4.839480516799864e-13 0.21081406752135212 0.005064932115112729 0.0710264807303712
2007if CMFGEN 1.7 True 9106.761 42 0.0742 54324.830569313526 0.24795868201181293 2.2985067405872734e-10 3.3204075577213548e-12 0.6030308396663598 0.0033730651699781502 0.0710264807303712
2007jd CMFGEN 1.02 True 820.8693 26 0.0726 54338.90336273391 0.23083632155612577 1.2282386380382032e-11 3.335604762483858e-13 0.24633916551057156 0.009194737406537782 0.06637035699139174
2007jd CMFGEN 1.04 True 1302.7246 26 0.0726 54345.073067935286 0.20064369746978628 2.1255170289386226e-11 5.652603536114566e-13 0.4571411433056049 0.008986142970396334 0.06637035699139174
2007jd CMFGEN 1.4 True 654.0115 26 0.0726 54337.08350046447 0.2225125061813742 7.91520118421443e-12 2.283460968920798e-13 0.10383792870164263 0.00990021315643913 0.06637035699139174
2007jd CMFGEN 1.7 True 1487.061 26 0.0726 54343.69667314567 0.1843049990820873 1.9306564213505384e-11 5.241755205033577e-13 0.43164257424696917 0.00882815105672367 0.06637035699139174
2007jg CMFGEN 1.02 True 5016.087 39 0.0371 54346.35798907331 0.05304867784070666 5.212558962700068e-11 5.38113408785676e-13 0.2628391349151895 0.0032277116947645244 0.09127945747595989
2007jg CMFGEN 1.04 True 7734.9253 39 0.0371 54350.63767925891 0.03841442263001227 9.020372299714402e-11 9.695880630215556e-13 0.43695049354348575 0.0033387078888731125 0.09127945747595989
2007jg CMFGEN 1.4 True 4308.091 39 0.0371 54344.647078864364 0.052473729905614164 3.3501615202607605e-11 3.42031587852557e-13 0.120820935339898 0.003197119330347687 0.09127945747595989
2007jg CMFGEN 1.7 True 9847.593 39 0.0371 54349.26902886998 0.041251099140936276 8.354392882702254e-11 9.224178445921805e-13 0.4183046389872726 0.0034312866860130497 0.09127945747595989
2007le CMFGEN 1.02 True 30741.332 74 0.0067 54381.94324340497 0.023981422731594648 4.560733305598547e-09 1.9445319731890205e-11 0.6995539327889089 0.0015221052625370966 0.02875745688753973
2007le CMFGEN 1.04 True 45496.574 74 0.0067 54385.100503033456 0.019203161256882595 9.325449790083427e-09 4.189750363354743e-11 0.8953006008667819 0.0016090383782839499 0.02875745688753973
2007le CMFGEN 1.4 True 31037.74 74 0.0067 54380.246242159155 0.026287722208508058 2.5582854904692974e-09 1.0852615751549927e-11 0.5217242962148647 0.0015034326381419727 0.02875745688753973
2007le CMFGEN 1.7 True 82165.625 74 0.0067 54384.39990835655 0.019703409572684905 1.2449503777076803e-08 6.173286064823875e-11 1.0134911971111342 0.0017878158108228827 0.02875745688753973
2007nq CMFGEN 1.02 True 14220.743 61 0.045 54378.94022793964 0.06401921431097435 4.966617639396699e-11 4.856637536201448e-13 0.35617486947547694 0.0034012037356886712 0.03048465300562326
2007nq CMFGEN 1.04 True 14472.379 61 0.045 54382.95999240494 0.06162118896099855 1.0965665484705441e-10 1.1288408671601239e-12 0.602422571673336 0.003509604831087356 0.03048465300562326
2007nq CMFGEN 1.4 True 14999.647 61 0.045 54377.38564802722 0.06197225772848469 2.684482599978594e-11 2.71869884484767e-13 0.16428880214738292 0.003534440267785159 0.03048465300562326
2007nq CMFGEN 1.7 True 21042.393 61 0.045 54382.10833828844 0.06360116223004297 1.209701962637829e-10 1.437576386916905e-12 0.6513114177413363 0.003990777719349801 0.03048465300562326
2007on CMFGEN 1.02 True 103202.09 92 0.0065 54401.76119944349 0.021508468820684357 2.2020227507620996e-09 1.0486967289911637e-11 0.3668650346785361 0.00162825112047091 0.00991579720241815
2007on CMFGEN 1.04 True 78774.11 92 0.0065 54404.9498605304 0.01828155882685678 5.465855308503412e-09 2.5613851652025285e-11 0.6187389172588407 0.0016214925192764443 0.00991579720241815
2007on CMFGEN 1.4 True 117235.43 92 0.0065 54400.07219325989 0.023650983261177316 1.1930134831493036e-09 5.5417196827903605e-12 0.18487946652479023 0.0015611012833408773 0.00991579720241815
2007on CMFGEN 1.7 True 88503.63 92 0.0065 54404.475139178045 0.017696029866783647 7.783723327581988e-09 3.956792811208848e-11 0.7511845940136151 0.0017755431902511188 0.00991579720241815
2007so CMFGEN 1.02 True 2204.402 22 0.0297 54411.378562384445 0.16440134307049448 2.918408778861293e-10 2.8388515267053845e-12 0.742427640917806 0.0037217291975048866 0.11558239602450404
2007so CMFGEN 1.04 True 1913.983 22 0.0297 54415.4702437462 0.20629218397516524 7.376285686983096e-10 7.286281846757708e-12 1.0139513616421538 0.0036698393465947037 0.11558239602450404
2007so CMFGEN 1.4 True 3037.316 22 0.0297 54409.47436145635 0.15017150158746517 1.6927407668701806e-10 1.6675717978994962e-12 0.5715767898343526 0.00397326146148134 0.11558239602450404
2007so CMFGEN 1.7 True 4399.477 22 0.0297 54406.88390833309 0.3885534344772168 2.0139712519532354e-09 2.4561689574657102e-11 1.2772103421832919 0.004459871017260762 0.11558239602450404
2007sr CMFGEN 1.02 True 37353.375 79 0.0055 54434.27852888318 0.03723724017982022 5.210909607963014e-09 1.7444910625185528e-11 0.48100113673768197 0.0010986503202924372 0.04047821787749507
2007sr CMFGEN 1.04 True 57275.773 79 0.0055 54435.48340740052 0.043537330071558245 1.219725605408531e-08 4.1943513611938664e-11 0.6922991335713139 0.0010855361232048363 0.04047821787749507
2007sr CMFGEN 1.4 True 30247.994 79 0.0055 54433.640791533915 0.032094246947963256 2.794527297475858e-09 9.140229321201403e-12 0.30590870472679793 0.0011001359951232153 0.04047821787749507
2007sr CMFGEN 1.7 True 107069.49 79 0.0055 54434.24066628292 0.07581046294581029 1.4738033224697277e-08 7.402368081142021e-11 0.7646459658707143 0.0011001395762357065 0.04047821787749507
2007st CMFGEN 1.02 True 16114.31 41 0.0212 54435.578914439764 0.08405687437698361 3.318044264639948e-10 2.580512999410436e-12 0.4913508297208619 0.0026544052017578547 0.014189318123033668
2007st CMFGEN 1.04 True 16104.847 41 0.0212 54440.94489739803 0.07468493880878668 7.258386384569527e-10 5.901931816718734e-12 0.755287371138105 0.00254797807492852 0.014189318123033668
2007st CMFGEN 1.4 True 13716.339 41 0.0212 54433.92316833076 0.07025309361415566 1.9407065932953992e-10 1.501070725092775e-12 0.3178538695607431 0.0027225317155428383 0.014189318123033668
2007st CMFGEN 1.7 True 22940.72 41 0.0212 54439.702955658 0.06604156448156573 7.874593693513868e-10 7.461527434379449e-12 0.7914433019449951 0.00278024578361531 0.014189318123033668
2007ux CMFGEN 1.02 True 15061.739 52 0.0309 54444.1705156408 0.07874182942032348 8.636067151519501e-11 7.780012287922924e-13 0.4588661575074757 0.0031958680438245427 0.03865491382492817
2007ux CMFGEN 1.04 True 14094.288 52 0.0309 54450.28410462305 0.06162761873201816 1.7228947027217207e-10 1.6423010975496445e-12 0.705174501366089 0.003412445739566984 0.03865491382492817
2007ux CMFGEN 1.4 True 15460.545 52 0.0309 54442.540773925255 0.06672797050123336 5.0467928939859744e-11 4.689954669223772e-13 0.28833029237261504 0.003321193335808363 0.03865491382492817
2007ux CMFGEN 1.7 True 20734.88 52 0.0309 54448.50181054676 0.07348540884413524 2.0111315860147491e-10 2.290972174123703e-12 0.7585838583879896 0.003966877971598156 0.03865491382492817
2008C CMFGEN 1.02 True 6470.014 45 0.0166 54448.735039928106 0.09343358332262142 5.234854385208241e-10 3.9657314491285886e-12 0.5335726887691976 0.0029507627334419955 0.07204778690206645
2008C CMFGEN 1.04 True 222840.11 45 0.0166 54508.74424739919 0.26187820501218084 1.3147086653614327e-10 3.7758911201674956e-12 0.7945471062415952 0.011895013696779148 0.07204778690206645
2008C CMFGEN 1.4 True 6485.934 45 0.0166 54447.03921168736 0.07586726709268987 3.158048850992872e-10 2.3801308885862763e-12 0.373989729150705 0.0029642928582846485 0.07204778690206645
2008O CMFGEN 1.02 True 3130.0364 31 0.0389 54470.05858822235 0.11483166127436562 6.411259993242658e-11 9.073794822603108e-13 0.5294873277539816 0.004791028604603654 0.07585233234567533
2008O CMFGEN 1.04 True 5719.2754 31 0.0389 54461.88425657414 0.1586816436793015 1.6656328698294398e-10 2.292903254522232e-12 0.6202692435165992 0.005545898598799269 0.07585233234567533
2008O CMFGEN 1.4 True 3086.8608 31 0.0389 54467.59923546645 0.1250251332494372 4.3381334581128893e-11 6.139759188054081e-13 0.39409823352120277 0.004958221348750204 0.07585233234567533
2008O CMFGEN 1.7 True 4405.7344 31 0.0389 54474.242084801415 0.09724047481358866 1.0578347684195348e-10 1.6080840378486753e-12 0.7146496243281453 0.005164473183560184 0.07585233234567533
2008R CMFGEN 1.02 True 52363.727 31 0.0135 54472.3642860214 0.039986551222682465 4.1314960422940497e-10 3.058581299703409e-12 0.3726321795483691 0.002534122302850691 0.06202084408502785
2008R CMFGEN 1.04 True 44176.086 31 0.0135 54477.5167195045 0.038931272389163496 8.956359675856939e-10 6.33394952920382e-12 0.6258378295111441 0.002442836969305092 0.06202084408502785
2008R CMFGEN 1.4 True 49271.137 31 0.0135 54470.46182900041 0.03906027346602059 2.1865010173843105e-10 1.569122441657318e-12 0.16297697409429815 0.0024435653770864046 0.06202084408502785
2008R CMFGEN 1.7 True 53290.055 31 0.0135 54476.59110259278 0.038486869121697964 1.1032814962057622e-09 8.362594668397062e-12 0.711887203421584 0.0025705578014882345 0.06202084408502785
2008ae CMFGEN 1.04 True 3376.027 14 0.03 54521.3217913152 0.23276349974184996 3.5213775803448084e-12 4.896732099907709e-14 -3.284918532288636 0.005367544938238217 0.02369781462470916
2008ae CMFGEN 1.4 True 313.8429 14 0.03 54494.40439633621 0.2292452578585653 9.343851852375727e-11 2.184660353760237e-12 0.7829769627636417 0.009936858339018079 0.02369781462470916
2008ar CMFGEN 1.02 True 8558.595 45 0.0261 54516.72122253653 0.037482482875930145 1.5108447462775917e-10 1.4642711584905433e-12 0.3386106456773341 0.003272034814057244 0.03165642704095217
2008ar CMFGEN 1.04 True 13353.078 45 0.0261 54519.263881745304 0.03132202772758319 2.9893708881517685e-10 2.8805416225086967e-12 0.5262439805455548 0.0032159703112337843 0.03165642704095217
2008ar CMFGEN 1.4 True 6602.534 45 0.0261 54515.41087997022 0.04028865980217233 8.367286020748758e-11 7.967812118059255e-13 0.1550892280987161 0.00321076281512635 0.03165642704095217
2008ar CMFGEN 1.7 True 20141.936 45 0.0261 54518.564229426505 0.03293557525103097 3.4196781588004107e-10 3.4721412285542554e-12 0.5946444952260661 0.003402051722509975 0.03165642704095217
2008bc CMFGEN 1.02 True 25870.43 74 0.0151 54531.21708005891 0.01751193815653096 3.182046291578666e-10 1.381576127586157e-12 0.1230551737231185 0.0013790877037733297 0.22550709929515722
2008bc CMFGEN 1.04 True 41159.727 74 0.0151 54533.8969057029 0.015479541470995173 5.359874396648025e-10 2.3962807578037055e-12 0.275865198711326 0.0014120784926122396 0.22550709929515722
2008bc CMFGEN 1.4 True 22435.48 74 0.0151 54529.89540795089 0.018565697529993486 2.261024096701422e-10 9.57419917267726e-13 0.015578029788610713 0.001341140904759213 0.22550709929515722
2008bc CMFGEN 1.7 True 60318.977 74 0.0151 54532.55060078429 0.017224023613380268 5.239470748264557e-10 2.4380106284026062e-12 0.2807913247879668 0.0014725556779462412 0.22550709929515722
2008bf CMFGEN 1.02 True 19350.117 75 0.0235 54536.785179335406 0.02226935226644855 1.3896839385507917e-10 8.179090577314023e-13 0.15255751827454825 0.001983539419387815 0.02971233782867539
2008bf CMFGEN 1.04 True 27019.902 75 0.0235 54539.694150048395 0.018193435404100455 2.548686487184226e-10 1.477332401396131e-12 0.32453525145952544 0.0019357305141811728 0.02971233782867539
2008bf CMFGEN 1.4 True 19537.342 75 0.0235 54535.185576788164 0.024379208996833768 8.389692914888474e-11 4.898784489954632e-13 -0.0033301690218342293 0.00196013789014646 0.02971233782867539
2008bf CMFGEN 1.7 True 41142.53 75 0.0235 54538.742063464044 0.019287478247861145 2.587396184012953e-10 1.548806282564245e-12 0.34831973539626465 0.002011451409780421 0.02971233782867539
2008bi CMFGEN 1.02 True 8092.7285 29 0.0134 54512.42533811043 0.10657696626367397 3.9267018771796417e-10 4.698859105052815e-12 0.7333547819365966 0.005260868669450482 0.037379980331966524
2008bi CMFGEN 1.04 True 9179.337 29 0.0134 54532.29247437087 0.08583615460884175 9.259978529566551e-10 1.3441987415580321e-11 1.2437716208692027 0.0056075313902072925 0.037379980331966524
2008bi CMFGEN 1.4 True 9215.375 29 0.0134 54510.804236738295 0.12032738731068093 2.2458104562270996e-10 2.8255791817020493e-12 0.5622335406368134 0.005418929564788025 0.037379980331966524
2008bi CMFGEN 1.7 True 7478.7314 29 0.0134 54531.756866419295 0.10770040251736646 1.405426443074372e-09 2.1547119712715305e-11 1.411736640267051 0.005976670987973837 0.037379980331966524
2008cc CMFGEN 1.02 True 25265.715 60 0.0104 54561.17212582986 0.05857579618532327 1.0625585102528218e-09 5.084472588931137e-12 0.5241997872573928 0.001769345834627925 0.03586503715546102
2008cc CMFGEN 1.04 True 22320.11 60 0.0104 54565.65679690292 0.05083051867768518 2.1642423432981226e-09 1.035620335054753e-11 0.7477837120148856 0.001673215796942261 0.03586503715546102
2008cc CMFGEN 1.4 True 28979.506 60 0.0104 54559.003508288435 0.048181858441239456 6.047267935495944e-10 2.8652087116153575e-12 0.34880382688582184 0.0017811341221439434 0.03586503715546102
2008cc CMFGEN 1.7 True 33413.766 60 0.0104 54563.68761933311 0.06430550600634888 2.519739374369446e-09 1.4403989414974579e-11 0.7879950963903453 0.001806087589583752 0.03586503715546102
2008cf CMFGEN 1.02 True 7131.6987 34 0.046 54577.209575549605 0.05575889281681157 3.2805166242576236e-11 2.507392999065834e-13 0.07063153787760566 0.0024726924007787395 0.05759850795422031
2008cf CMFGEN 1.04 True 12194.425 34 0.046 54581.39584812579 0.048089436273585306 6.292669370206187e-11 5.055406671834379e-13 0.27995650213393175 0.0025999587989763203 0.05759850795422031
2008cf CMFGEN 1.4 True 6427.111 34 0.046 54575.53694956708 0.05498069691748242 2.146523927806846e-11 1.6370453660650183e-13 -0.06564423529951405 0.002449974357111726 0.05759850795422031
2008cf CMFGEN 1.7 True 17773.629 34 0.046 54580.110382694525 0.04828384859865764 6.134316070219723e-11 5.038041673584612e-13 0.2807102311240276 0.002646933375417013 0.05759850795422031
2008ff CMFGEN 1.02 True 10715.468 75 0.0193 54692.99848730894 0.03691429871105356 5.897324557179787e-10 1.8975540749572258e-12 0.5891155439953938 0.001432034516692331 0.04350702296194606
2008ff CMFGEN 1.04 True 15637.368 75 0.0193 54695.82309168786 0.026381098614365328 1.5340794768316816e-09 4.850661672882974e-12 0.8540287720725989 0.001301974253875694 0.04350702296194606
2008ff CMFGEN 1.4 True 4246.1235 75 0.0193 54691.48666924861 0.03983215584594291 3.1840267411803887e-10 1.0684319565043611e-12 0.3978746300714314 0.0014902293473216216 0.04350702296194606
2008ff CMFGEN 1.7 True 36327.293 75 0.0193 54694.5682903388 0.058511450228252215 2.2048848226511526e-09 7.469954462539023e-12 0.98950413565438 0.0012324931018347289 0.04350702296194606
2008fl CMFGEN 1.02 True 50349.746 70 0.0199 54701.75890784854 0.03555816938751377 3.433808177670935e-10 1.1432491280789121e-12 0.44126377703204417 0.0011116256774001967 0.15710973562674108
2008fl CMFGEN 1.04 True 61048.152 70 0.0199 54706.33958306315 0.05442870869956096 7.555565404185512e-10 2.70294693147764e-12 0.6950519673996876 0.00121186366797205 0.15710973562674108
2008fl CMFGEN 1.4 True 49981.555 70 0.0199 54700.67655612588 0.03269582397479098 2.04286996931998e-10 6.637203891714889e-13 0.2863012195317221 0.0011920904896887113 0.15710973562674108
2008fl CMFGEN 1.7 True 107223.87 70 0.0199 54701.749153643235 0.07591483290525503 1.0939566614007928e-09 6.447094641797425e-12 0.776421940492663 0.00129573269039968 0.15710973562674108
2008fp CMFGEN 1.02 True 44020.78 100 0.0057 54713.30394289791 0.01746420691415551 5.239128794621072e-09 1.1826584278656018e-11 0.7154169012050758 0.0008579513213994493 0.16865355471544707
