results/band_fits/u_g_r_Y.ecsv
# %ECSV 0.9
# ---
# datatype:
# - {name: object ID, datatype: string}
# - {name: model, datatype: string}
# - {name: version, datatype: string}
# - {name: success, datatype: bool}
# - {name: chisq, datatype: float32}
# - {name: ndof, datatype: int32}
# - {name: z, datatype: float64}
# - {name: t0, datatype: float64}
# - {name: t0_err, datatype: float64}
# - {name: x0, datatype: float64}
# - {name: x0_err, datatype: float64}
# - {name: hostebv, datatype: float64}
# - {name: hostebv_err, datatype: float64}
# - {name: mwebv, datatype: float64}
# meta:
#   bands: [csp_dr3_u, csp_dr3_g, csp_dr3_r, csp_dr3_Y]
# schema: astropy-2.0
"object ID" model version success chisq ndof z t0 t0_err x0 x0_err hostebv hostebv_err mwebv
[from data line 172]
2007hj CMFGEN 1.02 True 97565.62 99 0.0141 54328.82428436419 0.04070033686366514 5.906835623748544e-10 2.3173344578775398e-12 0.6122771914669789 0.0014104333775732487 0.0757651475075587
2007hj CMFGEN 1.04 True 70550.31 99 0.0141 54334.76487100049 0.02582747122141882 1.208282274238387e-09 4.824633003532061e-12 0.8546890125629107 0.0014713528945154923 0.0757651475075587
2007hj CMFGEN 1.4 True 99993.73 99 0.0141 54326.47471604315 0.0356240195214923 3.3235710080644664e-10 1.3244334109675912e-12 0.42099569928977326 0.001465548395021979 0.0757651475075587
2007hj CMFGEN 1.7 True 85185.0 99 0.0141 54333.6357317311 0.02844024707155768 1.882661219110386e-09 8.905899738173902e-12 1.0249256182695277 0.0017360356233072026 0.0757651475075587
2007hx CMFGEN 1.4 True 431.7357 30 0.0794 54332.575716346284 0.18263194420796935 7.653843210587847e-12 2.3690635530876127e-13 0.18701027294355743 0.01000547312892369 0.030162738476570965
2007hx CMFGEN 1.7 True 1505.5481 30 0.0794 54337.564213050224 0.13867434968415182 1.4436462677959552e-11 4.4465948113751843e-13 0.4115455192634756 0.009840423780727124 0.030162738476570965
2007if CMFGEN 1.02 True 1761.1378 38 0.0742 54329.29784008963 0.2059020258457167 6.841622262082716e-11 7.911848070648035e-13 0.3207334121853671 0.0043316765350586515 0.0710264807303712
2007if CMFGEN 1.04 True 4288.2188 38 0.0742 54327.62624961531 0.126978451746254 1.6010520295423585e-10 2.0062246451965704e-12 0.49108240332696534 0.0035994132399247538 0.0710264807303712
2007if CMFGEN 1.4 True 932.38385 38 0.0742 54329.99493702919 0.15413815600186354 4.076825230021099e-11 4.68808687728045e-13 0.19942921523845403 0.004779507681626689 0.0710264807303712
2007if CMFGEN 1.7 True 8405.9795 38 0.0742 54336.27780696725 0.2524413879982603 9.426305297398312e-11 1.3843087654875355e-12 0.5070927073052255 0.004134853030731527 0.0710264807303712
2007jd CMFGEN 1.02 True 859.15076 27 0.0726 54338.80169325654 0.24487305757793365 1.2438870193662047e-11 3.4712526394493867e-13 0.24885367577710246 0.009648215148398495 0.06637035699139174
2007jd CMFGEN 1.04 True 1354.0344 27 0.0726 54344.99293611981 0.19334929615069996 2.1251685032626227e-11 5.74541409167929e-13 0.4561843561029467 0.009099473015581432 0.06637035699139174
2007jd CMFGEN 1.4 True 682.06824 27 0.0726 54337.018273457514 0.22750019414161216 7.959680369835696e-12 2.3605933766462235e-13 0.1046893958666203 0.01029706340573203 0.06637035699139174
2007jd CMFGEN 1.7 True 1707.3756 27 0.0726 54343.377484653465 0.19792792151929461 1.9104081428961575e-11 5.371076745048027e-13 0.4250585721833692 0.009162163952404039 0.06637035699139174
2007jg CMFGEN 1.4 True 3904.358 40 0.0371 54344.68806753115 0.0526242781234032 3.1949393159854316e-11 3.4613625752433756e-13 0.10696825305622126 0.0033846919423368045 0.09127945747595989
2007le CMFGEN 1.02 True 41759.48 91 0.0067 54382.05321757426 0.017978898122237297 3.863376713766113e-09 1.0729131501764781e-11 0.6440585541023723 0.0010495650933404225 0.02875745688753973
2007le CMFGEN 1.04 True 58149.234 91 0.0067 54384.84745962114 0.012324571707722498 8.521156281835168e-09 2.4983095484395277e-11 0.8619165854089268 0.0011018647911851978 0.02875745688753973
2007le CMFGEN 1.4 True 38289.203 91 0.0067 54380.3009315914 0.021353115007514134 2.3804522840374138e-09 6.743753582895667e-12 0.4976066449281593 0.0010699565344782932 0.02875745688753973
2007le CMFGEN 1.7 True 118530.36 91 0.0067 54384.113826256325 0.012779099164617946 8.850315200221781e-09 2.6030181305955666e-11 0.8943748942221083 0.001096860638795328 0.02875745688753973
2007nq CMFGEN 1.02 True 12704.091 78 0.045 54379.18015323664 0.06777293900086079 4.567277718919653e-11 4.995361872742091e-13 0.3324473369087252 0.003755455049455405 0.03048465300562326
2007nq CMFGEN 1.04 True 12625.43 78 0.045 54383.35200420113 0.06337479848298244 9.562011524414839e-11 1.0595036890105273e-12 0.5637784768090638 0.00371103384378579 0.03048465300562326
2007nq CMFGEN 1.4 True 13065.82 78 0.045 54377.53682816805 0.06413803381292382 2.4572144487651217e-11 2.77424538697235e-13 0.1378546550780461 0.0038977382174705667 0.03048465300562326
2007nq CMFGEN 1.7 True 15968.611 78 0.045 54382.32046670891 0.06184648393536918 1.0436696886746667e-10 1.2360883815363472e-12 0.6060741544654882 0.00392655901805088 0.03048465300562326
2007on CMFGEN 1.02 True 142755.31 111 0.0065 54401.4464405567 0.020478204740356887 2.827402998287746e-09 8.322249956383648e-12 0.4460807439438416 0.0011031350662309186 0.00991579720241815
2007on CMFGEN 1.04 True 117754.33 111 0.0065 54405.13818208945 0.016769417728937697 6.886844569094813e-09 2.016926587352015e-11 0.6976454017277675 0.0011362792459490604 0.00991579720241815
2007on CMFGEN 1.4 True 163945.53 111 0.0065 54399.37350103353 0.022985171111940872 1.6238596857514824e-09 4.953628347782444e-12 0.27912659847031324 0.0011154279577630776 0.00991579720241815
2007on CMFGEN 1.7 True 159378.9 111 0.0065 54405.52904081501 0.014435778877668781 1.0104265551442572e-08 3.43136166228876e-11 0.8528265045426033 0.0013485641103535095 0.00991579720241815
2007so CMFGEN 1.02 True 1747.5966 25 0.0297 54411.64789502557 0.17448785726446658 2.722594108504823e-10 3.2187836755468615e-12 0.7210442096738604 0.004665196140541026 0.11558239602450404
2007so CMFGEN 1.04 True 1452.8514 25 0.0297 54416.84474123708 0.22148856766943936 6.796522361112534e-10 7.709492498671097e-12 1.0051553545855416 0.004750255386857526 0.11558239602450404
2007so CMFGEN 1.4 True 2391.5015 25 0.0297 54410.32333966281 0.19036588448216207 1.5349511206972676e-10 1.9970609651607045e-12 0.547593787663013 0.005130067301955699 0.11558239602450404
2007so CMFGEN 1.7 True 2659.7993 25 0.0297 54405.36808992328 0.49102710938313976 2.0127487716666844e-09 3.475766830974054e-11 1.2557718803125233 0.004887504298411573 0.11558239602450404
2007sr CMFGEN 1.02 True 44368.195 93 0.0055 54434.270292598536 0.03206595528536127 4.959258964965021e-09 1.271184296532421e-11 0.4650552764981803 0.0008565593938280652 0.04047821787749507
2007sr CMFGEN 1.04 True 64729.84 93 0.0055 54436.184876862746 0.0456531364688999 1.2107574178964268e-08 3.419410564381076e-11 0.6993444169461506 0.0008780327244238454 0.04047821787749507
2007sr CMFGEN 1.4 True 36500.516 93 0.0055 54433.466659706624 0.03052580870644306 2.7851375372452602e-09 7.095765612646856e-12 0.30291625240715964 0.0008677861369817436 0.04047821787749507
2007sr CMFGEN 1.7 True 134900.36 93 0.0055 54434.43373582281 0.053826000836124877 1.4295007215709221e-08 4.5070106638523936e-11 0.7575571955916831 0.0008773309132781013 0.04047821787749507
2007st CMFGEN 1.02 True 172617.56 53 0.0212 54512.17764885812 0.020621748408302665 4.0971724459716303e-10 5.710291889119295e-12 -2.4662943380284186 0.0043006467288877115 0.014189318123033668
2007st CMFGEN 1.4 True 16408.873 53 0.0212 54433.325067341815 0.06403974295244552 2.621927643736634e-10 1.6711532533672736e-12 0.4023153791036787 0.0025711669890444437 0.014189318123033668
2007st CMFGEN 1.7 True 175748.25 53 0.0212 54511.96983342561 0.026189080454059877 2.4951826277995483e-10 4.442525999040826e-12 -1.9824877883813163 0.005714837188382565 0.014189318123033668
2007ux CMFGEN 1.02 True 14797.919 53 0.0309 54443.085226019175 0.08000014790377463 7.857157488813366e-11 8.076750997275174e-13 0.4116644805350194 0.003623730198869162 0.03865491382492817
2007ux CMFGEN 1.04 True 14554.479 53 0.0309 54449.239490127446 0.07649390278675128 1.5039446523431426e-10 1.640239066694739e-12 0.6456525391265019 0.0038157004842377528 0.03865491382492817
2007ux CMFGEN 1.4 True 14895.3545 53 0.0309 54441.62586539749 0.07003159554733429 4.430991831752287e-11 4.629859056835905e-13 0.2323961482966069 0.0037085851777188847 0.03865491382492817
2007ux CMFGEN 1.7 True 18510.314 53 0.0309 54448.02651437394 0.07602021074126242 1.650886918543921e-10 1.9758130007175153e-12 0.6859040076107428 0.004106392851011091 0.03865491382492817
2008C CMFGEN 1.02 True 3867.587 42 0.0166 54448.48867726371 0.09894836306921206 3.4896455842482663e-10 4.26243352138429e-12 0.3945099830845242 0.004310784968581447 0.07204778690206645
2008C CMFGEN 1.04 True 5705.53 42 0.0166 54453.22657487947 0.08000016840742319 5.878183119364656e-10 7.38497502155673e-12 0.5676066357504842 0.004324155842620093 0.07204778690206645
2008C CMFGEN 1.4 True 3446.7173 42 0.0166 54446.81718095065 0.08979937120966497 2.0900031412777926e-10 2.5373199595501773e-12 0.23316619150579024 0.004342738513840057 0.07204778690206645
2008C CMFGEN 1.7 True 8364.155 42 0.0166 54452.4188009741 0.07359580503907637 6.199695535398288e-10 8.126065563185497e-12 0.5999678716250716 0.004450249996410596 0.07204778690206645
2008J CMFGEN 1.02 True 26118.027 35 0.0159 54399.91569420084 0.3551336843011086 5.232400177582003e-08 8.249238314144139e-10 1.3293067947806065 0.003107010789112231 0.019495907706164484
2008J CMFGEN 1.04 True 23334.064 35 0.0159 54476.50207796046 0.03192826320810127 1.7094237027564838e-08 1.3543676300112848e-10 1.7763802872696373 0.0030882443388312968 0.019495907706164484
2008J CMFGEN 1.4 True 23671.59 35 0.0159 54395.06790938582 0.45286986068458646 3.250157914847612e-08 6.37133542601737e-10 1.1897459403083208 0.0038062394258417172 0.019495907706164484
2008J CMFGEN 1.7 True 35559.2 35 0.0159 54476.07980668403 0.034109624535631156 1.414947550831484e-08 1.2472755384291596e-10 1.7108583943005586 0.0033560145036903104 0.019495907706164484
2008O CMFGEN 1.02 True 2943.5586 43 0.0389 54469.460630809524 0.12815773094189353 6.053354180861258e-11 8.625666247612719e-13 0.503533860787639 0.004932594681094142 0.07585233234567533
2008O CMFGEN 1.04 True 3468.6824 43 0.0389 54474.8768932346 0.09391213059279835 1.0260853332557901e-10 1.5479893723749926e-12 0.6948320641355223 0.00518709694902679 0.07585233234567533
2008O CMFGEN 1.4 True 2840.4636 43 0.0389 54466.947325619454 0.12967151559132617 3.9923665040736686e-11 5.66724237468441e-13 0.3589961547404748 0.0051279847993880995 0.07585233234567533
2008O CMFGEN 1.7 True 5134.8413 43 0.0389 54473.560768734045 0.10086364597373176 9.827537917896475e-11 1.5777561596863213e-12 0.6842742701887513 0.0054165095026612094 0.07585233234567533
2008R CMFGEN 1.02 True 62173.78 45 0.0135 54471.99031392358 0.04420817266145605 6.639464192995851e-10 2.9669953368693034e-12 0.528132376028278 0.0016829452813248065 0.06202084408502785
2008R CMFGEN 1.04 True 57302.0 45 0.0135 54477.44881885833 0.040602166729513556 1.500058112981657e-09 6.8040604302603184e-12 0.7999353531007491 0.0017265897194214926 0.06202084408502785
2008R CMFGEN 1.4 True 62113.703 45 0.0135 54469.87316344426 0.0417295886654756 3.8503492140703547e-10 1.7648392014543042e-12 0.34618728335262766 0.0017426440819145977 0.06202084408502785
2008R CMFGEN 1.7 True 384023.28 45 0.0135 54531.759874999996 1.3310454960446805e-06 8.437645728229373e-08 5.483551756824784e-10 0.1683237010087005 0.003076174056355076 0.06202084408502785
2008ae CMFGEN 1.02 True 4086.0518 23 0.03 54500.46167192338 0.21051514592181775 2.846146039248585e-10 3.679826472496687e-12 1.2189759684434904 0.007200858686145417 0.02369781462470916
2008ae CMFGEN 1.04 True 6480.4307 23 0.03 54505.96291479052 0.07705283771065297 7.01754012846112e-10 9.114172092684729e-12 1.5320987047439585 0.00710693110772637 0.02369781462470916
2008ae CMFGEN 1.4 True 870.4782 23 0.03 54480.025291593825 0.17542824816700886 1.560594287326032e-10 1.9918420257643545e-12 0.816687673922902 0.00783120885498272 0.02369781462470916
2008ae CMFGEN 1.7 True 6761.5957 23 0.03 54505.81868172616 0.04953106683024089 6.712045631299908e-10 8.676536693914693e-12 1.514329924425678 0.007165759629693547 0.02369781462470916
2008ar CMFGEN 1.02 True 9303.437 57 0.0261 54516.65095905566 0.03663629396032775 1.5283291426729868e-10 1.0188530727432136e-12 0.34151147710173785 0.0023380021016449703 0.03165642704095217
2008ar CMFGEN 1.04 True 14451.765 57 0.0261 54519.27704367425 0.031110031548450934 3.2665062497242743e-10 2.2588674487717444e-12 0.5551183302931526 0.0023925918056882443 0.03165642704095217
2008ar CMFGEN 1.4 True 7701.5483 57 0.0261 54515.266268169136 0.03919906226292369 9.244586148310806e-11 6.377642790982425e-13 0.1857709654809425 0.002424871262134386 0.03165642704095217
2008ar CMFGEN 1.7 True 24625.97 57 0.0261 54518.57989879161 0.03341080652535311 3.35265011101218e-10 2.3500520094493143e-12 0.5883986067703659 0.0024119086468930373 0.03165642704095217
2008bc CMFGEN 1.04 True 59001.086 78 0.0151 54534.02077288386 0.015605865100951632 6.171511821884833e-10 2.766753414107143e-12 0.31891043954543896 0.001439012469883782 0.22550709929515722
2008bc CMFGEN 1.4 True 31658.588 78 0.0151 54529.927632004954 0.01861954594278359 2.5853198722309596e-10 1.0649831866719068e-12 0.056602044764823854 0.0013289345446479972 0.22550709929515722
2008bc CMFGEN 1.7 True 89650.26 78 0.0151 54532.56181426106 0.017576026810274925 5.773712371609508e-10 2.7273345192924675e-12 0.31049987826042735 0.0015093263035929423 0.22550709929515722
2008bf CMFGEN 1.02 True 22623.916 81 0.0235 54536.81633109958 0.021859601842152188 1.541648093642588e-10 8.408908155051603e-13 0.18631075299069505 0.0018703591481877898 0.02971233782867539
2008bf CMFGEN 1.04 True 31560.955 81 0.0235 54539.73277995791 0.017930029614944942 2.8516118151299803e-10 1.5623340454385745e-12 0.36085707221461993 0.0018625795681005725 0.02971233782867539
2008bf CMFGEN 1.4 True 23667.395 81 0.0235 54535.203163773935 0.023965844706253847 9.443328064429825e-11 5.217778581339974e-13 0.03493083797633908 0.001887193207595271 0.02971233782867539
2008bf CMFGEN 1.7 True 49571.184 81 0.0235 54538.76267753832 0.019115961084025912 2.80713736373971e-10 1.5761954743802667e-12 0.37473703011445164 0.0019148782950313846 0.02971233782867539
2008bi CMFGEN 1.02 True 6857.2373 30 0.0134 54517.838478645666 0.2124461741441337 3.440959617622618e-10 6.692490917399167e-12 0.7631269107712433 0.007699398115747646 0.037379980331966524
2008bi CMFGEN 1.04 True 5392.186 30 0.0134 54531.6774614571 0.16822373056129436 7.093963848691374e-10 1.5051259145733597e-11 1.1376925324468097 0.007819965711254916 0.037379980331966524
2008bi CMFGEN 1.4 True 6828.3364 30 0.0134 54517.12949184153 0.18887448842360754 1.7137303671293458e-10 3.5293555698484683e-12 0.5532354646124145 0.008028268418883884 0.037379980331966524
2008bi CMFGEN 1.7 True 4973.8403 30 0.0134 54529.39817890681 0.14492142718518153 9.854406350608097e-10 2.414099808308565e-11 1.2385998087751442 0.008546083211336762 0.037379980331966524
2008bq CMFGEN 1.04 True 227409.4 53 0.034 54605.68449999999 1.726708433125168e-06 5.216378679162261e-11 4.531795862958386e-13 -2.5813434203026526 0.002856089702289652 0.07776435723852901
2008bq CMFGEN 1.7 True 230155.92 53 0.034 54605.684499999996 2.856300852727145e-06 1.83185154552592e-10 1.73466674611279e-12 -1.9950074877678696 0.003203720688586362 0.07776435723852901
2008bt CMFGEN 1.4 True 21771.719 38 0.0154 54547.14400719711 0.062553775303968 1.6926452950042844e-10 1.6125405748815624e-12 0.43358287298940673 0.003290322998234627 0.04805916611950687
2008bt CMFGEN 1.7 True 20323.197 38 0.0154 54553.27625155508 0.061499196708609816 7.703367179483103e-10 8.725737039129239e-12 0.9395188966800301 0.0039515619958995 0.04805916611950687
2008cc CMFGEN 1.02 True 46117.246 75 0.0104 54555.57104875541 0.0481607677465945 1.3464226473262106e-09 5.4760013437134924e-12 0.5231716488129201 0.001485795608451362 0.03586503715546102
2008cc CMFGEN 1.04 True 39450.137 75 0.0104 54556.99169495521 0.03752525600066292 3.5002684064556176e-09 1.3467692339916068e-11 0.7659736352299599 0.0014164191285040782 0.03586503715546102
2008cc CMFGEN 1.4 True 54425.434 75 0.0104 54555.55098331232 0.051954472888610326 7.147948637872318e-10 2.975871666076856e-12 0.3579015273628807 0.001521297910939672 0.03586503715546102
