results/band_fits/u_g_r_Y_J_H.ecsv
# %ECSV 0.9
# ---
# datatype:
# - {name: object ID, datatype: string}
# - {name: model, datatype: string}
# - {name: version, datatype: string}
# - {name: success, datatype: bool}
# - {name: chisq, datatype: float32}
# - {name: ndof, datatype: int32}
# - {name: z, datatype: float64}
# - {name: t0, datatype: float64}
# - {name: t0_err, datatype: float64}
# - {name: x0, datatype: float64}
# - {name: x0_err, datatype: float64}
# - {name: hostebv, datatype: float64}
# - {name: hostebv_err, datatype: float64}
# - {name: mwebv, datatype: float64}
# meta:
#   bands: [csp_dr3_u, csp_dr3_g, csp_dr3_r, csp_dr3_Y, csp_dr3_J, csp_dr3_H]
# schema: astropy-2.0
"object ID" model version success chisq ndof z t0 t0_err x0 x0_err hostebv hostebv_err mwebv
[from data line 171]
2007le CMFGEN 1.7 True 178773.52 156 0.0067 54384.17673999903 0.00937967582649435 9.919853858396731e-09 1.9275058870852037e-11 0.9351517915916252 0.0007863299104295397 0.02875745688753973
2007nq CMFGEN 1.02 True 14251.388 90 0.045 54379.06282640844 0.06427523292222759 5.068488381273767e-11 5.382635398019934e-13 0.36476964899191844 0.0036713322712855494 0.03048465300562326
2007nq CMFGEN 1.04 True 14315.7705 90 0.045 54383.20191614595 0.06175604923555511 1.0659405794969902e-10 1.1721255871572078e-12 0.5970604096158966 0.003711852589329244 0.03048465300562326
2007nq CMFGEN 1.4 True 14981.765 90 0.045 54377.469338341805 0.06316679852170637 2.719936637538529e-11 3.038609543141728e-13 0.1699331603045277 0.0038792070518484205 0.03048465300562326
2007nq CMFGEN 1.7 True 19452.447 90 0.045 54382.351378655454 0.06189926237129839 1.1136058802058618e-10 1.3298694990547886e-12 0.6278653723701912 0.003983300135684089 0.03048465300562326
2007on CMFGEN 1.02 True 257226.33 209 0.0065 54401.36885812833 0.018996284514287254 4.327621341218635e-09 8.835006126055149e-12 0.5998868763090927 0.0008817053251482129 0.00991579720241815
2007on CMFGEN 1.04 True 203649.78 209 0.0065 54405.63037726693 0.013415211564279161 9.621480500768851e-09 1.8167443036751797e-11 0.8242908374667294 0.0008522475170670197 0.00991579720241815
2007on CMFGEN 1.4 True 299412.84 209 0.0065 54398.7495459513 0.021930926144705154 2.6764824150443856e-09 5.977263975403751e-12 0.4550775945864052 0.0009316115527364402 0.00991579720241815
2007on CMFGEN 1.7 True 245130.06 209 0.0065 54406.87990171667 0.009369847091875272 1.584091218529527e-08 3.243965609276255e-11 1.0372329509718945 0.0009476362039966844 0.00991579720241815
2007so CMFGEN 1.02 True 7258.8154 35 0.0297 54430.331925752056 0.0964936132368166 4.052051227321726e-10 5.1967037021449076e-12 1.1723518492158522 0.0058263624183587425 0.11558239602450404
2007so CMFGEN 1.04 True 3110.0012 35 0.0297 54417.35000011849 0.12242251325733378 7.724689812988372e-10 7.722621660212651e-12 1.0600473111312068 0.0041919207603634285 0.11558239602450404
2007so CMFGEN 1.4 True 4675.8125 35 0.0297 54409.9574845439 0.12649082240386633 1.8541644371040382e-10 2.1507098420494685e-12 0.6138109666803532 0.004718991245632981 0.11558239602450404
2007so CMFGEN 1.7 True 32798.316 35 0.0297 54469.84143257236 0.01587113300411147 4.026961002455324e-10 1.1394967126553664e-11 -1.4588146671792832 0.010266497813514177 0.11558239602450404
2007sr CMFGEN 1.02 True 107552.28 159 0.0055 54433.03814744021 0.02083613543800311 6.741759313660208e-09 1.172587357714421e-11 0.5539747266032052 0.0006470826860017794 0.04047821787749507
2007sr CMFGEN 1.04 True 111220.05 159 0.0055 54434.76316871507 0.025048441977560287 1.5070680504335494e-08 2.5260791521182712e-11 0.753095489503194 0.0006334202729689188 0.04047821787749507
2007sr CMFGEN 1.4 True 117486.87 159 0.0055 54431.93232268874 0.021752003271103604 3.9627711274001166e-09 7.247646455601731e-12 0.40549068131316623 0.0006714893431703261 0.04047821787749507
2007sr CMFGEN 1.7 True 228788.9 159 0.0055 54433.66256372849 0.03052407846553251 1.758782096443471e-08 3.541616736876818e-11 0.8156034160454597 0.0006281121434070763 0.04047821787749507
2007st CMFGEN 1.02 True 19654.451 77 0.0212 54434.87653564498 0.061419095705787186 4.991404164689483e-10 2.6880681839798263e-12 0.6093526405331654 0.002199252949054918 0.014189318123033668
2007st CMFGEN 1.04 True 226552.47 77 0.0212 54512.75409999992 0.00014222013487596996 3.059279943377419e-08 2.486412779917094e-10 -0.2051780389261352 0.0039873595328444285 0.014189318123033668
2007st CMFGEN 1.4 True 18942.586 77 0.0212 54433.51896002543 0.05996824350950192 2.9588234225505446e-10 1.6593485444537495e-12 0.44546195033358343 0.0023419285536511263 0.014189318123033668
2007ux CMFGEN 1.02 True 20029.477 79 0.0309 54444.30335150883 0.06963928673212649 1.0550562914396556e-10 9.61594503366357e-13 0.5289167087358261 0.00335460271166369 0.03865491382492817
2007ux CMFGEN 1.04 True 18710.072 79 0.0309 54449.6144578096 0.07663444252830232 2.1129729736045488e-10 2.0259081723090025e-12 0.7658261438316711 0.003513222122915715 0.03865491382492817
2007ux CMFGEN 1.4 True 21370.719 79 0.0309 54442.68967849721 0.0625238713582803 6.033012448276969e-11 5.72902328378363e-13 0.35112615249025464 0.003491994980181056 0.03865491382492817
2007ux CMFGEN 1.7 True 24346.482 79 0.0309 54448.93641835138 0.07328222646174254 2.4847083156214175e-10 2.7630498339490004e-12 0.8379607503196661 0.003999622477114379 0.03865491382492817
2008C CMFGEN 1.02 True 8562.503 68 0.0166 54449.62770617356 0.07038783130337833 5.742546581968274e-10 4.881673867475597e-12 0.5794291500370603 0.0030860928622360377 0.07204778690206645
2008C CMFGEN 1.04 True 12166.49 68 0.0166 54453.828225247154 0.06313551358107361 1.0329941749873409e-09 9.464321702523913e-12 0.7673645795398565 0.003313177480366763 0.07204778690206645
2008C CMFGEN 1.4 True 8521.127 68 0.0166 54447.861549560526 0.06418787689108285 3.6364309645912606e-10 3.1165416520120123e-12 0.4352657951116443 0.003208188509909617 0.07204778690206645
2008J CMFGEN 1.02 True 60402.594 49 0.0159 54406.693000538646 0.4698373944411287 4.593977501692724e-08 9.586755643308579e-10 1.3407253775845798 0.0036790010222358467 0.019495907706164484
2008J CMFGEN 1.04 True 33202.17 49 0.0159 54476.787948386846 0.029814249286573613 1.9946077027373097e-08 1.0520086814246664e-10 1.8335068643556365 0.0022170982790586996 0.019495907706164484
2008J CMFGEN 1.4 True 57488.027 49 0.0159 54428.32994690189 0.25205216050017043 9.324889821863463e-09 1.11758732684237e-10 1.0301867557460622 0.002583544140129613 0.019495907706164484
2008J CMFGEN 1.7 True 49947.81 49 0.0159 54476.89759974878 0.03153550158458529 1.6539446955032593e-08 9.228947235241055e-11 1.7641522571258215 0.002259438501098165 0.019495907706164484
2008O CMFGEN 1.02 True 4773.3164 53 0.0389 54471.15160140601 0.08536524405280943 7.866835000671465e-11 9.638032466008805e-13 0.6095335545102881 0.004230776881197605 0.07585233234567533
2008O CMFGEN 1.04 True 4848.8223 53 0.0389 54475.42101118737 0.0806178937527875 1.3681612234380027e-10 1.7246949277656275e-12 0.7950508130450292 0.004414786342878552 0.07585233234567533
2008O CMFGEN 1.4 True 5138.9736 53 0.0389 54469.03338768565 0.08922914973300067 5.329496668984491e-11 6.537466461466214e-13 0.47877618361635754 0.004303956790841297 0.07585233234567533
2008O CMFGEN 1.7 True 7056.01 53 0.0389 54474.76939302099 0.08163998797681415 1.4077721411860078e-10 1.9776722713896136e-12 0.8142539896086173 0.004850625350201846 0.07585233234567533
2008R CMFGEN 1.02 True 71497.9 68 0.0135 54472.551109594126 0.03991570702419267 7.327133199730809e-10 3.032241315266328e-12 0.572339911535692 0.0015952818890155526 0.06202084408502785
2008R CMFGEN 1.04 True 62388.812 68 0.0135 54477.92523486501 0.039000828608550364 1.6372311436931472e-09 6.757547120817855e-12 0.8384676481113837 0.0015790555199266614 0.06202084408502785
2008R CMFGEN 1.4 True 73234.305 68 0.0135 54470.22636079789 0.040504253964172676 4.3061177465837784e-10 1.8431930312329635e-12 0.391894673710384 0.001669610088732593 0.06202084408502785
2008R CMFGEN 1.7 True 87754.31 68 0.0135 54475.6693861056 0.04584328123019077 3.0968505093208575e-09 1.5698479178839317e-11 1.0617048270089124 0.0018462277576263596 0.06202084408502785
2008ae CMFGEN 1.02 True 5899.827 59 0.03 54484.191778807945 0.11274186899026972 3.428880317807884e-10 3.811907727670117e-12 1.141146529406598 0.0074250128073335715 0.02369781462470916
2008ae CMFGEN 1.04 True 17473.115 59 0.03 54512.37121583111 0.07567319008012419 4.4154534654432877e-10 5.656402661147049e-12 1.2102115385107595 0.00961797072786262 0.02369781462470916
2008ae CMFGEN 1.4 True 5425.1245 59 0.03 54483.41756766647 0.13551263493354782 2.2360680394762156e-10 2.433631370923421e-12 1.0346173206748637 0.0071573399696183496 0.02369781462470916
2008ae CMFGEN 1.7 True 18831.125 59 0.03 54512.054299607305 0.07217701981790015 4.106053302338259e-10 5.676523203703186e-12 1.1792099324060563 0.010465933489234372 0.02369781462470916
2008ar CMFGEN 1.02 True 10020.599 71 0.0261 54516.66709295104 0.036255803035601275 1.589367399798934e-10 1.0174632615246485e-12 0.3546582353576847 0.0022632135589161556 0.03165642704095217
2008ar CMFGEN 1.04 True 70562.38 71 0.0261 54498.47628639531 0.10713199944439111 3.8640330852396645e-10 2.5692171842862852e-12 0.39383200588740735 0.002140379513907513 0.03165642704095217
2008ar CMFGEN 1.4 True 8844.226 71 0.0261 54515.271276766274 0.038787443801993504 9.700565175376913e-11 6.476823595689775e-13 0.2018043829003673 0.0023659795613586803 0.03165642704095217
2008ar CMFGEN 1.7 True 66300.45 71 0.0261 54495.45853725812 0.08131464674443123 8.607712428475118e-10 6.114543400128242e-12 0.6422118378582816 0.0023039336518837286 0.03165642704095217
2008bc CMFGEN 1.02 True 48661.812 117 0.0151 54531.362867512114 0.017597083886357723 4.119075604128682e-10 1.7033773261164287e-12 0.20341745649310985 0.0013603309796527093 0.22550709929515722
2008bc CMFGEN 1.04 True 71827.77 117 0.0151 54534.163502338306 0.015513522135734092 6.982449280050073e-10 3.0532088109210534e-12 0.3575571022336204 0.0014277137193018416 0.22550709929515722
2008bc CMFGEN 1.4 True 42545.31 117 0.0151 54529.9568193886 0.01856591733667301 2.8722985445274876e-10 1.1480645160472165e-12 0.08969382766122204 0.0013100493488110206 0.22550709929515722
2008bc CMFGEN 1.7 True 105854.164 117 0.0151 54532.71448866398 0.01747831144166412 6.486808255574196e-10 2.996885995480242e-12 0.3469490540618222 0.0014985980667606017 0.22550709929515722
2008bf CMFGEN 1.02 True 28066.172 96 0.0235 54536.93694015791 0.021130096771230455 1.8068754303098798e-10 9.17866540774536e-13 0.23979486674936132 0.0017824535090415474 0.02971233782867539
2008bf CMFGEN 1.04 True 36727.844 96 0.0235 54539.84367777975 0.01739063046989031 3.341157591345287e-10 1.7078925702063175e-12 0.41385816914582807 0.0017806574885856133 0.02971233782867539
2008bf CMFGEN 1.4 True 31630.887 96 0.0235 54535.28827338079 0.023256560398294823 1.1220306976051781e-10 5.970151806727161e-13 0.09265130026826845 0.001859829181539966 0.02971233782867539
2008bf CMFGEN 1.7 True 53944.92 96 0.0235 54538.96124421241 0.018324715263588587 3.278358335160007e-10 1.673168981441543e-12 0.4274708655247115 0.001782329015865438 0.02971233782867539
2008bi CMFGEN 1.02 True 13764.702 38 0.0134 54529.4861972329 0.07665324423578568 1.1270072091868943e-09 1.1627455492770719e-11 1.4241723480827415 0.0038556936557955744 0.037379980331966524
2008bi CMFGEN 1.04 True 18933.783 38 0.0134 54515.59778122314 0.05113617938332027 2.491228803808773e-09 1.460297002717063e-11 1.3292575426842423 0.0030449968485200545 0.037379980331966524
2008bi CMFGEN 1.4 True 20173.695 38 0.0134 54507.548644186725 0.058972343646019 8.464972887593005e-10 5.389417870690599e-12 1.037682834779215 0.003284735952317264 0.037379980331966524
2008bq CMFGEN 1.02 True 7394.501 63 0.034 54545.17754531466 0.04082623217982473 8.751783803193265e-11 5.32156083450921e-13 0.2631274155673799 0.0020421103673037393 0.07776435723852901
2008bq CMFGEN 1.04 True 228692.25 63 0.034 54605.68449999999 1.665819581830874e-06 5.224852518353664e-11 4.5380565585817113e-13 -2.5808222042023896 0.0028586392174496595 0.07776435723852901
2008bq CMFGEN 1.4 True 4951.6504 63 0.034 54543.319557736926 0.04346418382920092 5.79305744136419e-11 3.5110045767266134e-13 0.12787897722383051 0.002108166296709099 0.07776435723852901
2008bt CMFGEN 1.02 True 20133.518 40 0.0154 54549.119277423924 0.06600720335336518 2.988379071297985e-10 2.7851351200220412e-12 0.6176618693177833 0.00322167242130728 0.04805916611950687
2008bt CMFGEN 1.04 True 14866.428 40 0.0154 54554.640609457405 0.054581890915869735 6.160926890427207e-10 5.7883798789598125e-12 0.8590817519803043 0.0033428845767296362 0.04805916611950687
2008bt CMFGEN 1.4 True 22023.652 40 0.0154 54547.15060468275 0.061921527889353456 1.72163927086748e-10 1.6290868088110805e-12 0.4392998704262175 0.0032735507059868363 0.04805916611950687
2008bt CMFGEN 1.7 True 20953.822 40 0.0154 54553.301000804604 0.0611445618851576 7.830931861821673e-10 8.886249134854537e-12 0.9453691780558862 0.003958184432226296 0.04805916611950687
2008cc CMFGEN 1.02 True 60317.992 100 0.0104 54555.09037067931 0.037729947096522665 1.7110481664794287e-09 5.7450353721768985e-12 0.601015378566142 0.0012881547202123736 0.03586503715546102
2008cc CMFGEN 1.04 True 49458.957 100 0.0104 54557.00344763285 0.0336857212241739 4.242892545811342e-09 1.3258745037144586e-11 0.8331379577770107 0.0012466496379798496 0.03586503715546102
2008cc CMFGEN 1.4 True 73586.21 100 0.0104 54554.75509957175 0.04510797894545249 9.281276754006993e-10 3.426000461061501e-12 0.43958975387692784 0.0013369824963519314 0.03586503715546102
2008cc CMFGEN 1.7 True 86119.27 100 0.0104 54557.434150149915 0.04619831359013915 6.738621404563509e-09 2.9367749132370215e-11 1.0214050077220505 0.0015168054210860646 0.03586503715546102
2008cf CMFGEN 1.02 True 9155.571 49 0.046 54577.48775720185 0.05518380142166279 3.86983860517451e-11 3.2453025037103006e-13 0.12339937202850734 0.002740128948133035 0.05759850795422031
2008cf CMFGEN 1.04 True 15041.122 49 0.046 54581.61612515354 0.04735449217696441 7.033971030513351e-11 6.101480135294909e-13 0.3153212554303226 0.002825222783710865 0.05759850795422031
2008cf CMFGEN 1.4 True 8357.169 49 0.046 54575.75077337348 0.05475233486868092 2.534053222828474e-11 2.12056850448788e-13 -0.013267436906107863 0.00271309878691803 0.05759850795422031
2008cf CMFGEN 1.7 True 22549.465 49 0.046 54580.219739416716 0.049083835303463275 6.740492721511839e-11 6.077326085382405e-13 0.31043735194050565 0.0029281345305015535 0.05759850795422031
2008ff CMFGEN 1.02 True 15296.353 144 0.0193 54693.189213307756 0.03497389014228247 6.719808201313745e-10 1.6715492442133821e-12 0.6361412583890128 0.0011603904228423279 0.04350702296194606
2008ff CMFGEN 1.04 True 20943.555 144 0.0193 54696.39247011625 0.02767492182465503 1.5822700754122883e-09 3.830256787659159e-12 0.8733036855077466 0.0010815187174634973 0.04350702296194606
2008ff CMFGEN 1.4 True 12206.264 144 0.0193 54691.53706457491 0.036869139341433765 3.824068265885876e-10 9.903452729107732e-13 0.4613459413034899 0.0011851510162068737 0.04350702296194606
2008ff CMFGEN 1.7 True 53541.48 144 0.0193 54689.84988935473 0.08348566442145966 3.2233768677508082e-09 1.3228445801718151e-11 1.048712492786934 0.0009250083956228336 0.04350702296194606
2008fl CMFGEN 1.02 True 61532.45 107 0.0199 54702.264249465275 0.022193862507265294 4.559549254706775e-10 1.3043402264007266e-12 0.5491634182342119 0.001079303362194349 0.15710973562674108
2008fl CMFGEN 1.04 True 70425.89 107 0.0199 54704.18257485704 0.023166584120190237 9.564209892772379e-10 3.0258223484868054e-12 0.7422930727900549 0.0010707918196556855 0.15710973562674108
2008fl CMFGEN 1.4 True 67942.62 107 0.0199 54701.25251111738 0.024146657226083335 2.811219381184592e-10 8.292525584216598e-13 0.40860578787011265 0.0011477752107462605 0.15710973562674108
2008fl CMFGEN 1.7 True 116930.97 107 0.0199 54702.99076266908 0.03305732702210662 1.337266747247455e-09 6.137671647515471e-12 0.8696189470722598 0.0013244466554938963 0.15710973562674108
2008fp CMFGEN 1.02 True 198828.64 190 0.0057 54713.362732031324 0.012623222817637725 6.97642171056131e-09 8.411360031581264e-12 0.8192970644846609 0.0005383048618866174 0.16865355471544707
2008fp CMFGEN 1.04 True 184419.25 190 0.0057 54716.4736542235 0.012427200126694515 1.4228678230840674e-08 1.8445776689852846e-11 1.0072574657092912 0.000534019450066148 0.16865355471544707
2008fp CMFGEN 1.4 True 228830.47 190 0.0057 54711.710808631266 0.01292444376667845 4.52494448169262e-09 5.419686446925537e-12 0.6943823903020663 0.0005533006970166161 0.16865355471544707
2008fp CMFGEN 1.7 True 396700.1 190 0.0057 54715.0283574905 0.014456986897130264 1.4670586117405384e-08 2.1912459067788918e-11 1.030599677100363 0.0005646464022176265 0.16865355471544707
