results/band_fits/u_g_r_Ydw_J.ecsv
# %ECSV 0.9
# ---
# datatype:
# - {name: object ID, datatype: string}
# - {name: model, datatype: string}
# - {name: version, datatype: string}
# - {name: success, datatype: bool}
# - {name: chisq, datatype: float32}
# - {name: ndof, datatype: int32}
# - {name: z, datatype: float64}
# - {name: t0, datatype: float64}
# - {name: t0_err, datatype: float64}
# - {name: x0, datatype: float64}
# - {name: x0_err, datatype: float64}
# - {name: hostebv, datatype: float64}
# - {name: hostebv_err, datatype: float64}
# - {name: mwebv, datatype: float64}
# meta:
#   bands: [csp_dr3_u, csp_dr3_g, csp_dr3_r, csp_dr3_Ydw, csp_dr3_J]
# schema: astropy-2.0
"object ID" model version success chisq ndof z t0 t0_err x0 x0_err hostebv hostebv_err mwebv
2004ef CMFGEN 1.02 True 89724.3 137 0.031 53245.48275035794 0.010985574506776175 8.422184728313167e-11 3.254324286386102e-13 0.3429125326563662 0.0012703814226773889 0.04722849348904677
2004ef CMFGEN 1.04 True 96694.96 137 0.031 53248.451128742745 0.009142547809460666 1.598210097386534e-10 6.312674623330348e-13 0.5274475831307578 0.0012921376764145755 0.04722849348904677
2004ef CMFGEN 1.7 True 141489.28 137 0.031 53247.46737899865 0.009801510877878172 1.607810329775233e-10 6.729346155815895e-13 0.5456535057605231 0.0013751425667037653 0.04722849348904677
2004eo CMFGEN 1.02 True 164881.3 133 0.0157 53261.18974816704 0.003966980228142347 6.343360733298153e-10 1.0750666131996688e-12 0.4902243887763305 0.000644525208631153 0.09289687254685808
2004eo CMFGEN 1.04 True 217076.84 133 0.0157 53263.01903121715 0.0033448037393100094 1.0674125301647744e-09 1.749890118985563e-12 0.6153757919359533 0.0006139198077567856 0.09289687254685808
2004eo CMFGEN 1.4 True 178815.12 133 0.0157 53259.941183875984 0.0043091403822472785 4.56951409329802e-10 8.247192277780377e-13 0.4008173981436687 0.0006901772911924062 0.09289687254685808
2004eo CMFGEN 1.7 True 328483.88 133 0.0157 53262.36080913706 0.0037954827857902274 9.45977118709507e-10 1.5442566377887925e-12 0.5925026635391966 0.0006032755200749185 0.09289687254685808
2004ey CMFGEN 1.02 True 97252.22 104 0.0158 53286.55913798981 0.011727704408258433 4.4181388011966803e-10 1.1329238223623805e-12 0.23562698222202116 0.0008939709640890716 0.11818709721249746
2004ey CMFGEN 1.04 True 131550.94 104 0.0158 53289.213190958515 0.010152678409212967 8.460736255378752e-10 2.329976867198944e-12 0.428345714559983 0.000963146498846081 0.11818709721249746
2004ey CMFGEN 1.4 True 94012.5 104 0.0158 53285.0555643799 0.0125407238410844 3.0197673934889133e-10 7.74465402310277e-13 0.11700174113553219 0.0008906012227478119 0.11818709721249746
2004ey CMFGEN 1.7 True 190699.69 104 0.0158 53288.36015593031 0.010627576692058938 8.344264385517327e-10 2.384810850733684e-12 0.43720229692982476 0.0009939144769183445 0.11818709721249746
2004gs CMFGEN 1.02 True 45157.9 147 0.0267 53335.60382781678 0.03882268798406585 1.3164721196665715e-10 8.404176592919285e-13 0.5876868507048535 0.0022790004527335527 0.026477202576998395
2004gs CMFGEN 1.04 True 38530.22 147 0.0267 53340.00029521376 0.03011724429234164 2.8119144728224974e-10 1.818357220956597e-12 0.8151859718068135 0.0023163962402377087 0.026477202576998395
2004gs CMFGEN 1.4 True 51926.484 147 0.0267 53333.70136254877 0.04136083342018537 7.511169178897407e-11 4.996634427447034e-13 0.4147094477241686 0.002349655999942472 0.026477202576998395
2004gs CMFGEN 1.7 True 55748.395 147 0.0267 53339.48276377752 0.03249825778766535 3.8819827733096553e-10 2.8879212377932492e-12 0.9410917636615435 0.0026769896353238164 0.026477202576998395
2004gu CMFGEN 1.02 True 6402.1733 71 0.0459 53344.619763516836 0.04114512965315953 5.3714785881133394e-11 4.577883286345176e-13 0.2993577389412642 0.002978165964850108 0.022829520827045438
2004gu CMFGEN 1.04 True 14462.504 71 0.0459 53348.1714616684 0.033056941068934975 1.0518372177449894e-10 9.121774411793696e-13 0.5054120372701968 0.0030138215740914925 0.022829520827045438
2004gu CMFGEN 1.4 True 5230.8354 71 0.0459 53342.63543009704 0.04525055055273697 3.255411072770983e-11 2.7871884927350514e-13 0.13929936997116024 0.0029818563698148642 0.022829520827045438
2004gu CMFGEN 1.7 True 20035.066 71 0.0459 53347.13269456196 0.03412545423998381 1.051229043362585e-10 9.75534324738297e-13 0.5180460443170478 0.0032280369984577567 0.022829520827045438
2005M CMFGEN 1.02 True 41771.72 191 0.022 53388.082590683385 0.01739202993849176 1.4430565079955164e-10 6.658962812232267e-13 0.18955075755113873 0.0014996099026732953 0.026828269304116723
2005M CMFGEN 1.04 True 64159.285 191 0.022 53390.795294099196 0.014690044503367972 2.377677619060109e-10 1.1042852759427753e-12 0.33010888542364597 0.0015016285709560147 0.026828269304116723
2005M CMFGEN 1.4 True 34237.477 191 0.022 53386.55408881238 0.018484423748304835 9.711490735171399e-11 4.3998021936629296e-13 0.06817634661090759 0.0014674382666407435 0.026828269304116723
2005M CMFGEN 1.7 True 91388.0 191 0.022 53389.81331032938 0.015701455169619294 2.345065513338014e-10 1.13652399573718e-12 0.3394817533414573 0.001570723950094404 0.026828269304116723
2005al CMFGEN 1.02 True 84022.63 120 0.0124 53412.13191210998 0.030621845689893235 5.049255501489854e-10 2.4731315317006832e-12 0.41417653856116565 0.0015675746236513233 0.04777394682567044
2005al CMFGEN 1.04 True 76274.055 120 0.0124 53415.26636396527 0.031872076498984825 1.1757010074172284e-09 5.4516289465848246e-12 0.6536966098602534 0.0015013539144326643 0.04777394682567044
2005al CMFGEN 1.4 True 87577.984 120 0.0124 53410.795946117076 0.030030514048121404 2.8171988251013253e-10 1.3749113592914242e-12 0.23772742692634968 0.001554078290291229 0.04777394682567044
2005al CMFGEN 1.7 True 115225.836 120 0.0124 53413.60597160085 0.03970825672877254 1.6099762453909169e-09 8.83120408392764e-12 0.7683775815472169 0.0016803668120052935 0.04777394682567044
2005am CMFGEN 1.02 True 127782.336 102 0.0079 53416.333485262825 0.02702339252573438 2.3150668980660296e-09 1.0312483164281073e-11 0.530856302161141 0.0014306849058477963 0.046124031495588254
2005am CMFGEN 1.04 True 117961.88 102 0.0079 53420.39907207599 0.027606266932707513 5.435561533391293e-09 2.3036613270573572e-11 0.7797247229547488 0.0014069231548413383 0.046124031495588254
2005am CMFGEN 1.4 True 123366.914 102 0.0079 53415.38755299359 0.025333570076327305 1.2568239869336595e-09 5.449521965121122e-12 0.34727480253375137 0.0013737149655511033 0.046124031495588254
2005am CMFGEN 1.7 True 160594.77 102 0.0079 53420.05684707106 0.03207138994548586 7.788868958764043e-09 3.801314260370356e-11 0.9266053276963357 0.001596325644381179 0.046124031495588254
2005el CMFGEN 1.02 True 59987.69 100 0.0149 53627.39027319499 0.023766720689309295 4.939431788134415e-10 2.227988880512593e-12 0.3935499372845366 0.0015542527779412545 0.09808364969164196
2005el CMFGEN 1.04 True 62160.83 100 0.0149 53630.62509335492 0.019016120222659083 1.0829114876362081e-09 4.473713121392815e-12 0.6125618165628897 0.0013889923943378615 0.09808364969164196
2005el CMFGEN 1.4 True 63504.332 100 0.0149 53626.06849280201 0.02552473511605058 2.64273655738301e-10 1.2280783893317459e-12 0.20081798767696007 0.0015900208188276783 0.09808364969164196
2005el CMFGEN 1.7 True 87464.65 100 0.0149 53630.01564962787 0.021194073065998964 1.2655478525442417e-09 5.339928289432797e-12 0.6885484797748728 0.0014103319884400268 0.09808364969164196
2005eq CMFGEN 1.02 True 14900.462 90 0.029 53637.238720203575 0.03371997251815628 1.076188138427023e-10 7.061970248161693e-13 0.20743927564633519 0.002135120084035426 0.06362687563506927
2005eq CMFGEN 1.04 True 23699.385 90 0.029 53640.12088101961 0.030632158308435464 1.866916563732239e-10 1.1989285938667817e-12 0.3680797225940405 0.002063816243576446 0.06362687563506927
2005eq CMFGEN 1.4 True 14113.736 90 0.029 53635.83809971597 0.034439245020621456 6.752393697284709e-11 4.424278934297114e-13 0.06492386479941856 0.0021434753500836224 0.06362687563506927
2005eq CMFGEN 1.7 True 33100.45 90 0.029 53639.1920475686 0.030910247638530564 1.8039936097416628e-10 1.2024921567721665e-12 0.37039879249123536 0.0021407420804949472 0.06362687563506927
2005gj CMFGEN 1.02 True 95678.875 107 0.0616 53689.547488904915 0.03361032710017753 3.8209702169759146e-10 2.330365564814179e-12 0.8178751775107578 0.002357992707319635 0.10432937283711677
2005gj CMFGEN 1.04 True 121262.77 107 0.0616 53691.727437922855 0.029070627340843203 8.412876909952203e-10 5.987364113806702e-12 1.075164181502136 0.002785892768801935 0.10432937283711677
2005gj CMFGEN 1.4 True 86949.21 107 0.0616 53687.9994190747 0.03778506960225059 2.50355202377976e-10 1.472000763638502e-12 0.6847583074738061 0.0022677251209706002 0.10432937283711677
2005gj CMFGEN 1.7 True 96508.05 107 0.0616 53631.69219894981 0.17930353408519295 1.9363072749741736e-09 1.2035496253401193e-11 0.6954492106785236 0.0022079614942981836 0.10432937283711677
2005hk CMFGEN 1.02 True 95681.11 111 0.013 53668.31041814435 0.018754317814455135 6.402569454008921e-10 2.9819187940873594e-12 0.6770043472186437 0.0017029994509116598 0.020061264631809475
2005hk CMFGEN 1.04 True 334343.94 111 0.013 53642.32010896286 0.04000422275203164 2.2320625966492976e-09 1.2474624699763235e-11 0.7583614604212172 0.0018935581393605117 0.020061264631809475
2005hk CMFGEN 1.4 True 75762.87 111 0.013 53666.29784289261 0.01966618666119757 4.350277556052064e-10 2.0867583909555524e-12 0.5517484643962405 0.0017554903626103083 0.020061264631809475
2005hk CMFGEN 1.7 True 349199.88 111 0.013 53626.55905879262 0.10962968561216258 1.1074890970111317e-08 1.1507026434394561e-10 1.146246575004977 0.0027413967280855464 0.020061264631809475
2005ke CMFGEN 1.02 True 160534.67 164 0.0049 53682.4140345817 0.011842376585263992 1.8213629720230065e-09 6.92494694608955e-12 0.756094023946871 0.0013783689697960413 0.021125155887244045
2005ke CMFGEN 1.04 True 114818.164 164 0.0049 53685.136565215405 0.008645308880659286 4.410706152211344e-09 1.55209913375632e-11 0.9827508454596177 0.0012731340806931646 0.021125155887244045
2005ke CMFGEN 1.4 True 188964.52 164 0.0049 53680.60542970492 0.013393901368544903 9.586371786128931e-10 3.798609432646164e-12 0.566340152169703 0.0014190149555367607 0.021125155887244045
2005ke CMFGEN 1.7 True 123813.02 164 0.0049 53684.77394896204 0.009080329324206105 5.558990979933604e-09 1.9596244677862607e-11 1.071030541723557 0.0012822476316998869 0.021125155887244045
2005ki CMFGEN 1.02 True 58797.97 143 0.0192 53687.30847723576 0.019200134462153073 2.3561689269544915e-10 1.3327809843895255e-12 0.3720976351376683 0.0019536693099846255 0.027486266648353123
2005ki CMFGEN 1.04 True 48729.51 143 0.0192 53690.06805469682 0.015437553684023442 4.830174027635237e-10 2.6832054893773293e-12 0.5650316774343352 0.0019217841901070193 0.027486266648353123
2005ki CMFGEN 1.4 True 71040.86 143 0.0192 53685.75278344677 0.021625347351800883 1.3132157306317674e-10 7.650350842784058e-13 0.19777692725571872 0.0019936503038010386 0.027486266648353123
2005ki CMFGEN 1.7 True 68600.98 143 0.0192 53689.36557445518 0.016091810914076632 6.0865583264656e-10 3.371405735723018e-12 0.6599588671064509 0.001930628072836224 0.027486266648353123
2005na CMFGEN 1.02 True 39465.6 75 0.0263 53722.04524144839 0.034947662403283175 1.7348200997210449e-10 1.1124336542922374e-12 0.31615786806248597 0.0021727839273276445 0.06681481625966589
2005na CMFGEN 1.04 True 49330.855 75 0.0263 53725.593949966606 0.03220706604042789 3.4371800609867926e-10 2.3121262399801484e-12 0.5215602278094514 0.0022541663767020868 0.06681481625966589
2005na CMFGEN 1.4 True 35941.99 75 0.0263 53720.70361458807 0.034650298086489784 9.653547912669498e-11 6.19208429941115e-13 0.13239121755364394 0.0021637255707622136 0.06681481625966589
2005na CMFGEN 1.7 True 73491.91 75 0.0263 53724.49813820861 0.034234378435940016 3.7325285354579873e-10 2.7821619839161344e-12 0.5657560172619317 0.0024698089621738068 0.06681481625966589
2006D CMFGEN 1.02 True 83149.5 136 0.0085 53738.8783413986 0.03006031643235474 1.4523336854149846e-09 5.286287293040851e-12 0.5404974641488421 0.0012848316526917571 0.039300265923908353
2006D CMFGEN 1.04 True 67741.28 136 0.0085 53741.68785298048 0.024282331916765543 3.4452995154728414e-09 1.235239067867186e-11 0.7702296465534616 0.001292959491476253 0.039300265923908353
2006D CMFGEN 1.4 True 104987.234 136 0.0085 53737.8459818291 0.030307777884445386 7.517277903360099e-10 2.87319118467968e-12 0.35198825730026095 0.0013183278747496883 0.039300265923908353
2006D CMFGEN 1.7 True 106659.77 136 0.0085 53741.606636513054 0.025556259715813212 4.849500747301545e-09 1.9616104101321624e-11 0.9067003923894361 0.0014072150389623996 0.039300265923908353
2006X CMFGEN 1.02 True 56780.98 139 0.0052 53768.64820839095 0.009009731307742186 2.089055427560816e-08 4.957889336164467e-11 1.4038155889363262 0.0008601764909892454 0.022553426442264515
2006X CMFGEN 1.04 True 555255.5 139 0.0052 53709.795354560054 0.13518287744227564 3.214839200475065e-07 2.5334074809524515e-09 1.7891201168745952 0.001847707413696677 0.022553426442264515
2006X CMFGEN 1.4 True 49235.875 139 0.0052 53767.17565121177 0.0103566478646826 1.2942415253320237e-08 3.1209022068094864e-11 1.2661212346610642 0.0008816687263121651 0.022553426442264515
2006X CMFGEN 1.7 False 1260174.4 139 0.0052 53761.89482840151 116.89253647752776 2.1091452326980368e-10 5.5079697539553945e-14 0.1328818794232945 6.582919399061973e-05 0.022553426442264515
2006ax CMFGEN 1.02 True 47358.188 100 0.0167 53809.55279870479 0.011632486664893804 4.0783979783089053e-10 1.5442493840157624e-12 0.320940164551295 0.0013298399868919859 0.04323992187949964
2006ax CMFGEN 1.04 True 60043.562 100 0.0167 53811.54372338973 0.009735225499753142 8.254901192813982e-10 3.102762115034894e-12 0.5118989703399459 0.0013210346418401828 0.04323992187949964
2006ax CMFGEN 1.4 True 47655.41 100 0.0167 53808.29052624313 0.013121922122081742 2.503015916672499e-10 9.853430606919426e-13 0.1734561346959233 0.0013787524420585198 0.04323992187949964
2006ax CMFGEN 1.7 True 88762.66 100 0.0167 53810.972622893256 0.011485037746751914 9.08077817224383e-10 3.493786117501067e-12 0.5684376310210608 0.0013593634906197945 0.04323992187949964
2006bh CMFGEN 1.02 True 76964.7 76 0.0109 53813.96060780418 0.03530864692220348 1.0341223354295647e-09 4.387382118713275e-12 0.47427218883889305 0.0015628984273471705 0.022862200011365373
2006bh CMFGEN 1.04 True 70894.125 76 0.0109 53818.07003943725 0.028395597077178536 2.2492176625150593e-09 1.0110040218516133e-11 0.7086812984260468 0.0015439970258767485 0.022862200011365373
2006bh CMFGEN 1.4 True 79391.39 76 0.0109 53812.322716331444 0.03324283483379986 5.539065945737222e-10 2.399974182018411e-12 0.27484966612781475 0.0015869227850227627 0.022862200011365373
2006bh CMFGEN 1.7 True 90781.08 76 0.0109 53817.08851110281 0.03063698680489324 2.7914512853407394e-09 1.2275465550935709e-11 0.8014849783241338 0.001493756469152609 0.022862200011365373
2006eq CMFGEN 1.02 True 3140.502 40 0.0495 53956.79460450476 0.18784809243516065 4.9122137863295506e-11 9.04854220079302e-13 0.6472802585384158 0.006875291792226739 0.04124082407613607
2006eq CMFGEN 1.04 True 2367.2583 40 0.0495 53962.84726882996 0.1574343624561152 1.1047506072604396e-10 2.030409350214734e-12 0.9378291328292337 0.006727572962474875 0.04124082407613607
2006eq CMFGEN 1.4 True 3084.0854 40 0.0495 53954.222141710605 0.17297779345244635 2.707207898976259e-11 5.303384159545997e-13 0.44186281439241754 0.007434329556552537 0.04124082407613607
2006eq CMFGEN 1.7 True 2733.8154 40 0.0495 53961.50265238896 0.17336623747905833 1.6703278720388563e-10 3.935896295894474e-12 1.09173505549975 0.008461377557913492 0.04124082407613607
2006et CMFGEN 1.02 True 21198.223 100 0.0226 53976.32062857532 0.020090424703084864 3.154076629988665e-10 1.894012317748747e-12 0.4448833902470943 0.002060501895554878 0.016484083652199933
2006et CMFGEN 1.04 True 33835.48 100 0.0226 53978.83092298857 0.01725014027033467 5.365538989264377e-10 3.287384114202917e-12 0.5904664700301756 0.0020868414388155645 0.016484083652199933
2006et CMFGEN 1.4 True 18656.977 100 0.0226 53974.812343018115 0.021485824014234822 2.0483453926975988e-10 1.2398065958611091e-12 0.31262062042262967 0.0020727477341905697 0.016484083652199933
2006et CMFGEN 1.7 True 49434.06 100 0.0226 53978.04619649922 0.018248101110657444 5.425025218133539e-10 3.437942614933291e-12 0.6116037293915851 0.002164032240695347 0.016484083652199933
2006gj CMFGEN 1.02 True 6431.0156 53 0.0284 53979.96539050475 0.08540035887563135 7.149049783388985e-11 1.0732555944573251e-12 0.4534054575381095 0.00514234965633331 0.07245814932372446
