results/band_fits/u_g_r_Y_J.ecsv
# %ECSV 0.9
# ---
# datatype:
# - {name: object ID, datatype: string}
# - {name: model, datatype: string}
# - {name: version, datatype: string}
# - {name: success, datatype: bool}
# - {name: chisq, datatype: float32}
# - {name: ndof, datatype: int32}
# - {name: z, datatype: float64}
# - {name: t0, datatype: float64}
# - {name: t0_err, datatype: float64}
# - {name: x0, datatype: float64}
# - {name: x0_err, datatype: float64}
# - {name: hostebv, datatype: float64}
# - {name: hostebv_err, datatype: float64}
# - {name: mwebv, datatype: float64}
# meta:
#   bands: [csp_dr3_u, csp_dr3_g, csp_dr3_r, csp_dr3_Y, csp_dr3_J]
# schema: astropy-2.0
"object ID" model version success chisq ndof z t0 t0_err x0 x0_err hostebv hostebv_err mwebv
2005el CMFGEN 1.02 True 66205.484 134 0.0149 53627.358707582796 0.021929766844550613 5.700136296618261e-10 1.7934971182935544e-12 0.4408078433393492 0.001160088893387662 0.09808364969164196
2005el CMFGEN 1.04 True 68422.0 134 0.0149 53630.52307512182 0.0178592877855408 1.2690041977445667e-09 3.904131810295141e-12 0.66323123613375 0.001091974390678719 0.09808364969164196
2005el CMFGEN 1.4 True 75585.19 134 0.0149 53625.80297061607 0.023835666106606368 3.3005099375027273e-10 1.106720843187924e-12 0.27198952488515593 0.0012386057991728375 0.09808364969164196
2005el CMFGEN 1.7 True 115630.984 134 0.0149 53629.88172792451 0.021865055216039764 1.4163089911853435e-09 4.623985921047113e-12 0.7237780370060324 0.001121909969834524 0.09808364969164196
2005eq CMFGEN 1.02 True 18780.799 114 0.029 53637.18030281182 0.03289926559955347 1.174996745404851e-10 6.550763432073173e-13 0.2343863055089679 0.001861318777295889 0.06362687563506927
2005eq CMFGEN 1.04 True 29886.727 114 0.029 53640.053737706636 0.030165850454068277 2.1870425066155878e-10 1.2809605532549599e-12 0.4167770055232041 0.0019326057796787755 0.06362687563506927
2005eq CMFGEN 1.4 True 17987.766 114 0.029 53635.793217097125 0.0337494889026857 7.39597998349785e-11 4.1314270813283295e-13 0.09297994081443747 0.0018744070734229548 0.06362687563506927
2005eq CMFGEN 1.7 True 44082.9 114 0.029 53639.15073031125 0.03056220257349196 2.1126988690530178e-10 1.3129929731899611e-12 0.4194560241720888 0.0020377087063024103 0.06362687563506927
2005gj CMFGEN 1.02 True 95305.96 114 0.0616 53689.728246581086 0.03308893542634905 3.5704250223176096e-10 2.2026368182354435e-12 0.7938624982155553 0.0023533535055652935 0.10432937283711677
2005gj CMFGEN 1.04 True 119888.09 114 0.0616 53691.71979745109 0.02888510053526261 6.777883741607272e-10 4.740850178456344e-12 0.9992767265855161 0.0026729016044430933 0.10432937283711677
2005gj CMFGEN 1.4 True 86009.3 114 0.0616 53688.27619024344 0.03590485482709482 2.587917295828276e-10 1.555312468147742e-12 0.6950462695246736 0.0022929195055280743 0.10432937283711677
2005gj CMFGEN 1.7 True 88106.81 114 0.0616 53623.21600270849 0.20725666520229424 2.8900433576056134e-09 2.0121111281165633e-11 0.751929466696049 0.0021314940078887884 0.10432937283711677
2005hc CMFGEN 1.02 True 9230.885 89 0.0459 53648.77746354003 0.03688281616996392 3.649931688213352e-11 2.7600435064977034e-13 0.1620255807321655 0.002411198506472974 0.02814121741934405
2005hc CMFGEN 1.04 True 16164.74 89 0.0459 53652.03025707567 0.030792838049819693 5.919103930912094e-11 4.613813124856404e-13 0.3115884404570004 0.002469349056723974 0.02814121741934405
2005hc CMFGEN 1.4 True 7702.584 89 0.0459 53647.06553321522 0.03906656316758017 2.5538699460880185e-11 1.9288347138903456e-13 0.047980341995796476 0.0024074204911907235 0.02814121741934405
2005hc CMFGEN 1.7 True 23532.53 89 0.0459 53650.74910804223 0.032499084511073306 5.4609049158340586e-11 4.4254095578547285e-13 0.2947799354468629 0.0025728022695161766 0.02814121741934405
2005hj CMFGEN 1.02 True 1667.2256 54 0.0574 53656.01227626668 0.07078802831529174 2.516458779613513e-11 3.9837081308542184e-13 0.14323923790101276 0.004948820595440688 0.03331170812174909
2005hj CMFGEN 1.04 True 3229.7795 54 0.0574 53659.52398210891 0.05580977710269508 4.179267715399666e-11 6.7415250918818e-13 0.30028795202733727 0.00501460952085708 0.03331170812174909
2005hj CMFGEN 1.4 True 1320.9569 54 0.0574 53654.25027147738 0.07642204301373567 1.752764726133501e-11 2.8026712810009737e-13 0.0273374707006639 0.004997107818492411 0.03331170812174909
2005hj CMFGEN 1.7 True 4539.7476 54 0.0574 53658.165279160006 0.05910227033746196 3.739264032440785e-11 6.250202010145192e-13 0.2726263260037274 0.005202163576288545 0.03331170812174909
2005hk CMFGEN 1.02 True 114275.0 126 0.013 53668.790876554485 0.019402242800424574 6.046309583470172e-10 2.405706668065667e-12 0.662602330818455 0.0015107909737918264 0.020061264631809475
2005hk CMFGEN 1.04 True 135033.77 126 0.013 53671.42615456198 0.016076545671239728 9.713770018077981e-10 3.993482641917963e-12 0.7829974810051308 0.0015264881443698374 0.020061264631809475
2005hk CMFGEN 1.4 True 90717.75 126 0.013 53666.65516588015 0.020446226437343284 4.1362729441280454e-10 1.6252439614870948e-12 0.5380400984271945 0.0014933289644367272 0.020061264631809475
2005hk CMFGEN 1.7 True 395409.34 126 0.013 53636.2235487683 0.0592885716832825 3.0793508200397436e-09 1.4559457824475482e-11 0.8193799688674263 0.0014446371485574505 0.020061264631809475
2005iq CMFGEN 1.02 True 13466.348 84 0.034 53668.466322390384 0.029727050176006742 4.583665273147048e-11 3.561019949023861e-13 0.11012853819682801 0.0025054434449191944 0.01900663001980604
2005iq CMFGEN 1.04 True 16828.05 84 0.034 53671.75819592259 0.024171295062842546 7.605669345854899e-11 5.946496643765626e-13 0.26021464533615796 0.002499521462455572 0.01900663001980604
2005iq CMFGEN 1.4 True 13396.461 84 0.034 53666.78767353151 0.03192078923166264 2.9542618640695136e-11 2.2912631643204883e-13 -0.02763969231445035 0.002503178687139683 0.01900663001980604
2005iq CMFGEN 1.7 True 22799.03 84 0.034 53670.63822732605 0.025373609223606763 6.955855372107027e-11 5.650283883143051e-13 0.24060959162345985 0.002600227042886182 0.01900663001980604
2005kc CMFGEN 1.02 True 16427.463 67 0.0151 53680.14374064854 0.016937414100539172 6.284291807127251e-10 3.292210703176957e-12 0.5521401109588191 0.001948801347429028 0.11361467365635353
2005kc CMFGEN 1.04 True 23131.365 67 0.0151 53682.45069678194 0.014294717635493726 1.1084644130092265e-09 6.319946987078517e-12 0.7171242986461787 0.002117796177577008 0.11361467365635353
2005kc CMFGEN 1.4 True 15943.459 67 0.0151 53678.758220897354 0.0182487025813316 4.427885429301909e-10 2.3012124607863615e-12 0.44333493507480287 0.0019360413282181375 0.11361467365635353
2005kc CMFGEN 1.7 True 31095.008 67 0.0151 53681.740778889885 0.014623077964643016 1.000967112343418e-09 5.7794630677732035e-12 0.692607352434336 0.0021324198996753663 0.11361467365635353
2005ke CMFGEN 1.02 True 190300.5 191 0.0049 53682.623081402984 0.011788969437475316 2.3768492148801345e-09 8.23016098246588e-12 0.8487837700788629 0.001313380233744832 0.021125155887244045
2005ke CMFGEN 1.04 True 148675.05 191 0.0049 53685.26638652973 0.008830292186758015 4.9627418439251284e-09 1.5633496788093974e-11 1.02321705835622 0.0011815955645494624 0.021125155887244045
2005ke CMFGEN 1.4 True 225427.78 191 0.0049 53680.706823061104 0.01325860317592742 1.3701602781900998e-09 5.268467519717957e-12 0.6900837584882709 0.0014498120356521735 0.021125155887244045
2005ke CMFGEN 1.7 True 162495.84 191 0.0049 53684.993139506056 0.009793301032914314 5.5210717126983415e-09 1.7110754199097415e-11 1.0705744669417647 0.001161249998611601 0.021125155887244045
2005ki CMFGEN 1.02 True 61454.945 158 0.0192 53687.31034391049 0.018807509030011715 2.6686372726432994e-10 1.2837396576891698e-12 0.4137908286446395 0.001707831135969614 0.027486266648353123
2005ki CMFGEN 1.04 True 52651.516 158 0.0192 53690.14475688123 0.015216634965327103 5.431494352444619e-10 2.585831899905122e-12 0.6047227489223286 0.0016909134319413287 0.027486266648353123
2005ki CMFGEN 1.4 True 75574.86 158 0.0192 53685.6636200444 0.02112788363956497 1.587062301439073e-10 8.132485846004891e-13 0.26056814306928294 0.001806958710684275 0.027486266648353123
2005ki CMFGEN 1.7 True 74030.28 158 0.0192 53689.504712748174 0.015810385943041183 6.083089604060745e-10 2.743308672875426e-12 0.6608955317250503 0.00160841713712484 0.027486266648353123
2005na CMFGEN 1.02 True 35906.816 76 0.0263 53721.89420070435 0.03580927913208143 1.4749564626813084e-10 1.0722678404685513e-12 0.26235513238142955 0.002391450119895384 0.06681481625966589
2005na CMFGEN 1.04 False 204756.78 76 0.0263 53711.89695714615 232.03719279734287 3.251620889493896e-11 1.0000027837244585 -0.3840879801932118 1.0000027030251786 0.06681481625966589
2005na CMFGEN 1.4 True 31927.06 76 0.0263 53720.58008021717 0.03493817860362469 8.165186753043166e-11 5.861700310223766e-13 0.07753807194654058 0.002354848163145695 0.06681481625966589
2005na CMFGEN 1.7 True 61338.137 76 0.0263 53724.514802427984 0.03386327611588058 3.035713727178403e-10 2.2891193638888167e-12 0.49970312590098115 0.002453696310990666 0.06681481625966589
2006D CMFGEN 1.02 True 80685.93 148 0.0085 53739.03691988761 0.029470539288013242 1.4128680662843915e-09 5.1346432604062765e-12 0.5328434668630222 0.0012637826705511727 0.039300265923908353
2006D CMFGEN 1.04 True 64538.906 148 0.0085 53742.027169720626 0.025244995013053995 3.3459637467221664e-09 1.200197959836158e-11 0.7641393566840634 0.0012644355143143406 0.039300265923908353
2006D CMFGEN 1.4 True 101711.09 148 0.0085 53737.92223821538 0.029484893329936313 7.473281770382313e-10 2.850207647488226e-12 0.35074834606612126 0.0013115476986001009 0.039300265923908353
2006D CMFGEN 1.7 True 101491.45 148 0.0085 53741.53743679028 0.02576579767264775 5.412405842318282e-09 2.3300650464658573e-11 0.9433574920534801 0.0014964025959978327 0.039300265923908353
2006X CMFGEN 1.02 True 57716.574 146 0.0052 53768.81579668227 0.00900138272845652 2.096476295349172e-08 4.97905644400003e-11 1.4052520918786062 0.0008644452261549013 0.022553426442264515
2006X CMFGEN 1.04 True 601567.94 146 0.0052 53720.84126622 0.21202866092062322 1.0865772284464069e-07 1.3801150693253053e-09 1.5116696502081408 0.0026843892793666168 0.022553426442264515
2006X CMFGEN 1.4 True 48587.414 146 0.0052 53767.27774316173 0.010051725377707044 1.3410614238094989e-08 3.2352845719792185e-11 1.277979827768081 0.0008832981501324754 0.022553426442264515
2006X CMFGEN 1.7 True 175941.53 146 0.0052 53770.549038304765 0.007865186118579004 4.182582691499825e-08 1.0593822492391173e-10 1.5966838723029506 0.0008951623897700304 0.022553426442264515
2006ax CMFGEN 1.02 True 50198.938 123 0.0167 53809.61574586795 0.011545463585207472 4.4375808398472826e-10 1.455065838928674e-12 0.3489854525259068 0.0011925123700927578 0.04323992187949964
2006ax CMFGEN 1.04 True 67083.66 123 0.0167 53811.62659762507 0.00976821783115156 8.873816505565719e-10 2.9093985843787132e-12 0.5359963566042727 0.0011888227275442386 0.04323992187949964
2006ax CMFGEN 1.4 True 51015.805 123 0.0167 53808.31295711235 0.012966972069989424 2.81784279649722e-10 9.630763599729393e-13 0.21268075040816645 0.001241577707682275 0.04323992187949964
2006ax CMFGEN 1.7 True 109547.984 123 0.0167 53811.07692550196 0.01153966396668693 9.329266924370754e-10 3.1719652883093324e-12 0.5780720633711204 0.0012330415478654475 0.04323992187949964
2006bh CMFGEN 1.02 True 78435.57 92 0.0109 53813.99539493166 0.03335075131326448 1.0901898628748872e-09 4.671760876692439e-12 0.49304951165070254 0.001553889858394283 0.022862200011365373
2006bh CMFGEN 1.04 True 71300.98 92 0.0109 53817.88330087516 0.02700065396129503 2.302961527339572e-09 9.926580665664383e-12 0.7143096812358445 0.0015149342687310692 0.022862200011365373
2006bh CMFGEN 1.4 True 82678.81 92 0.0109 53812.353282724114 0.03213239246906596 5.97241158462811e-10 2.6763964568343663e-12 0.30135437074414956 0.0016146000044196228 0.022862200011365373
2006bh CMFGEN 1.7 True 102246.71 92 0.0109 53816.84800018888 0.0321283610574028 2.950923505435076e-09 1.3989334306317527e-11 0.8174068060428143 0.0015681614035712903 0.022862200011365373
2006bt CMFGEN 1.02 True 8776.162 46 0.0322 53840.65875168213 0.042508248501690105 8.826492514267096e-11 7.697596500303126e-13 0.3177291443089879 0.003004791336046385 0.04305211789801481
2006bt CMFGEN 1.04 True 30797.182 46 0.0322 53822.19406075826 0.07183400436770171 2.842951383447973e-10 2.346725155183877e-12 0.3662212814121736 0.002702565308468598 0.04305211789801481
2006bt CMFGEN 1.4 True 6543.947 46 0.0322 53838.59352410859 0.046898306336515816 6.296468597091186e-11 5.476192395650591e-13 0.20397148778626698 0.003017687584061579 0.04305211789801481
2006bt CMFGEN 1.7 True 36741.203 46 0.0322 53815.27342151215 0.18398839301517 5.653605375146e-10 8.19947250572718e-12 0.5331143820057405 0.0033917833504097774 0.04305211789801481
2006ej CMFGEN 1.02 True 14871.561 28 0.0205 53957.507867212385 0.06898296454164665 3.027878519832458e-10 4.408566183398563e-12 0.4961866037638233 0.004662151261997368 0.030216198315927072
2006ej CMFGEN 1.04 True 13686.295 28 0.0205 53961.01112651621 0.06807525598924258 7.011114573280785e-10 9.726160317029332e-12 0.7411225108464348 0.004343623213107623 0.030216198315927072
2006ej CMFGEN 1.4 True 14251.469 28 0.0205 53956.16596692455 0.07205057339888299 1.5436637546194239e-10 2.423087245626214e-12 0.2822333186671243 0.005010026091008397 0.030216198315927072
2006ej CMFGEN 1.7 True 20179.96 28 0.0205 53959.433894191425 0.08537923001495074 1.1247449668711767e-09 2.008073951395739e-11 0.9096693910561233 0.005248434593363901 0.030216198315927072
2006eq CMFGEN 1.02 True 3052.8755 49 0.0495 53956.931758687155 0.1787902330615907 6.237509186226225e-11 1.1800378018519556e-12 0.7320328282493282 0.007635372517060557 0.04124082407613607
2006eq CMFGEN 1.04 True 2461.0515 49 0.0495 53962.266569849446 0.18159085461229552 1.4700805526848991e-10 2.870646413421038e-12 1.0275030235070512 0.007599470383763766 0.04124082407613607
2006eq CMFGEN 1.4 True 3188.3718 49 0.0495 53954.357714764985 0.16929329137929017 3.4517108228982747e-11 7.153724799309925e-13 0.5283580500566242 0.008259596657735778 0.04124082407613607
2006eq CMFGEN 1.7 True 3018.9358 49 0.0495 53961.36448836588 0.17870342090463964 1.7401487955832585e-10 4.088156415530502e-12 1.1040349866194483 0.007985373762310856 0.04124082407613607
2006et CMFGEN 1.02 True 24291.338 131 0.0226 53976.38918907093 0.019409367614571238 3.31942518957767e-10 1.5771342840310057e-12 0.4619593881419356 0.0016748226556283104 0.016484083652199933
2006et CMFGEN 1.04 True 39879.95 131 0.0226 53978.95442865572 0.016406733491749037 6.24751835342114e-10 3.190152289638552e-12 0.6408721839263988 0.0017930671888509917 0.016484083652199933
2006et CMFGEN 1.4 True 21208.361 131 0.0226 53974.86751667166 0.020918382368108723 2.1604689589063422e-10 1.0325274939530884e-12 0.3303607549960186 0.001682498874107471 0.016484083652199933
2006et CMFGEN 1.7 True 62699.188 131 0.0226 53978.15331987839 0.01728319102767273 6.128802327198282e-10 3.2619205003768896e-12 0.6520740831858102 0.0018622038335803955 0.016484083652199933
2006gj CMFGEN 1.02 True 8264.12 62 0.0284 53979.416218228485 0.09028655738075031 9.10993547398617e-11 1.3960401831992478e-12 0.5299143156462188 0.005366101456297634 0.07245814932372446
2006gj CMFGEN 1.04 True 7652.954 62 0.0284 53983.94671064726 0.07399563250874053 1.583174691688046e-10 2.5574104564642763e-12 0.7067388799619987 0.005692726233844702 0.07245814932372446
2006gj CMFGEN 1.4 True 9486.575 62 0.0284 53977.23044427497 0.09201394551200792 5.746369737758983e-11 8.753406189275979e-13 0.3808529410086195 0.00536028247380267 0.07245814932372446
2006gj CMFGEN 1.7 True 10365.47 62 0.0284 53982.975903322855 0.0756697320684907 1.6362799753484398e-10 2.8048928458024108e-12 0.7257397621317239 0.00603284981280362 0.07245814932372446
2006gt CMFGEN 1.02 True 6150.676 45 0.0448 53982.345416850156 0.09857618213209207 2.4211233521028502e-11 4.510412558068081e-13 0.29121907668922425 0.006086849276040571 0.03203576638201347
2006gt CMFGEN 1.04 True 5472.501 45 0.0448 53986.86274330774 0.08190717675097403 4.081216507826655e-11 7.414853489755721e-13 0.464269409279657 0.00601030931422887 0.03203576638201347
2006gt CMFGEN 1.4 True 6486.4624 45 0.0448 53980.15526403331 0.10102445121810888 1.5725776721367712e-11 2.9874333605493895e-13 0.14873364531879238 0.006233591604179906 0.03203576638201347
2006gt CMFGEN 1.7 True 6650.651 45 0.0448 53985.34542243414 0.08435159504369949 4.10563776726696e-11 7.680096753285804e-13 0.47142536651681893 0.006154809024003407 0.03203576638201347
2006hb CMFGEN 1.02 True 39707.285 94 0.0153 53985.68609719173 0.04654672762626433 4.680255038030837e-10 2.8583779222525275e-12 0.5918964801897537 0.002045662244877049 0.023450809335250816
