results/band_fits/u_g_r_Ydw_H.ecsv
# %ECSV 0.9
# ---
# datatype:
# - {name: object ID, datatype: string}
# - {name: model, datatype: string}
# - {name: version, datatype: string}
# - {name: success, datatype: bool}
# - {name: chisq, datatype: float32}
# - {name: ndof, datatype: int32}
# - {name: z, datatype: float64}
# - {name: t0, datatype: float64}
# - {name: t0_err, datatype: float64}
# - {name: x0, datatype: float64}
# - {name: x0_err, datatype: float64}
# - {name: hostebv, datatype: float64}
# - {name: hostebv_err, datatype: float64}
# - {name: mwebv, datatype: float64}
# meta:
#   bands: [csp_dr3_u, csp_dr3_g, csp_dr3_r, csp_dr3_Ydw, csp_dr3_H]
# schema: astropy-2.0
"object ID" model version success chisq ndof z t0 t0_err x0 x0_err hostebv hostebv_err mwebv
2004ef CMFGEN 1.02 True 452920.6 136 0.031 53223.80710702855 0.025559009878634242 1.190235896062217e-10 5.510639650675774e-13 0.29044714490183593 0.0015262314285480066 0.04722849348904677
2004ef CMFGEN 1.04 True 96656.445 136 0.031 53248.45013706911 0.009145556836301694 1.596163711275771e-10 6.315086739510141e-13 0.5270523436790272 0.0012940081413793853 0.04722849348904677
2004ef CMFGEN 1.4 True 80249.16 136 0.031 53243.849879403504 0.011907855401659617 5.497825394991492e-11 2.0631794956971674e-13 0.20890362975295942 0.0012304474493843704 0.04722849348904677
2004ef CMFGEN 1.7 True 141165.69 136 0.031 53247.463123927024 0.00980843486104277 1.6055181747931814e-10 6.725046451517843e-13 0.5452125387149995 0.0013760133945653285 0.04722849348904677
2004eo CMFGEN 1.02 True 1592236.9 134 0.0157 53167.914664074124 0.13306717785599176 7.696338043920078e-09 4.47612303445346e-11 0.6884764129624217 0.0011658244862604694 0.09289687254685808
2004eo CMFGEN 1.04 True 199703.94 134 0.0157 53262.974837552865 0.003347641475556884 9.984862693660708e-10 2.038218324828474e-12 0.5930154279019667 0.0007354377691055968 0.09289687254685808
2004eo CMFGEN 1.4 True 1561424.1 134 0.0157 53172.8988728668 0.17341394512550323 3.0338654598186858e-09 2.514099933419118e-11 0.4722490487901708 0.001678217450656265 0.09289687254685808
2004eo CMFGEN 1.7 True 295666.12 134 0.0157 53262.29642844909 0.0038130359134811442 9.067643879860961e-10 1.83406411553311e-12 0.5786946866342705 0.0007219566553274429 0.09289687254685808
2004ey CMFGEN 1.02 True 442234.25 104 0.0158 53265.819067456294 0.047449757694266737 4.4666006019226376e-10 1.2253599621911346e-12 0.05987488905825661 0.0012071445799364765 0.11818709721249746
2004ey CMFGEN 1.04 True 93643.445 104 0.0158 53288.97496073898 0.01048785295279231 6.458437447886103e-10 2.050311383972611e-12 0.33966409811122117 0.001056288360131646 0.11818709721249746
2004ey CMFGEN 1.4 True 53160.04 104 0.0158 53284.96811647769 0.013149014317605179 2.38484974459644e-10 6.8822571467088e-13 0.04084982757324775 0.000955429793226304 0.11818709721249746
2004ey CMFGEN 1.7 True 145581.42 104 0.0158 53288.04651177352 0.011139370497403434 6.395409901997217e-10 2.1259977627249793e-12 0.3494140558125955 0.0011038660763227045 0.11818709721249746
2004gs CMFGEN 1.02 True 43328.004 139 0.0267 53335.32444244196 0.039759631912602345 1.2504038638008643e-10 8.16205728329487e-13 0.5674303193801047 0.0023117385733988946 0.026477202576998395
2004gs CMFGEN 1.04 True 37383.004 139 0.0267 53339.83204940433 0.032021981925936416 2.681186601861503e-10 1.798212423637422e-12 0.797467616021843 0.0024009468218755695 0.026477202576998395
2004gs CMFGEN 1.4 True 49888.305 139 0.0267 53333.482188249116 0.04111142758119968 7.114180483422886e-11 4.831688452048676e-13 0.39418045011755976 0.0023789492563952913 0.026477202576998395
2004gs CMFGEN 1.7 True 53083.805 139 0.0267 53339.265249059565 0.034714206580247264 3.7058325572425815e-10 2.8534273794503625e-12 0.9230558180247679 0.0027777268208972945 0.026477202576998395
2004gu CMFGEN 1.02 True 6208.2744 70 0.0459 53344.57655296154 0.04094485252062441 5.33941931960752e-11 4.5377108120199976e-13 0.2970306449152352 0.0029683461239233956 0.022829520827045438
2004gu CMFGEN 1.04 True 14194.955 70 0.0459 53348.12774453522 0.03298256714697345 1.0464533551843227e-10 9.045439744021617e-13 0.503395234421895 0.0030026164453537747 0.022829520827045438
2004gu CMFGEN 1.4 True 5101.9624 70 0.0459 53342.59666052587 0.045040867142233765 3.238249111782712e-11 2.770326256202071e-13 0.13723313632217451 0.0029778714249136863 0.022829520827045438
2004gu CMFGEN 1.7 True 19759.688 70 0.0459 53347.11247731278 0.03403522901862743 1.0485144139982561e-10 9.737646598750772e-13 0.5170364811437279 0.0032292403142417277 0.022829520827045438
2005M CMFGEN 1.02 True 42519.27 190 0.022 53388.08455441233 0.017382429654389853 1.4413389395715557e-10 6.692208733410293e-13 0.1892295408352648 0.0015081399341294096 0.026828269304116723
2005M CMFGEN 1.04 True 64534.34 190 0.022 53390.797016616714 0.01468194717017468 2.3768264354983125e-10 1.1093968567245455e-12 0.3300481600150703 0.001508657921802265 0.026828269304116723
2005M CMFGEN 1.4 True 35175.426 190 0.022 53386.553849089214 0.01847408201501821 9.690220870025248e-11 4.4166372707255115e-13 0.06753253937508279 0.0014754032800525182 0.026828269304116723
2005M CMFGEN 1.7 True 91348.18 190 0.022 53389.8115585414 0.01571098376371083 2.3494161868202624e-10 1.1450778824411746e-12 0.34008502338729746 0.001579433268879774 0.026828269304116723
2005al CMFGEN 1.02 True 84784.2 120 0.0124 53411.98805279134 0.03224668603797909 5.116612665458813e-10 2.5473466057192933e-12 0.4171753215247524 0.0015870396555862757 0.04777394682567044
2005al CMFGEN 1.04 True 74605.44 120 0.0124 53414.94670846918 0.03362790388928261 1.2005364894052873e-09 5.592837399194247e-12 0.6569899540168217 0.0015010881167069879 0.04777394682567044
2005al CMFGEN 1.4 True 89604.8 120 0.0124 53410.832498351585 0.03126517386408523 2.814339155686899e-10 1.402057336215563e-12 0.23803252363738434 0.0015817076909915482 0.04777394682567044
2005al CMFGEN 1.7 True 108163.79 120 0.0124 53413.357644471245 0.041261337079049554 1.7254307542289662e-09 9.426577090218735e-12 0.7880308371557043 0.0016922268511573232 0.04777394682567044
2005am CMFGEN 1.02 True 131344.73 107 0.0079 53416.221553824864 0.027134837524499744 2.4846952418498453e-09 1.0707010040501497e-11 0.5522085371564274 0.0013982347877738383 0.046124031495588254
2005am CMFGEN 1.04 True 119402.99 107 0.0079 53420.32247071912 0.02742918777221348 5.72376536180276e-09 2.301329634350809e-11 0.7951959771988255 0.001347687333850406 0.046124031495588254
2005am CMFGEN 1.4 True 129300.086 107 0.0079 53415.29906567164 0.0255748655545176 1.349113038996327e-09 5.804177595314872e-12 0.36885439988723273 0.0013744744787726876 0.046124031495588254
2005am CMFGEN 1.7 True 160418.64 107 0.0079 53420.17363930285 0.031551135922200046 8.429470846843996e-09 3.899029189745959e-11 0.9534825378075875 0.0015180470552336488 0.046124031495588254
2005el CMFGEN 1.02 True 60388.61 93 0.0149 53627.14854309497 0.026298460968973814 4.5192203488415045e-10 2.226869785398769e-12 0.3615124279461574 0.0016864143646841904 0.09808364969164196
2005el CMFGEN 1.04 True 62265.406 93 0.0149 53630.62613751673 0.0206503886183782 1.0581179247615226e-09 4.926971979685988e-12 0.6051928448936333 0.0015865427919010005 0.09808364969164196
2005el CMFGEN 1.4 True 61470.79 93 0.0149 53625.86953578028 0.02711754556003143 2.33986151865134e-10 1.1612996843875782e-12 0.15854216362071427 0.0016767848818193955 0.09808364969164196
2005el CMFGEN 1.7 True 84432.0 93 0.0149 53629.967527124194 0.022268508702836698 1.3281471756358158e-09 6.521033761786547e-12 0.7040736198156694 0.0016736769689120778 0.09808364969164196
2005eq CMFGEN 1.02 True 14198.79 84 0.029 53637.17349353178 0.03429286480968585 1.034587906657605e-10 6.878132535864522e-13 0.1944367847995669 0.0021537011359709112 0.06362687563506927
2005eq CMFGEN 1.04 True 22781.758 84 0.029 53640.082271980726 0.031064073606103193 1.7995960832308043e-10 1.1672871051406853e-12 0.3562577791146594 0.0020748319560781507 0.06362687563506927
2005eq CMFGEN 1.4 True 13181.128 84 0.029 53635.77108592442 0.03489841561531648 6.481659086089883e-11 4.28200056205579e-13 0.051484281952783276 0.0021517277161636704 0.06362687563506927
2005eq CMFGEN 1.7 True 31859.836 84 0.029 53639.12338602882 0.03143609770995681 1.739965584134445e-10 1.1724270920053899e-12 0.35839721279881326 0.0021536360503748627 0.06362687563506927
2005gj CMFGEN 1.02 True 78272.46 98 0.0616 53689.29152460365 0.034329079655435635 3.349280325187589e-10 2.359755350754573e-12 0.7739659749408047 0.0026240304596396786 0.10432937283711677
2005gj CMFGEN 1.4 True 41427.53 98 0.0616 53633.942690449636 0.23233333138705348 3.789848775407471e-10 3.411861532048365e-12 0.29109217053004544 0.002487542604727402 0.10432937283711677
2005hk CMFGEN 1.02 True 302986.03 108 0.013 53643.43374023878 0.029177905082178768 9.170268059967726e-10 4.7807495195609546e-12 0.5698266334554661 0.0018397176551080828 0.020061264631809475
2005hk CMFGEN 1.04 True 100451.37 108 0.013 53670.9096646223 0.014487617827398935 1.1975250201884932e-09 6.433434397490817e-12 0.8488040651900142 0.0019204103148601057 0.020061264631809475
2005hk CMFGEN 1.4 True 71214.8 108 0.013 53666.1787175634 0.019294045254355296 4.989719340270915e-10 2.737737242624458e-12 0.5981522998216473 0.001996684582263135 0.020061264631809475
2005hk CMFGEN 1.7 True 126655.23 108 0.013 53670.09523155445 0.015491245212615468 1.1914564961484594e-09 6.489214943411646e-12 0.8650876606561841 0.0019475896165465382 0.020061264631809475
2005ke CMFGEN 1.02 True 413892.9 165 0.0049 53622.75841580468 0.1260753825226857 1.820321104662202e-08 1.1114474395950655e-10 1.0539478686927497 0.0015224495082611406 0.021125155887244045
2005ke CMFGEN 1.04 False 682025.44 165 0.0049 53677.582046871445 96.69566552401739 2.439255093042733e-10 7.87471780079228e-14 0.1322756738255181 1.4471176631250148e-05 0.021125155887244045
2005ke CMFGEN 1.4 True 489435.25 165 0.0049 53655.195873042736 0.0322309140683501 2.628220195981321e-09 1.2668649297210979e-11 0.7786072869552854 0.0020254687497830446 0.021125155887244045
2005ke CMFGEN 1.7 False 792905.44 165 0.0049 53671.85909141425 100.968041607739 2.359568843133987e-10 8.262329749012853e-14 0.13262992624824518 1.6012492689080518e-05 0.021125155887244045
2005ki CMFGEN 1.02 True 58309.137 139 0.0192 53687.27758819293 0.019551696695998544 2.215763173252498e-10 1.3124479575523918e-12 0.3514345457024603 0.0020295781720690346 0.027486266648353123
2005ki CMFGEN 1.04 True 48315.953 139 0.0192 53690.02906426456 0.015678287440096028 4.628628489433937e-10 2.734725232292195e-12 0.550633191479965 0.002028654740868549 0.027486266648353123
2005ki CMFGEN 1.4 True 69231.58 139 0.0192 53685.74238406689 0.02200757581886137 1.2202831432806837e-10 7.28401970277786e-13 0.17337656692324385 0.002026274006887652 0.027486266648353123
2005ki CMFGEN 1.7 True 67971.305 139 0.0192 53689.29047794342 0.016284616682241904 6.154752735920001e-10 3.8173061912695306e-12 0.6632013037456693 0.0021487223311887444 0.027486266648353123
2005na CMFGEN 1.02 True 39282.9 79 0.0263 53721.983244671894 0.0350960283067252 1.727636985261802e-10 1.1178787378776212e-12 0.3141720432290392 0.002188045385191196 0.06681481625966589
2005na CMFGEN 1.04 True 48558.836 79 0.0263 53725.56223455995 0.03214195707550971 3.425668616241391e-10 2.3131979728258797e-12 0.5201914557366495 0.00225986633689724 0.06681481625966589
2005na CMFGEN 1.4 True 36113.035 79 0.0263 53720.636212371486 0.034706118483882165 9.590636597371332e-11 6.223013886849085e-13 0.12959163615797228 0.0021836356956564822 0.06681481625966589
2005na CMFGEN 1.7 True 71885.625 79 0.0263 53724.4752874448 0.034351902122580213 3.7560576522668074e-10 2.7984201636948856e-12 0.5676051054170882 0.0024697465563858143 0.06681481625966589
2006D CMFGEN 1.02 True 78068.195 134 0.0085 53738.66744248203 0.029962703640194377 1.3381638411099248e-09 5.170461917662944e-12 0.5106105322852549 0.0013410174184027008 0.039300265923908353
2006D CMFGEN 1.04 True 59776.562 134 0.0085 53741.71999525073 0.024774658664682647 3.135900179841406e-09 1.1740194421182004e-11 0.7388735928009986 0.001306202559495398 0.039300265923908353
2006D CMFGEN 1.4 True 101008.43 134 0.0085 53737.67220768552 0.031166158107225783 6.861108560410995e-10 2.7900546413601616e-12 0.3194169192607049 0.0013820784911286112 0.039300265923908353
2006D CMFGEN 1.7 True 85366.234 134 0.0085 53741.381762613855 0.025731793106388068 4.476927482584063e-09 1.8214540379991007e-11 0.876866971837977 0.0013999183208742328 0.039300265923908353
2006X CMFGEN 1.02 True 51778.58 141 0.0052 53768.630406842836 0.00913570799457375 2.182253635367854e-08 5.024759433976007e-11 1.4185032563548357 0.0008419370816430927 0.022553426442264515
2006X CMFGEN 1.04 True 68728.836 141 0.0052 53770.992084430705 0.006910214156960137 4.607055350527763e-08 1.035133376747304e-10 1.6125798895903585 0.0008148496652711824 0.022553426442264515
2006X CMFGEN 1.4 True 49011.2 141 0.0052 53767.170705533885 0.01041695884487126 1.3572800833103177e-08 3.197298494649586e-11 1.2823829250146308 0.0008651141671693009 0.022553426442264515
2006X CMFGEN 1.7 True 141345.58 141 0.0052 53770.18782761965 0.007162143989262404 4.839958625522969e-08 1.1424824585936569e-10 1.643203083950048 0.0008481063612212974 0.022553426442264515
2006ax CMFGEN 1.02 True 329273.9 96 0.0167 53757.77774335975 0.1438582698792743 1.2257024540820858e-09 1.1083986336696628e-11 0.30656096949438266 0.0021171188222175066 0.04323992187949964
2006ax CMFGEN 1.04 True 55858.227 96 0.0167 53811.40300445275 0.010048277181340382 7.227529559681876e-10 3.3588906983119635e-12 0.46801697739945225 0.001572937606328299 0.04323992187949964
2006ax CMFGEN 1.4 True 323060.12 96 0.0167 53755.50301903602 0.1459371287819522 7.320862715525824e-10 6.2274496573864105e-12 0.16940270280407516 0.0020144367723907127 0.04323992187949964
2006ax CMFGEN 1.7 True 79907.71 96 0.0167 53810.705737022836 0.01130716686748201 8.235865359859922e-10 4.041995985461228e-12 0.5347256726676696 0.00167517805511813 0.04323992187949964
2006bh CMFGEN 1.02 True 79815.984 73 0.0109 53813.61659588861 0.03424581243598368 1.0115816385238495e-09 4.507497980425171e-12 0.46236876076907996 0.0016496450702932761 0.022862200011365373
2006bh CMFGEN 1.04 True 72202.47 73 0.0109 53817.6547319354 0.033388923344318755 2.248625453357197e-09 1.0356247785599953e-11 0.7032273694134099 0.0016340726437277392 0.022862200011365373
2006bh CMFGEN 1.4 True 82974.6 73 0.0109 53812.00890501806 0.03299124559998745 5.357735530307268e-10 2.4471996484370363e-12 0.25965903909555865 0.001665859945098732 0.022862200011365373
2006bh CMFGEN 1.7 True 90075.33 73 0.0109 53816.98443810145 0.03129476658432395 2.8790177674628043e-09 1.2990522354661224e-11 0.8110686310346211 0.0015930047397334627 0.022862200011365373
2006eq CMFGEN 1.02 True 3035.0103 32 0.0495 53956.66087677751 0.20016260980264633 4.779596450818549e-11 9.002614824801249e-13 0.6357280681348265 0.007059212737877444 0.04124082407613607
2006eq CMFGEN 1.04 True 2292.8933 32 0.0495 53963.001222261504 0.15187725641953875 1.0831233513870637e-10 2.0437793384266717e-12 0.9335409942361672 0.006940514919172176 0.04124082407613607
2006eq CMFGEN 1.4 True 2924.239 32 0.0495 53954.06399454518 0.1769419645315793 2.618167497269182e-11 5.2315594135976e-13 0.4278634893597587 0.007559230440150673 0.04124082407613607
2006eq CMFGEN 1.7 True 2645.8 32 0.0495 53961.43597828391 0.1787803060033184 1.641372578844796e-10 4.0322571778764095e-12 1.0844148579676998 0.008946502992629255 0.04124082407613607
2006et CMFGEN 1.02 True 21462.22 98 0.0226 53976.19571278002 0.020927127046888927 2.972419310741143e-10 1.9918164361062478e-12 0.4250151184191586 0.002273680580064752 0.016484083652199933
2006et CMFGEN 1.04 True 32771.773 98 0.0226 53978.73734701467 0.01793504386660061 5.015495381474707e-10 3.3550446708006856e-12 0.5682138920065096 0.0022528566752363934 0.016484083652199933
2006et CMFGEN 1.4 True 18877.363 98 0.0226 53974.68739651367 0.02220420718731475 1.8932303939572504e-10 1.2483136391226077e-12 0.2863947940799147 0.002230329727735584 0.016484083652199933
2006et CMFGEN 1.7 True 47084.957 98 0.0226 53977.896895388774 0.018975910345034208 5.11700354666284e-10 3.5834116530908493e-12 0.5918880101636848 0.0023667345146134605 0.016484083652199933
2006gj CMFGEN 1.02 True 6160.6626 51 0.0284 53979.84117368552 0.08683128458505962 6.968068586020766e-11 1.0489881797675788e-12 0.44375360347501724 0.005135512366710835 0.07245814932372446
2006gj CMFGEN 1.04 True 4628.011 51 0.0284 53984.198765768 0.06925826175574912 1.245876070165344e-10 1.9183992077268528e-12 0.627970227556006 0.00531309406038939 0.07245814932372446
2006gj CMFGEN 1.4 True 7373.828 51 0.0284 53977.60945806817 0.08884425121505046 4.3914551696803755e-11 6.576356595669259e-13 0.2943243085076221 0.005118612323612337 0.07245814932372446
