results/band_fits/u_g_r_Y.ecsv
# %ECSV 0.9
# ---
# datatype:
# - {name: object ID, datatype: string}
# - {name: model, datatype: string}
# - {name: version, datatype: string}
# - {name: success, datatype: bool}
# - {name: chisq, datatype: float32}
# - {name: ndof, datatype: int32}
# - {name: z, datatype: float64}
# - {name: t0, datatype: float64}
# - {name: t0_err, datatype: float64}
# - {name: x0, datatype: float64}
# - {name: x0_err, datatype: float64}
# - {name: hostebv, datatype: float64}
# - {name: hostebv_err, datatype: float64}
# - {name: mwebv, datatype: float64}
# meta:
#   bands: [csp_dr3_u, csp_dr3_g, csp_dr3_r, csp_dr3_Y]
# schema: astropy-2.0
"object ID" model version success chisq ndof z t0 t0_err x0 x0_err hostebv hostebv_err mwebv
[from data line 257]
2008cf CMFGEN 1.02 True 7907.4697 38 0.046 54577.45827293341 0.05499719433646533 3.742788396357352e-11 3.14442458009142e-13 0.11277210436560264 0.002736994129628193 0.05759850795422031
2008cf CMFGEN 1.04 True 13865.446 38 0.046 54581.54438000154 0.047569536120136036 6.769224759530356e-11 5.877452003107578e-13 0.3030425731542242 0.0028192166264027698 0.05759850795422031
2008cf CMFGEN 1.4 True 7046.9795 38 0.046 54575.73614319736 0.05450812803246663 2.4548049146427266e-11 2.0571177417300672e-13 -0.02326417373453416 0.002709346672389934 0.05759850795422031
2008cf CMFGEN 1.7 True 21277.172 38 0.046 54580.16589224686 0.049173447656357894 6.480948223471315e-11 5.842484209690562e-13 0.29789934004518115 0.002918086113634042 0.05759850795422031
2008ff CMFGEN 1.02 True 11722.591 84 0.0193 54692.77257008648 0.04229075808689231 6.229487437248838e-10 1.943524468985276e-12 0.6040469448577968 0.001376538677735793 0.04350702296194606
2008ff CMFGEN 1.04 True 17564.43 84 0.0193 54695.79752897145 0.03902800494324765 1.5340961693626817e-09 4.627209049490739e-12 0.8536746464413218 0.0012736388010128013 0.04350702296194606
2008ff CMFGEN 1.4 True 6983.3447 84 0.0193 54691.287540979625 0.04086770119465655 3.458655931103701e-10 1.134409775324556e-12 0.42283983307065026 0.0013830662698504355 0.04350702296194606
2008ff CMFGEN 1.7 True 88213.56 84 0.0193 54711.017942077415 0.029836182682629442 1.7788212444774766e-09 7.645438837583818e-12 1.188614172715909 0.0015959993061836545 0.04350702296194606
2008fl CMFGEN 1.02 True 49484.637 76 0.0199 54701.37750770571 0.03502146421305952 3.649670647587255e-10 1.4227317342456919e-12 0.4565337954671982 0.001581844516772022 0.15710973562674108
2008fl CMFGEN 1.04 True 60914.625 76 0.0199 54703.43116497691 0.043229945134953596 8.336176236023298e-10 3.292183727813442e-12 0.6801791687410647 0.0016252486718819495 0.15710973562674108
2008fl CMFGEN 1.4 True 49925.61 76 0.0199 54700.214871525866 0.03410424679896096 2.0708375383202612e-10 8.441402518974666e-13 0.2845401203365777 0.001619220974938586 0.15710973562674108
2008fl CMFGEN 1.7 True 95328.414 76 0.0199 54700.77690742022 0.06565103793036542 1.3387795449911398e-09 7.968598073866653e-12 0.8296034044136025 0.0016503873157617686 0.15710973562674108
2008fp CMFGEN 1.02 True 70913.72 107 0.0057 54712.944257936666 0.01750531676589162 4.973265730024299e-09 1.0113694098317805e-11 0.6953047416859068 0.0007499285579481456 0.16865355471544707
2008fp CMFGEN 1.04 True 88067.984 107 0.0057 54716.34838783851 0.014155176697386196 1.1317493942618072e-08 2.4228770090723684e-11 0.9252376512773726 0.0007763717081096325 0.16865355471544707
2008fp CMFGEN 1.4 True 71243.39 107 0.0057 54711.44594992045 0.018625489574333187 3.0658947680261403e-09 6.169682651279217e-12 0.5527622678079831 0.0007534482838183379 0.16865355471544707
2008fp CMFGEN 1.7 True 171894.62 107 0.0057 54715.04443250074 0.014635022522270447 1.2001507294087749e-08 2.6844453512489758e-11 0.9603860759464503 0.0007941144686187306 0.16865355471544707
2008fr CMFGEN 1.02 True 6081.7144 66 0.0397 54718.30075588609 0.09149188987794332 6.645696858590232e-11 5.668777560799783e-13 0.30033157500454594 0.0029683136818409363 0.038677564969285
2008fr CMFGEN 1.04 True 12517.306 66 0.0397 54717.24318019503 0.11458277412020834 1.8019769640188919e-10 1.861033231648202e-12 0.5365464132654459 0.002904722693618583 0.038677564969285
2008fu CMFGEN 1.02 True 2484.2812 43 0.052 54716.29752747091 0.16668584278886556 2.918995505012893e-11 6.065822516931946e-13 0.335138451638364 0.007557545813602265 0.018833736613107027
2008fu CMFGEN 1.04 True 2788.42 43 0.052 54721.7265422445 0.16547332063419162 6.101926752631338e-11 1.237160089743739e-12 0.592103904044789 0.007043625619666252 0.018833736613107027
2008fu CMFGEN 1.4 True 2347.9143 43 0.052 54714.39740945049 0.15118577868997818 1.5569048057175187e-11 3.423780508526178e-13 0.13263191382894504 0.008098652817073282 0.018833736613107027
2008fu CMFGEN 1.7 True 3351.9429 43 0.052 54720.783039331734 0.14369029032968683 6.16483371938483e-11 1.3079348059453932e-12 0.6096496044846527 0.007047211356606911 0.018833736613107027
2008fw CMFGEN 1.02 True 30728.607 75 0.0085 54717.34692441388 0.04619070518310764 1.6119997708426158e-09 6.882561356671981e-12 0.4597785888768007 0.0013700610555269501 0.11159617552698833
2008fw CMFGEN 1.04 True 60124.867 75 0.0085 54715.97570575001 0.02970397304306971 4.091305758050214e-09 1.6585222083854997e-11 0.6601926519902461 0.001328208494490103 0.11159617552698833
2008fw CMFGEN 1.4 True 19317.568 75 0.0085 54717.46316536172 0.03600505561189493 8.476525239469169e-10 3.348276560385864e-12 0.2820989050826528 0.001360908731023195 0.11159617552698833
2008fw CMFGEN 1.7 True 95661.04 75 0.0085 54711.8190309428 0.05133119911988615 7.730393571493234e-09 4.144393310870898e-11 0.8449045037850229 0.001469560285614395 0.11159617552698833
2008gg CMFGEN 1.02 True 16450.72 87 0.032 54734.105262624405 0.043251297691313084 1.5293012310501335e-10 7.472001398550638e-13 0.43022039215548874 0.0017578467667355387 0.02120202873332347
2008gg CMFGEN 1.04 True 32370.947 87 0.032 54736.829049791086 0.05372976257785922 3.192070016717231e-10 1.6798573078895963e-12 0.6435578617733713 0.001769903315737653 0.02120202873332347
2008gg CMFGEN 1.4 True 13252.593 87 0.032 54732.8834282837 0.040768939466943266 8.947884873787707e-11 4.430813450726267e-13 0.2675122689286274 0.001798197035859931 0.02120202873332347
2008gg CMFGEN 1.7 True 51236.766 87 0.032 54735.67720827868 0.06505626589205349 3.7313054461928354e-10 2.5592046068818782e-12 0.7077426063436824 0.0020225647163993766 0.02120202873332347
2008gl CMFGEN 1.02 True 26899.986 77 0.034 54747.7573247975 0.03520454855970456 6.536010736218124e-11 4.2686101491840514e-13 0.22859946195826902 0.0021554774477985776 0.024346470870714523
2008gl CMFGEN 1.04 True 30080.893 77 0.034 54751.68407189611 0.02992427279241383 1.1864606694949205e-10 7.856074964376383e-13 0.4189521373527417 0.002189277228645613 0.024346470870714523
2008gl CMFGEN 1.4 True 25564.932 77 0.034 54745.94043387168 0.03611414414262981 4.2013296209051135e-11 2.7211685149620535e-13 0.08509423815709191 0.0021323071513100517 0.024346470870714523
2008gl CMFGEN 1.7 True 44370.12 77 0.034 54750.5083048635 0.03138733351806877 1.2425499044827674e-10 8.636488951137526e-13 0.4465939600898059 0.002297971272423803 0.024346470870714523
2008go CMFGEN 1.02 True 1195.2749 22 0.0623 54728.874097806714 0.23858679350087186 1.3662560432655237e-11 2.0544556510288797e-13 -0.22152235550931668 0.0073628963739055895 0.032173640448880436
2008go CMFGEN 1.04 True 1606.5457 22 0.0623 54728.78545451214 0.49612577582956874 4.5776038423903293e-11 6.433270139126957e-13 0.08931624085921269 0.006406193461988447 0.032173640448880436
2008go CMFGEN 1.4 True 534.6861 22 0.0623 54743.02705327923 0.11287710546457674 1.3185168235665969e-11 1.9517504038159178e-13 0.028128205565607377 0.005125274765673377 0.032173640448880436
2008go CMFGEN 1.7 True 1202.8041 22 0.0623 54716.30826706027 0.8074212751016603 7.548098453521073e-11 3.0254469290757863e-12 0.11726388665149391 0.0046996780496456735 0.032173640448880436
2008gp CMFGEN 1.02 True 15223.85 68 0.0334 54760.83115590313 0.02015450154794962 7.842376264361944e-11 4.915669166172327e-13 0.17639730270574777 0.0020893698068627595 0.103694303991748
2008gp CMFGEN 1.04 True 27040.076 68 0.0334 54763.4565027352 0.01775048632407561 1.5050257096935876e-10 9.897084583489304e-13 0.3663540087971626 0.0021905762544413817 0.103694303991748
2008gp CMFGEN 1.4 True 11675.392 68 0.0334 54759.326400629594 0.018843635629309574 4.9623001002689144e-11 3.1128441778671303e-13 0.03245925857191203 0.002074122996506497 0.103694303991748
2008gp CMFGEN 1.7 True 37514.734 68 0.0334 54762.58529556608 0.01895528845852823 1.4061686059450448e-10 9.613208687764824e-13 0.3602650551077737 0.0022793513576883652 0.103694303991748
2008ha CMFGEN 1.02 True 11166.757 43 0.0046 54760.38676109151 0.19574501848546788 1.024065835294193e-10 1.476792218322962e-12 0.627367074669687 0.005969292549767137 0.06357216573029255
2008ha CMFGEN 1.04 True 8726.092 43 0.0046 54767.7283464686 0.06828615199992782 1.7549405560115907e-10 2.5074977596275676e-12 0.8431270479271511 0.005336068089818736 0.06357216573029255
2008ha CMFGEN 1.4 True 9573.539 43 0.0046 54751.84480667048 0.15549373928297427 6.466604062130629e-11 9.439993325218003e-13 0.3608972095419892 0.005499234589614565 0.06357216573029255
2008ha CMFGEN 1.7 True 9997.167 43 0.0046 54766.22696753407 0.07430678447417449 1.7722354614939753e-10 2.5903864888371187e-12 0.8499500862871087 0.005393068139732829 0.06357216573029255
2008hj CMFGEN 1.02 True 4264.3438 61 0.0379 54783.0010158504 0.02612768493781914 5.1116130022900956e-11 3.0918230071554987e-13 0.11600090271956486 0.0019289291710273039 0.03086168432817931
2008hj CMFGEN 1.04 True 48131.312 61 0.0379 54757.5084371666 0.14049283832355286 1.5320719300408328e-10 9.559864615748034e-13 0.0695662420425684 0.002196438490414927 0.03086168432817931
2008hj CMFGEN 1.4 True 4227.3604 61 0.0379 54781.31993541761 0.02855657392865396 3.63842848824946e-11 2.192432849236632e-13 0.007963212671407559 0.0019234348421593782 0.03086168432817931
2008hj CMFGEN 1.7 True 11820.314 61 0.0379 54784.9252856629 0.022304787831672 7.211210753731007e-11 4.4787050190737103e-13 0.225269932407616 0.0019688170488412517 0.03086168432817931
2008hu CMFGEN 1.02 True 5383.1226 42 0.0497 54784.50529297517 0.0998148089274764 2.898464959553528e-11 3.9953078356637497e-13 0.26396870202044936 0.004929710765310109 0.09234704414548399
2008hu CMFGEN 1.04 False 159838.05 42 0.0497 54823.132907857675 216.3075789931063 5.869482056062416e-12 2.7262248254407163e-14 0.23552782948410883 0.0003588487097028887 0.09234704414548399
2008hu CMFGEN 1.4 True 5014.374 42 0.0497 54782.55639142805 0.09430002952649374 1.585050061677573e-11 2.2612829573607458e-13 0.0666854400358936 0.005142990135855648 0.09234704414548399
2008hu CMFGEN 1.7 True 8656.604 42 0.0497 54788.74683185139 0.08331330879445886 5.6533078151855145e-11 8.178467610334869e-13 0.5100440011415175 0.004856729558124606 0.09234704414548399
2008hv CMFGEN 1.02 True 60032.17 97 0.0126 54798.974863758325 0.010908783209742978 5.068800120250757e-10 1.7328728098925287e-12 0.33971022240348575 0.0011823135030310894 0.02743585979989673
2008hv CMFGEN 1.04 True 63378.902 97 0.0126 54801.553449430256 0.008779122701525921 1.1066062387401582e-09 3.859685838973676e-12 0.5525713848876228 0.0012024002314473597 0.02743585979989673
2008hv CMFGEN 1.4 True 288805.56 97 0.0126 54750.770473256445 0.13988654659260646 7.375056926681856e-10 5.02552441018259e-12 0.11481025014451372 0.0014230662851814357 0.02743585979989673
2008hv CMFGEN 1.7 True 91646.49 97 0.0126 54800.72685402573 0.00940049700147938 1.1129447577000305e-09 3.981606170339551e-12 0.5719092282450163 0.0012328995173019452 0.02743585979989673
2008ia CMFGEN 1.02 True 10986.944 57 0.0219 54792.51375328414 0.04959941376364441 1.6978497554819047e-10 1.196176158936887e-12 0.25903754944247737 0.0024522776250106475 0.19479143249257042
2008ia CMFGEN 1.04 True 16840.713 57 0.0219 54797.117438087735 0.0400981791135564 3.503239749455623e-10 2.6541886316371692e-12 0.4908571460625277 0.0026227989556343247 0.19479143249257042
2008ia CMFGEN 1.4 True 9522.978 57 0.0219 54790.73341860586 0.04935829175155959 1.0785799779880334e-10 7.427564265957259e-13 0.11132486760919828 0.0023854707760082674 0.19479143249257042
2008ia CMFGEN 1.7 True 23624.873 57 0.0219 54796.22256458184 0.03940253045948339 3.468450656488156e-10 2.7887182010607348e-12 0.4986038369861342 0.002757839422305339 0.19479143249257042
2009D CMFGEN 1.02 True 605134.1 72 0.025 54889.14638976916 0.006553540446475381 6.973727296891408e-10 4.163163790849256e-12 -2.3934792667082148 0.001973867036980309 0.04553556357655682
2009D CMFGEN 1.04 True 608714.75 72 0.025 54888.526843849206 0.010072379485791316 9.754412528893145e-11 6.12030793298853e-13 -2.5731362344560615 0.00204305268018553 0.04553556357655682
2009D CMFGEN 1.4 True 22249.664 72 0.025 54821.29304004641 0.019158661569235846 1.0684833464058886e-10 4.060536942411211e-13 0.04571170950508365 0.0012294412447881767 0.04553556357655682
2009D CMFGEN 1.7 True 89218.945 72 0.025 54824.95988089249 0.016611947808996774 2.881583100816949e-10 1.269049071888316e-12 0.36045004298018724 0.001422297803122222 0.04553556357655682
2009F CMFGEN 1.02 True 69949.234 45 0.013 54823.529449553615 0.035733212058403296 3.3628471677672705e-10 3.1527645506685007e-12 0.7687828985093381 0.0035128681186825843 0.08942501844180814
2009F CMFGEN 1.04 True 67570.1 45 0.013 54827.47795101231 0.024564627863583155 5.892938832304057e-10 5.961451547691136e-12 0.9282104627717304 0.0037238969713394403 0.08942501844180814
2009F CMFGEN 1.4 True 65163.33 45 0.013 54805.53123399423 0.04939559954436845 2.600984324272989e-10 1.7610202540383503e-12 0.5138809385692142 0.0027550062891583947 0.08942501844180814
2009F CMFGEN 1.7 True 76386.52 45 0.013 54826.65525517287 0.02617635373098892 5.260485861417938e-10 5.6314719496530865e-12 0.897726368886284 0.003924700241409561 0.08942501844180814
2009I CMFGEN 1.02 True 3273.9407 20 0.0262 54796.78801807187 0.3526543739499175 1.9405334032222783e-10 3.1961531950488342e-12 0.3107443436899319 0.003390910242282002 0.027127749805892682
2009I CMFGEN 1.04 True 3761.6643 20 0.0262 54799.27856145879 0.45550762397397193 5.096011069077416e-10 1.0016798963965426e-11 0.5786811921316705 0.003240130820167936 0.027127749805892682
2009I CMFGEN 1.4 True 2662.8286 20 0.0262 54794.91147181657 0.4023402753700793 1.1394461855160325e-10 2.129597913202375e-12 0.143644729230382 0.0037877724642630902 0.027127749805892682
2009I CMFGEN 1.7 True 1125.1149 20 0.0262 54836.06616886094 0.07264585854863981 3.32023254786825e-10 4.032728624718125e-12 1.0027475600398772 0.00440190313296589 0.027127749805892682
2009J CMFGEN 1.02 True 1249.224 18 0.0158 54815.11254342507 0.31872534688955056 4.5964704996121e-11 1.1639052766807607e-12 0.4379098252800261 0.011546847065386227 0.07593025039065326
2009J CMFGEN 1.04 True 1489.9161 18 0.0158 54818.49700965993 0.2976799446150835 1.169861639091271e-10 2.8391129992545654e-12 0.7040189146058962 0.009471664796873398 0.07593025039065326
2009J CMFGEN 1.4 True 1138.4637 18 0.0158 54815.140830065015 0.3809412722621346 2.1960821042619134e-11 6.374092741446737e-13 0.22836530269797223 0.014235995347022933 0.07593025039065326
2009P CMFGEN 1.02 True 1918.9244 47 0.0251 54850.53980188152 0.07202302931182203 1.5148698135148372e-10 1.2635845319430095e-12 0.45628045146341834 0.002887787802256059 0.042137063423059846
2009P CMFGEN 1.04 True 3948.6343 47 0.0251 54854.28328095806 0.06371028434296022 2.8498858182026775e-10 2.6153550018694785e-12 0.6569124595434037 0.0030582430976008484 0.042137063423059846
2009P CMFGEN 1.4 True 2108.3005 47 0.0251 54848.86127968314 0.0737531122576911 9.758791759095615e-11 8.075219651882361e-13 0.31691453357704935 0.0029488955103558587 0.042137063423059846
2009P CMFGEN 1.7 True 6588.3154 47 0.0251 54852.95543521153 0.06712701313881553 2.798156849968016e-10 2.8375958309054907e-12 0.6541577134046225 0.003270103659983647 0.042137063423059846
2009Y CMFGEN 1.02 True 56476.85 110 0.0094 54858.730467004425 0.017758005546056665 1.5297549239407397e-09 3.706990946416243e-12 0.38156599355830023 0.0008430515638365221 0.08739267344609465
2009Y CMFGEN 1.04 True 87311.43 110 0.0094 54861.67143586821 0.015795710878592217 3.488039916405371e-09 8.857997620106439e-12 0.6158173814014251 0.0008825940962221477 0.08739267344609465
2009Y CMFGEN 1.4 True 45313.004 110 0.0094 54857.170850544724 0.019149834155541612 9.510845977478622e-10 2.2606911432838165e-12 0.24051905118884104 0.0008254290757790708 0.08739267344609465
2009Y CMFGEN 1.7 True 171161.55 110 0.0094 54860.779197119366 0.018220609625132056 3.868091094240024e-09 1.0531952944300817e-11 0.6674633167586719 0.0009348978313792073 0.08739267344609465
