results/band_fits/u_g_r_J.ecsv
# %ECSV 0.9
# ---
# datatype:
# - {name: object ID, datatype: string}
# - {name: model, datatype: string}
# - {name: version, datatype: string}
# - {name: success, datatype: bool}
# - {name: chisq, datatype: float32}
# - {name: ndof, datatype: int32}
# - {name: z, datatype: float64}
# - {name: t0, datatype: float64}
# - {name: t0_err, datatype: float64}
# - {name: x0, datatype: float64}
# - {name: x0_err, datatype: float64}
# - {name: hostebv, datatype: float64}
# - {name: hostebv_err, datatype: float64}
# - {name: mwebv, datatype: float64}
# meta:
#   bands: [csp_dr3_u, csp_dr3_g, csp_dr3_r, csp_dr3_J]
# schema: astropy-2.0
"object ID" model version success chisq ndof z t0 t0_err x0 x0_err hostebv hostebv_err mwebv
[from data line 257]
2008ae CMFGEN 1.7 True 6512.8447 26 0.03 54503.69726281535 0.16229921817648574 4.667641786077433e-10 1.1239138047510584e-11 1.3928221698088676 0.009978531848562773 0.02369781462470916
2008ar CMFGEN 1.02 True 8855.442 48 0.0261 54516.73825134266 0.03704331328845001 1.604484509502742e-10 1.4885220691672688e-12 0.35852387715753076 0.003152792126482802 0.03165642704095217
2008ar CMFGEN 1.04 True 13416.888 48 0.0261 54519.28385900841 0.031113068318518344 3.116409733174539e-10 2.8135386360861534e-12 0.5400547159189145 0.0030296802373446247 0.03165642704095217
2008ar CMFGEN 1.4 True 7426.204 48 0.0261 54515.421094655285 0.039840453464421444 9.01091215718545e-11 8.465395879943144e-13 0.17939483492105152 0.003189667599204674 0.03165642704095217
2008ar CMFGEN 1.7 True 20093.281 48 0.0261 54518.60533588674 0.03294875098799821 3.4479757889045737e-10 3.15422729716163e-12 0.5978957829061871 0.003080991530994238 0.03165642704095217
2008bc CMFGEN 1.02 True 32453.277 85 0.0151 54531.27768969886 0.01747127468843246 3.33623618153954e-10 1.5431068431823645e-12 0.1377684922125922 0.0014707761313499223 0.22550709929515722
2008bc CMFGEN 1.04 True 47149.523 85 0.0151 54533.9348931877 0.015511204404901946 5.413706146861141e-10 2.5042054780969235e-12 0.2790671613071943 0.0014590175871595902 0.22550709929515722
2008bc CMFGEN 1.4 True 28759.703 85 0.0151 54529.95100357232 0.018460728977515828 2.400434365216939e-10 1.090547891166398e-12 0.03405879696408833 0.0014418436100343047 0.22550709929515722
2008bc CMFGEN 1.7 True 67237.3 85 0.0151 54532.575014652866 0.017216181491676252 5.252742779290857e-10 2.5310939694281754e-12 0.28173664096789497 0.0015218823263296712 0.22550709929515722
2008bf CMFGEN 1.02 True 25229.967 81 0.0235 54536.899645913014 0.02153474539227318 1.6370561599766502e-10 9.621341083619401e-13 0.2070027490721424 0.002017108223761165 0.02971233782867539
2008bf CMFGEN 1.04 True 32570.05 81 0.0235 54539.77265123529 0.017819541430071695 2.956135882005051e-10 1.6962083254070722e-12 0.37327652582304544 0.0019518016064309265 0.02971233782867539
2008bf CMFGEN 1.4 True 27799.793 81 0.0235 54535.26886075778 0.02369450331389089 9.795940539553095e-11 5.849892441599265e-13 0.04783614262844732 0.0020379526093382123 0.02971233782867539
2008bf CMFGEN 1.7 True 45826.84 81 0.0235 54538.91540447175 0.018668095868633827 3.0409725678481716e-10 1.774323819719712e-12 0.402440344743241 0.002000190437514078 0.02971233782867539
2008bi CMFGEN 1.02 True 12203.806 29 0.0134 54511.64103046382 0.08464034888311289 1.8755806241876078e-09 1.3661941933222915e-11 1.324893642094893 0.004199431817677753 0.037379980331966524
2008bi CMFGEN 1.04 True 38166.13 29 0.0134 54575.73995 1.2982811313122511e-05 8.482171616260132e-08 5.733690795644566e-10 0.6556936542717648 0.004287324965752695 0.037379980331966524
2008bi CMFGEN 1.4 True 14486.815 29 0.0134 54509.09015323474 0.11371590310591273 1.2703602327454705e-09 1.134024776604587e-11 1.2242814891382967 0.005343510424666514 0.037379980331966524
2008bi CMFGEN 1.7 True 35853.285 29 0.0134 54575.73995 2.0270093955332413e-05 8.364943743287361e-08 5.761127915013474e-10 0.7490829665112044 0.004294293988487894 0.037379980331966524
2008bq CMFGEN 1.02 True 6319.704 52 0.034 54545.194254484035 0.04123554756733938 8.278108220487305e-11 5.331682509193589e-13 0.24580471657595657 0.002136257382385075 0.07776435723852901
2008bq CMFGEN 1.04 True 14406.4795 52 0.034 54548.9131551582 0.034033067284326535 1.3013768143427574e-10 8.193313347606606e-13 0.39260943824483285 0.002051653964309384 0.07776435723852901
2008bq CMFGEN 1.4 True 3976.0598 52 0.034 54543.295259970495 0.04405588699228247 5.49494182024924e-11 3.5392765858437104e-13 0.11094695324535252 0.002211475703843501 0.07776435723852901
2008bq CMFGEN 1.7 True 19166.365 52 0.034 54547.85429189536 0.03500290118972771 1.2485467618310025e-10 8.16377100888975e-13 0.3888395721670255 0.002123276118207516 0.07776435723852901
2008bt CMFGEN 1.02 True 19767.492 34 0.0154 54549.13561905605 0.06582955474732444 2.743411361626367e-10 3.1535202768774373e-12 0.5898535266660744 0.0038920024714233004 0.04805916611950687
2008bt CMFGEN 1.4 True 21417.982 34 0.0154 54547.16228515449 0.06230383547517704 1.5283291301779914e-10 1.7399696102393884e-12 0.4005441605184002 0.003854015014161372 0.04805916611950687
2008cc CMFGEN 1.02 True 36662.668 70 0.0104 54561.85896080112 0.06083227477938635 1.1814326943830478e-09 5.700692351549322e-12 0.5697438738378888 0.0014570981726470273 0.03586503715546102
2008cc CMFGEN 1.04 True 33950.77 70 0.0104 54566.47637453363 0.04167609496653313 2.3750132296261695e-09 1.121847965787163e-11 0.7918810210522491 0.0014544351439108984 0.03586503715546102
2008cc CMFGEN 1.4 True 40643.04 70 0.0104 54559.5271387737 0.047015970270877006 6.80379783400639e-10 2.9202174719706223e-12 0.39542031834758196 0.0014836800844599295 0.03586503715546102
2008cc CMFGEN 1.7 True 59038.258 70 0.0104 54565.48964840654 0.04558041545533342 2.978089294447806e-09 1.6959927949318456e-11 0.8740091302457669 0.001893586556290192 0.03586503715546102
2008cf CMFGEN 1.02 True 6955.323 30 0.046 54577.33604851084 0.05599650674048462 3.509105122988775e-11 3.1391479443940123e-13 0.09211064634163278 0.0028937919991208504 0.05759850795422031
2008cf CMFGEN 1.04 True 12202.671 30 0.046 54581.340195980236 0.049963120807660744 6.191845997001538e-11 5.596020048170526e-13 0.2747530880713911 0.00291705957959257 0.05759850795422031
2008cf CMFGEN 1.4 True 6210.6265 30 0.046 54575.63403543221 0.055229341309313895 2.309936241604977e-11 2.0677223465329724e-13 -0.04261390914244308 0.0028720305721784884 0.05759850795422031
2008cf CMFGEN 1.7 True 17764.545 30 0.046 54580.08726460699 0.050250672560650855 6.048769613621929e-11 5.597887029855344e-13 0.2762915607852542 0.002982049444987594 0.05759850795422031
2008ff CMFGEN 1.02 True 9052.026 90 0.0193 54692.9228388861 0.04294712635601172 7.314531924743653e-10 2.612762793166981e-12 0.6600266116206924 0.0015049193499517513 0.04350702296194606
2008ff CMFGEN 1.04 True 17040.354 90 0.0193 54696.18797655041 0.030044529015867738 1.7224869988217575e-09 5.957895125145015e-12 0.8979300325458482 0.0013729904965029101 0.04350702296194606
2008ff CMFGEN 1.4 True 5378.606 90 0.0193 54691.78392363409 0.050972698467376176 3.7534605098778614e-10 1.471050364448347e-12 0.45789839641571817 0.001559876077782484 0.04350702296194606
2008ff CMFGEN 1.7 True 38173.145 90 0.0193 54688.45220434597 0.16187775412981864 3.740296445219975e-09 4.006433318748419e-11 1.0805166535495292 0.0018088991658567466 0.04350702296194606
2008fl CMFGEN 1.02 True 51841.387 79 0.0199 54703.00844792933 0.027930796935834223 3.7639299319064207e-10 1.553723766419126e-12 0.49200075133440513 0.001374602671085426 0.15710973562674108
2008fl CMFGEN 1.04 True 56599.863 79 0.0199 54706.716516556095 0.0391202489445277 6.437009741715363e-10 2.6953725138458316e-12 0.6463326858273126 0.001256635796856108 0.15710973562674108
2008fl CMFGEN 1.4 True 54773.168 79 0.0199 54701.96799258994 0.02762746746520861 2.2759291429425955e-10 9.432572944662308e-13 0.34269642668607564 0.0014595791493020422 0.15710973562674108
2008fl CMFGEN 1.7 True 79822.63 79 0.0199 54706.75304410636 0.03746497259271564 7.146023404920673e-10 3.33483050398012e-12 0.7096352728871608 0.0013898129552165125 0.15710973562674108
2008fp CMFGEN 1.02 True 73283.09 122 0.0057 54713.733311666954 0.012990883082238724 7.263287194066221e-09 1.131552038953612e-11 0.8294988452673623 0.0006221562705645057 0.16865355471544707
2008fp CMFGEN 1.04 True 104101.85 122 0.0057 54716.890376827796 0.011775574283092283 1.3626973982589503e-08 2.222704559676931e-11 0.9918894871768573 0.0006231687127620814 0.16865355471544707
2008fp CMFGEN 1.4 True 87352.16 122 0.0057 54711.88085408635 0.014550120784406317 4.851483112359131e-09 7.685016044881466e-12 0.7125998801898296 0.0006438071437820016 0.16865355471544707
2008fp CMFGEN 1.7 True 237311.83 122 0.0057 54716.09613453009 0.014655693012173288 1.3386141962141292e-08 2.404688568655451e-11 1.0050562222431576 0.0006402263969828944 0.16865355471544707
2008fr CMFGEN 1.02 True 4981.775 49 0.0397 54718.229670313354 0.0854271159369091 6.727293021116858e-11 6.915046295239139e-13 0.30321426860506306 0.003415330180000445 0.038677564969285
2008fr CMFGEN 1.04 True 11521.371 49 0.0397 54717.06007624295 0.14855605396587634 1.8208198712190566e-10 2.747505451193963e-12 0.5370100621924664 0.003648013943560314 0.038677564969285
2008fr CMFGEN 1.4 True 3363.7234 49 0.0397 54717.535938141205 0.07785266340215458 3.684010250770463e-11 3.6692677410684713e-13 0.12604236952035322 0.003499567737107433 0.038677564969285
2008fr CMFGEN 1.7 True 16205.477 49 0.0397 54721.60508438542 0.1034784173425578 1.4021709147003948e-10 1.6841311668364676e-12 0.5576578985071454 0.003448459511528771 0.038677564969285
2008fu CMFGEN 1.02 True 2765.2434 36 0.052 54715.810696438115 0.1572314150253078 2.938560250430942e-11 6.445516782599499e-13 0.3294895999733834 0.007767491294911102 0.018833736613107027
2008fu CMFGEN 1.04 True 3075.5476 36 0.052 54720.90801078076 0.176143298693205 6.121655728036208e-11 1.3074889236951954e-12 0.5794240644003944 0.0071108322579710274 0.018833736613107027
2008fu CMFGEN 1.4 True 2648.3318 36 0.052 54714.114888110475 0.14973918531177333 1.530472593396074e-11 3.505019927701608e-13 0.12273655329353211 0.00831537608766663 0.018833736613107027
2008fw CMFGEN 1.02 True 28576.129 72 0.0085 54717.34277347621 0.04542123609644477 1.5205932595700684e-09 6.913154060487293e-12 0.44023324988381946 0.0014437631017729445 0.11159617552698833
2008fw CMFGEN 1.04 True 55755.414 72 0.0085 54715.406118074294 0.036777397894184105 4.108767221617076e-09 2.0021030076992277e-11 0.653364360929778 0.001454670812652003 0.11159617552698833
2008fw CMFGEN 1.4 True 17002.25 72 0.0085 54717.33511606634 0.03574919574020896 8.027205957348087e-10 3.366498648621969e-12 0.2622634700218016 0.0014287381409194058 0.11159617552698833
2008fw CMFGEN 1.7 True 90957.46 72 0.0085 54711.74920102506 0.057699185475939885 7.845256922050442e-09 5.3462877503270846e-11 0.8489347060868531 0.0018050638417793031 0.11159617552698833
2008gg CMFGEN 1.02 True 14961.224 79 0.032 54733.57142325181 0.0438784259968088 1.5581374265429821e-10 8.545521347964654e-13 0.42892429168115936 0.0017392596477765084 0.02120202873332347
2008gg CMFGEN 1.04 True 30992.24 79 0.032 54736.19596884051 0.06662350089027314 2.9351883081488865e-10 1.9310363041776487e-12 0.6070990320051283 0.0016966851443408113 0.02120202873332347
2008gg CMFGEN 1.4 True 12000.474 79 0.032 54732.772733456986 0.03987534870248055 9.116929037059638e-11 4.853448156550637e-13 0.2721427418847214 0.0018046932402172556 0.02120202873332347
2008gg CMFGEN 1.7 True 43666.883 79 0.032 54736.29327033298 0.05217555539638852 3.0461474457079e-10 1.944272926369916e-12 0.6507701475256847 0.0018242744593507923 0.02120202873332347
2008gl CMFGEN 1.02 True 27991.287 72 0.034 54747.81210448373 0.03501964107636013 6.605817859556094e-11 4.588206984420529e-13 0.23249095710875678 0.0022812518451146954 0.024346470870714523
2008gl CMFGEN 1.04 True 30516.062 72 0.034 54751.68373913485 0.02996122423792258 1.1641220364936593e-10 7.946741672495537e-13 0.4130946881033396 0.002248976885361786 0.024346470870714523
2008gl CMFGEN 1.4 True 26808.062 72 0.034 54745.99160622612 0.03605656716172234 4.256010590670203e-11 2.941818091568025e-13 0.08965035453615283 0.0022638029645971978 0.024346470870714523
2008gl CMFGEN 1.7 True 43943.74 72 0.034 54750.536214750835 0.03137098597653676 1.2214217867644947e-10 8.733024496019861e-13 0.44148921048892703 0.00236054331419496 0.024346470870714523
2008gp CMFGEN 1.02 True 13533.126 67 0.0334 54760.836475597804 0.020287055038352264 6.969642597992799e-11 4.957676009579254e-13 0.13955473132678287 0.0023076308333399597 0.103694303991748
2008gp CMFGEN 1.04 True 23290.053 67 0.0334 54763.37397069654 0.017958411492145387 1.3024531731746954e-10 9.401071492475868e-13 0.3208721591786143 0.002341996011739146 0.103694303991748
2008gp CMFGEN 1.4 True 9894.504 67 0.0334 54759.391788411296 0.018670266508706845 4.3425006689459485e-11 3.0610251749883275e-13 -0.008829281515479105 0.0022681042464662024 0.103694303991748
2008gp CMFGEN 1.7 True 31061.32 67 0.0334 54762.48563850097 0.019285561258584494 1.244461001003245e-10 9.419481604499023e-13 0.32154458680048764 0.0024659210177277336 0.103694303991748
2008ha CMFGEN 1.02 True 10712.198 42 0.0046 54761.07752159258 0.14557977140066214 9.722124131505632e-11 1.4221682556566124e-12 0.6209527271690897 0.005743101995326737 0.06357216573029255
2008ha CMFGEN 1.04 True 7791.7627 42 0.0046 54767.735932508556 0.0678654424737033 1.6643914670697515e-10 2.3522571614003723e-12 0.8250344660861991 0.005253917871808806 0.06357216573029255
2008ha CMFGEN 1.4 True 9701.235 42 0.0046 54754.36743465371 0.3818767364609812 5.850620357373454e-11 9.522934976605878e-13 0.3703386775307631 0.007011829548473458 0.06357216573029255
2008ha CMFGEN 1.7 True 8986.64 42 0.0046 54766.196056718945 0.07334154024647432 1.6795628339962816e-10 2.4287513083738612e-12 0.831023954259032 0.005312592408064467 0.06357216573029255
2008hj CMFGEN 1.02 True 55259.484 50 0.0379 54761.39132860589 0.07164424745133147 4.979400560831368e-11 3.778418922659887e-13 -0.16176641728860103 0.0027908905527697296 0.03086168432817931
2008hj CMFGEN 1.04 True 49367.96 50 0.0379 54756.05101099629 0.15865303570171818 1.8074956077924912e-10 1.636398139809731e-12 0.10160508595929238 0.0022246365225114203 0.03086168432817931
2008hj CMFGEN 1.4 True 4509.514 50 0.0379 54781.44525899103 0.028190397235448472 3.650792008311952e-11 2.3427081995604593e-13 0.009599235278832574 0.002033568769168494 0.03086168432817931
2008hj CMFGEN 1.7 True 52792.176 50 0.0379 54753.522004632556 0.13469258333134349 2.4197901760405027e-10 2.7560369590629582e-12 0.19488900390083633 0.002605968013358713 0.03086168432817931
2008hu CMFGEN 1.02 True 6362.1704 37 0.0497 54785.08207157723 0.0978572342901316 3.181966149535024e-11 4.574848751187777e-13 0.30344106247558655 0.005139280829267427 0.09234704414548399
2008hu CMFGEN 1.04 True 7107.0596 37 0.0497 54790.018682598035 0.08403334495596937 6.307755589630012e-11 8.651032855436765e-13 0.5373505218414436 0.004725094397054774 0.09234704414548399
2008hu CMFGEN 1.4 True 6330.029 37 0.0497 54783.074370538976 0.09066887230437715 1.721643170111869e-11 2.582862780361525e-13 0.10153806544020273 0.005393337875625483 0.09234704414548399
2008hu CMFGEN 1.7 True 8398.281 37 0.0497 54789.20165557478 0.07677567799692042 6.054485722583393e-11 8.572289810614276e-13 0.5393527843603829 0.00480778210983076 0.09234704414548399
2008hv CMFGEN 1.02 True 68540.77 84 0.0126 54799.21749884675 0.0101462158090726 5.18267146702972e-10 2.1900547827656732e-12 0.3474700667689407 0.0014272859060331022 0.02743585979989673
2008hv CMFGEN 1.04 True 67801.805 84 0.0126 54801.68858427372 0.007644043911568588 1.0829106736916628e-09 4.5281685999625326e-12 0.5460404927455108 0.001397288206370994 0.02743585979989673
2008hv CMFGEN 1.4 True 70202.945 84 0.0126 54797.76013417608 0.0109170764189912 3.249713535303458e-10 1.3829747933248831e-12 0.2061270826306064 0.0014361383785381305 0.02743585979989673
2008hv CMFGEN 1.7 True 94733.555 84 0.0126 54801.01229865763 0.008564694686356233 1.0522330243318814e-09 4.541881737702898e-12 0.5542965894127095 0.00144294286749633 0.02743585979989673
2008ia CMFGEN 1.02 True 21475.56 56 0.0219 54793.96988251315 0.04212596449360717 2.3472958213099605e-10 1.926315216519685e-12 0.3798026599096019 0.0029027942664977867 0.19479143249257042
2008ia CMFGEN 1.04 True 28128.018 56 0.0219 54797.98972848649 0.0370002133458911 4.5066509154823333e-10 3.9769779284315425e-12 0.5807350293906565 0.0031279122479866903 0.19479143249257042
2008ia CMFGEN 1.4 True 18526.576 56 0.0219 54792.07806426026 0.04096901592856739 1.4433665588179736e-10 1.1324314064398574e-12 0.22024434485561156 0.002738909944635944 0.19479143249257042
