results/band_fits/u_g_r_Y_H.ecsv
# %ECSV 0.9
# ---
# datatype:
# - {name: object ID, datatype: string}
# - {name: model, datatype: string}
# - {name: version, datatype: string}
# - {name: success, datatype: bool}
# - {name: chisq, datatype: float32}
# - {name: ndof, datatype: int32}
# - {name: z, datatype: float64}
# - {name: t0, datatype: float64}
# - {name: t0_err, datatype: float64}
# - {name: x0, datatype: float64}
# - {name: x0_err, datatype: float64}
# - {name: hostebv, datatype: float64}
# - {name: hostebv_err, datatype: float64}
# - {name: mwebv, datatype: float64}
# meta:
#   bands: [csp_dr3_u, csp_dr3_g, csp_dr3_r, csp_dr3_Y, csp_dr3_H]
# schema: astropy-2.0
"object ID" model version success chisq ndof z t0 t0_err x0 x0_err hostebv hostebv_err mwebv
[from data line 171]
2007on CMFGEN 1.02 True 219599.95 160 0.0065 54401.128582270794 0.020464949720917502 3.934279010127479e-09 9.361004033836093e-12 0.5619790671951271 0.0009683023151464016 0.00991579720241815
2007on CMFGEN 1.04 True 171034.23 160 0.0065 54405.0910124757 0.015687393595726462 8.95978830072164e-09 1.9537724437187028e-11 0.7916794283875539 0.0009243727689541648 0.00991579720241815
2007on CMFGEN 1.4 True 257782.39 160 0.0065 54398.82469797303 0.02335398248396814 2.351191004331545e-09 6.077543721908295e-12 0.4075039330136696 0.0010239037741362606 0.00991579720241815
2007on CMFGEN 1.7 True 201236.64 160 0.0065 54406.24979934297 0.011360267282725545 1.46255064679745e-08 3.475630140483867e-11 0.9981643412299708 0.001049862510870595 0.00991579720241815
2007so CMFGEN 1.02 True 2050.699 31 0.0297 54411.91243913602 0.16589715142254136 2.818399906627686e-10 3.2244733342826065e-12 0.7379073872298876 0.004599091872227241 0.11558239602450404
2007so CMFGEN 1.04 True 1599.942 31 0.0297 54416.96985670404 0.1961660640736227 6.995670490004194e-10 7.607742500006471e-12 1.0177554044663417 0.004504925168441162 0.11558239602450404
2007so CMFGEN 1.4 True 2802.672 31 0.0297 54410.41911707425 0.18075233761192067 1.607727079606976e-10 2.0313933896919836e-12 0.5665947439894687 0.005049880994491303 0.11558239602450404
2007so CMFGEN 1.7 True 27617.674 31 0.0297 54469.78048349334 0.015843831541133113 3.4888941807318805e-10 8.999510702593101e-12 -1.5099206975942412 0.009275797568587783 0.11558239602450404
2007sr CMFGEN 1.02 True 91829.37 124 0.0055 54433.3276699493 0.02871229566153488 6.625946048259085e-09 1.2821505007904966e-11 0.5515825096460515 0.0007389950492450708 0.04047821787749507
2007sr CMFGEN 1.04 True 85530.695 124 0.0055 54435.43334994693 0.035482619066897314 1.503023826035693e-08 2.817717503090483e-11 0.761401684181193 0.0007405909444601576 0.04047821787749507
2007sr CMFGEN 1.4 True 104727.04 124 0.0055 54432.26402835859 0.028730789505061693 3.852585122035012e-09 7.92099273197081e-12 0.39954162239374985 0.0007814428603073434 0.04047821787749507
2007sr CMFGEN 1.7 True 178479.1 124 0.0055 54434.65557124985 0.04309795008884976 1.6876485940641302e-08 3.447653838417202e-11 0.8157471247925427 0.0007458341380904431 0.04047821787749507
2007st CMFGEN 1.02 True 19058.742 63 0.0212 54434.782878933875 0.06264990106137702 4.88344931695168e-10 2.6955934417817383e-12 0.6006384440313218 0.002252481199227413 0.014189318123033668
2007st CMFGEN 1.4 True 18345.11 63 0.0212 54433.45596446381 0.06122597074136138 2.888813886516251e-10 1.6641296453934672e-12 0.4365435604282892 0.0023984205516834178 0.014189318123033668
2007st CMFGEN 1.7 True 205467.86 63 0.0212 54512.75409999068 0.00037819943463546224 2.840769362396178e-08 3.531911310386971e-10 -0.17572613708103285 0.005672194328210654 0.014189318123033668
2007ux CMFGEN 1.02 True 16542.541 69 0.0309 54443.14072243255 0.07982133135010372 8.548902861721992e-11 8.568171118111704e-13 0.4407168906332524 0.003573221751916299 0.03865491382492817
2007ux CMFGEN 1.04 True 16194.904 69 0.0309 54449.23124436684 0.08124982963636285 1.6564008291725848e-10 1.7724624794028446e-12 0.6778453647308283 0.003786553826312583 0.03865491382492817
2007ux CMFGEN 1.4 True 16952.78 69 0.0309 54441.73326822756 0.06995278344402323 4.8176279902060284e-11 4.947832147776535e-13 0.2618125491144898 0.0036821014197675386 0.03865491382492817
2007ux CMFGEN 1.7 True 20754.94 69 0.0309 54448.027444785344 0.08160084841802018 1.8600526807153375e-10 2.2672821571079497e-12 0.726109532300471 0.004229260028935552 0.03865491382492817
2008C CMFGEN 1.02 True 7026.0464 54 0.0166 54449.07552840478 0.08392165346594993 5.029953034993263e-10 5.464974077889061e-12 0.5262295972104885 0.003995383354349219 0.07204778690206645
2008C CMFGEN 1.4 True 7252.5 54 0.0166 54447.41238770273 0.07812833223943016 3.0466227145482447e-10 3.407960471699311e-12 0.36827078209115266 0.0041363964584873025 0.07204778690206645
2008C CMFGEN 1.7 True 15073.682 54 0.0166 54452.647411420956 0.07052194929565303 9.072414665908729e-10 1.2394806953094233e-11 0.7315277967390494 0.0048191464836926925 0.07204778690206645
2008J CMFGEN 1.02 True 28577.479 38 0.0159 54400.04674750117 0.3283828647872724 5.670449436820668e-08 8.167014283824936e-10 1.358797929967099 0.0028515366759748594 0.019495907706164484
2008J CMFGEN 1.04 True 24871.85 38 0.0159 54476.62119021724 0.03133940719271777 1.9389521134421098e-08 1.3199709363644673e-10 1.823613293131276 0.002736696891310229 0.019495907706164484
2008J CMFGEN 1.4 True 27003.746 38 0.0159 54394.595035840204 0.3979080457429518 3.6425598096600795e-08 6.181109005492398e-10 1.2265753770566703 0.0033360230860980324 0.019495907706164484
2008O CMFGEN 1.02 True 3544.771 48 0.0389 54469.48869927758 0.1281477198645007 6.357885440386782e-11 9.017235043536425e-13 0.5198857373399421 0.004933227936376886 0.07585233234567533
2008O CMFGEN 1.04 True 4042.8196 48 0.0389 54474.86503041598 0.09455491333574173 1.0862210885459979e-10 1.6400982846538033e-12 0.7133338469603575 0.005220450119996154 0.07585233234567533
2008O CMFGEN 1.4 True 3483.1416 48 0.0389 54466.97826802841 0.1306702968031459 4.1845964551903363e-11 5.910318973213167e-13 0.3746766309366962 0.005123964220430091 0.07585233234567533
2008O CMFGEN 1.7 True 5767.21 48 0.0389 54473.54131277665 0.10280077295465162 1.0463106639996013e-10 1.6940133118921883e-12 0.7045500631935638 0.005487359892667602 0.07585233234567533
2008R CMFGEN 1.02 True 66343.67 54 0.0135 54471.80398876793 0.04528439880232327 6.972844908864016e-10 3.049343987673156e-12 0.5429232155965102 0.0016529882173530867 0.06202084408502785
2008R CMFGEN 1.04 True 60334.4 54 0.0135 54477.28831314491 0.043646598805935355 1.5714775607318023e-09 6.928857274342105e-12 0.8143683399884654 0.0016829376093568623 0.06202084408502785
2008R CMFGEN 1.4 True 67175.61 54 0.0135 54469.74277808369 0.042248641795595177 4.04577270433039e-10 1.816337613675044e-12 0.362154616802587 0.0017190877601444788 0.06202084408502785
2008R CMFGEN 1.7 True 83894.75 54 0.0135 54475.16772721952 0.05271450273721712 2.963638336205216e-09 1.5675830427439628e-11 1.0372303605933135 0.001990471818675951 0.06202084408502785
2008ae CMFGEN 1.02 True 6578.8564 39 0.03 54418.47817710793 0.8608638969126332 8.330447825941921e-10 1.6496222422033696e-11 0.5851733236794675 0.006805504695592002 0.02369781462470916
2008ae CMFGEN 1.04 True 2377.7922 39 0.03 54484.04293808418 0.16182254621890024 6.918468983223772e-10 8.840751314839104e-12 1.2638631983281166 0.009263762276129997 0.02369781462470916
2008ae CMFGEN 1.4 True 2116.5913 39 0.03 54481.58614137624 0.16889322855786304 1.8075799264111006e-10 2.2239733318499757e-12 0.9087179536677956 0.007882460514420875 0.02369781462470916
2008ae CMFGEN 1.7 True 7399.656 39 0.03 54505.953397424906 0.04592281044460833 7.399334150661085e-10 8.686713413223583e-12 1.5605104992535996 0.006851867676531801 0.02369781462470916
2008ar CMFGEN 1.02 True 9669.138 64 0.0261 54516.64724832432 0.036633652682212414 1.5411960260104577e-10 1.024371586646288e-12 0.34425677494252277 0.002334028464486701 0.03165642704095217
2008ar CMFGEN 1.04 True 68064.414 64 0.0261 54498.54522639131 0.10575839530429221 3.748628507483866e-10 2.5293212097013478e-12 0.38502216550799945 0.002159455945281779 0.03165642704095217
2008ar CMFGEN 1.4 True 8132.6343 64 0.0261 54515.26160413738 0.03920518399900175 9.322393202974054e-11 6.41722029725081e-13 0.18851458879793143 0.0024224435265727574 0.03165642704095217
2008ar CMFGEN 1.7 True 63379.695 64 0.0261 54495.34323739548 0.08239672525814967 8.374124255870725e-10 6.040491577150458e-12 0.6317845620805199 0.0023147486137289185 0.03165642704095217
2008bc CMFGEN 1.02 True 42356.562 96 0.0151 54531.29425352499 0.017691701134026516 3.818670704672179e-10 1.6299791751223482e-12 0.17944177059797964 0.0013875809421775298 0.22550709929515722
2008bc CMFGEN 1.04 True 64094.176 96 0.0151 54534.05052384817 0.01563604237890104 6.418407020640061e-10 2.8821695656467903e-12 0.3311776870393133 0.0014483890811751849 0.22550709929515722
2008bc CMFGEN 1.4 True 36624.7 96 0.0151 54529.92392946478 0.018682425827137195 2.671305505003088e-10 1.0987394593485698e-12 0.06686800722715762 0.001332734808160494 0.22550709929515722
2008bc CMFGEN 1.7 True 95700.97 96 0.0151 54532.5894471432 0.017617644727579318 5.988942441946614e-10 2.836324973981849e-12 0.3219325817752453 0.0015196211239072205 0.22550709929515722
2008bf CMFGEN 1.02 True 23061.22 86 0.0235 54536.81985600284 0.021831861129612662 1.5528347983569192e-10 8.465031397148626e-13 0.1887233398527873 0.0018709466444368629 0.02971233782867539
2008bf CMFGEN 1.04 True 31929.004 86 0.0235 54539.73529019819 0.017900612776429625 2.872953642961908e-10 1.5727047346219443e-12 0.36332131086238634 0.0018628217690180573 0.02971233782867539
2008bf CMFGEN 1.4 True 24207.936 86 0.0235 54535.20533177197 0.02394278914653114 9.507888725143492e-11 5.25493208337187e-13 0.037191736468447444 0.0018892580535575525 0.02971233782867539
2008bf CMFGEN 1.7 True 49940.344 86 0.0235 54538.76666785942 0.01908132648532046 2.8275275182733253e-10 1.584867758425631e-12 0.37714629092539453 0.001913352485556555 0.02971233782867539
2008bi CMFGEN 1.02 True 8583.504 34 0.0134 54513.428224827825 0.12669509777697385 6.04879822983653e-10 7.666658050595461e-12 0.9074410618822918 0.005479588190785617 0.037379980331966524
2008bi CMFGEN 1.04 True 7495.869 34 0.0134 54530.53250535728 0.1302511872636387 1.5338328045303546e-09 2.3705808502141624e-11 1.4018265195179336 0.006300839829163765 0.037379980331966524
2008bi CMFGEN 1.4 True 9913.092 34 0.0134 54513.57241742125 0.16582179462784552 3.5587598924502263e-10 5.426692218459461e-12 0.77425907550613 0.006629294556246506 0.037379980331966524
2008bi CMFGEN 1.7 True 6004.9653 34 0.0134 54528.213541623125 0.14554214458257775 1.9585650527640446e-09 2.696555743585955e-11 1.4709277076537746 0.005718606970863266 0.037379980331966524
2008bq CMFGEN 1.02 True 7169.5684 56 0.034 54545.16318174763 0.040903238750615856 8.687004139201556e-11 5.293084588791385e-13 0.2605778684321497 0.002044692149679529 0.07776435723852901
2008bq CMFGEN 1.4 True 4703.6743 56 0.034 54543.29550053249 0.043634603349346435 5.748149591300733e-11 3.490863342977542e-13 0.12510206583034142 0.0021115609469679287 0.07776435723852901
2008bq CMFGEN 1.7 True 230337.2 56 0.034 54605.684499999996 2.856617356883362e-06 1.8323754267206953e-10 1.7496519716316394e-12 -1.9949121403494274 0.003225713458712497 0.07776435723852901
2008bt CMFGEN 1.02 True 19907.95 39 0.0154 54549.08508562378 0.06657779876695713 2.9474591411965695e-10 2.7633231263805872e-12 0.6126021505665098 0.0032341121497866587 0.04805916611950687
2008bt CMFGEN 1.04 True 14627.131 39 0.0154 54554.61473285002 0.05529050307450234 6.067752196051162e-10 5.7250370324814976e-12 0.8536861238248545 0.00335286355363971 0.04805916611950687
2008bt CMFGEN 1.4 True 21784.191 39 0.0154 54547.148019084176 0.06255095149754197 1.6960293654580595e-10 1.613053947579649e-12 0.4343033258803617 0.003285363107202678 0.04805916611950687
2008bt CMFGEN 1.7 True 20349.9 39 0.0154 54553.2807653874 0.06117184863978764 7.729965583350511e-10 8.755986399496037e-12 0.9407364719531648 0.00394465775910831 0.04805916611950687
2008cc CMFGEN 1.02 True 52716.773 88 0.0104 54555.05428491717 0.0426647056483489 1.5034174116047285e-09 5.689518445735781e-12 0.5548144310851078 0.0014303085507322733 0.03586503715546102
2008cc CMFGEN 1.04 True 42412.45 88 0.0104 54556.658070899844 0.03458433570631314 3.787900392359555e-09 1.3199711415373717e-11 0.7883361798533843 0.001342673814669105 0.03586503715546102
2008cc CMFGEN 1.4 True 64657.36 88 0.0104 54554.89860297807 0.04735658891877392 8.099530403179877e-10 3.2893895659929145e-12 0.3931755989068874 0.0015024016943617012 0.03586503715546102
2008cc CMFGEN 1.7 True 61853.527 88 0.0104 54557.05130972396 0.047493334644968854 5.618177215578587e-09 2.7262538258827905e-11 0.9487176056226815 0.0015804838754311724 0.03586503715546102
2008cf CMFGEN 1.02 True 9130.474 48 0.046 54577.47829237688 0.05528086986305425 3.858243807374027e-11 3.242690642630949e-13 0.12240118592542688 0.0027456566999377882 0.05759850795422031
2008cf CMFGEN 1.04 True 15016.333 48 0.046 54581.60648853106 0.04746589395654155 7.010009261924669e-11 6.095902476791007e-13 0.3142171291382701 0.002831582507889102 0.05759850795422031
2008cf CMFGEN 1.4 True 8322.665 48 0.046 54575.743065255825 0.05484493740732432 2.52613620229808e-11 2.1176844697377728e-13 -0.014292204409454704 0.0027172438220288185 0.05759850795422031
2008cf CMFGEN 1.7 True 22522.994 48 0.046 54580.20521364778 0.04926241195789771 6.714898121699484e-11 6.07033123569546e-13 0.30917719949252087 0.002935326974752028 0.05759850795422031
2008ff CMFGEN 1.02 True 13328.977 115 0.0193 54692.736402975235 0.04032881043895031 6.521574610945975e-10 1.8540086492850127e-12 0.6193231188010482 0.0013027953512825352 0.04350702296194606
2008ff CMFGEN 1.04 True 17985.656 115 0.0193 54695.80733321372 0.03686839828151278 1.5479631444910808e-09 4.174940470595646e-12 0.856885006354868 0.0012014257579393483 0.04350702296194606
2008ff CMFGEN 1.4 True 10441.799 115 0.0193 54691.21953766469 0.03947614514618181 3.7168610335327857e-10 1.1140679172623023e-12 0.44698091309041005 0.0013113316039164292 0.04350702296194606
2008ff CMFGEN 1.7 True 88872.11 115 0.0193 54710.88296565237 0.029879261819587555 1.8110981668063303e-09 6.384840597272031e-12 1.1935357541017435 0.0013030126117123781 0.04350702296194606
2008fl CMFGEN 1.02 True 57569.52 91 0.0199 54701.607954735606 0.033753661959053716 4.161419023171751e-10 1.5103633554439232e-12 0.5067445516829252 0.0015267693556784943 0.15710973562674108
2008fl CMFGEN 1.04 True 64760.918 91 0.0199 54703.71374418556 0.04092913205749937 9.243734525705026e-10 3.2651072759004508e-12 0.7219112110859766 0.00152939616370587 0.15710973562674108
2008fl CMFGEN 1.4 True 61884.574 91 0.0199 54700.34104019637 0.03344231397204567 2.399690542380612e-10 9.244602288949568e-13 0.33894727115114626 0.0015795273718575923 0.15710973562674108
2008fl CMFGEN 1.7 True 101273.07 91 0.0199 54700.98191012287 0.06540745498568867 1.3615180909545625e-09 6.301663283394188e-12 0.8394251182583319 0.001386930158123078 0.15710973562674108
2008fp CMFGEN 1.02 True 158657.5 149 0.0057 54712.70964683358 0.01642887403431814 6.549388397858887e-09 1.0863217060076252e-11 0.791155984786882 0.0006762788594101614 0.16865355471544707
2008fp CMFGEN 1.04 True 133965.34 149 0.0057 54716.20088991345 0.013965381338493899 1.420632416597164e-08 2.309945586061879e-11 1.0044836424399899 0.0006407082644886134 0.16865355471544707
2008fp CMFGEN 1.4 True 179406.3 149 0.0057 54711.18209168292 0.017303947770415107 4.075843384702704e-09 6.64590687353369e-12 0.6522056602503825 0.0006797162529243502 0.16865355471544707
2008fp CMFGEN 1.7 True 245036.9 149 0.0057 54714.841897528335 0.014442528463405324 1.483035402184253e-08 2.493214149123043e-11 1.0327073720293745 0.0006454503001436302 0.16865355471544707
2008fr CMFGEN 1.02 True 6852.179 74 0.0397 54718.069729543975 0.09176967008170323 6.926890806946713e-11 5.876822782682909e-13 0.3106306325636759 0.0029493801838428764 0.038677564969285
2008fr CMFGEN 1.04 True 12875.648 74 0.0397 54717.10942423731 0.10626597152440809 1.87794106248173e-10 1.8434648595471432e-12 0.548102963349001 0.0028525491505187904 0.038677564969285
2008fr CMFGEN 1.4 True 5360.815 74 0.0397 54717.52609826669 0.081113417087181 3.9449811808666434e-11 3.357405403020815e-13 0.1484157238203701 0.003098101499141349 0.038677564969285
2008fr CMFGEN 1.7 False 242343.97 74 0.0397 54756.13269078864 267.71502821191825 1.2001483416782678e-11 1.2435158321972627e-14 0.14995693090800055 0.0008031738624082109 0.038677564969285
2008fu CMFGEN 1.02 True 2821.205 47 0.052 54716.186682621694 0.16994429811893497 3.1046159463976816e-11 6.46875028921336e-13 0.35336554145586396 0.007604282985750911 0.018833736613107027
