results/band_fits/u_g_r_Y_J_H.ecsv
# %ECSV 0.9
# ---
# datatype:
# - {name: object ID, datatype: string}
# - {name: model, datatype: string}
# - {name: version, datatype: string}
# - {name: success, datatype: bool}
# - {name: chisq, datatype: float32}
# - {name: ndof, datatype: int32}
# - {name: z, datatype: float64}
# - {name: t0, datatype: float64}
# - {name: t0_err, datatype: float64}
# - {name: x0, datatype: float64}
# - {name: x0_err, datatype: float64}
# - {name: hostebv, datatype: float64}
# - {name: hostebv_err, datatype: float64}
# - {name: mwebv, datatype: float64}
# meta:
#   bands: [csp_dr3_u, csp_dr3_g, csp_dr3_r, csp_dr3_Y, csp_dr3_J, csp_dr3_H]
# schema: astropy-2.0
"object ID" model version success chisq ndof z t0 t0_err x0 x0_err hostebv hostebv_err mwebv
[from data line 86]
2006kf CMFGEN 1.4 True 41278.28 111 0.0213 54018.89117289838 0.0395096936263144 1.637202628468911e-10 1.1819525861771014e-12 0.3272517640105903 0.002666751180197067 0.2111548865539906
2006kf CMFGEN 1.7 True 43491.266 111 0.0213 54024.466011159246 0.02896005643196986 5.801426691972295e-10 4.063873265930099e-12 0.7379472810086729 0.002583191138383463 0.2111548865539906
2006mr CMFGEN 1.02 True 108035.89 129 0.0059 54030.76559020899 0.04500505690157297 1.391453736834978e-09 7.052770667588451e-12 0.7955325181205685 0.0019285595445263735 0.01798173198598729
2006mr CMFGEN 1.04 False 282443.97 129 0.0059 53987.630743300586 226.49900623345457 1.0207083889448835e-09 1.0000021625234357 0.20055744758863142 1.0000023762115429 0.01798173198598729
2006mr CMFGEN 1.4 True 118151.734 129 0.0059 54027.50073938041 0.05986920049690525 8.432287003885043e-10 4.642185790655491e-12 0.6304304285471962 0.0020239853198695964 0.01798173198598729
2006mr CMFGEN 1.7 True 84977.38 129 0.0059 54035.80218081879 0.0314302516526368 4.86775169765189e-09 2.3133888695466486e-11 1.2014099377691405 0.0018814390579483485 0.01798173198598729
2006ob CMFGEN 1.02 True 3638.8958 31 0.0592 54041.48944147466 0.12074194856904796 1.6017847793431283e-11 4.1385572140488623e-13 0.19049095032689936 0.008641948126974405 0.028481219035194537
2006ob CMFGEN 1.04 True 3886.1475 31 0.0592 54046.20694817079 0.09559479058953002 3.2537486678241826e-11 8.082033768764364e-13 0.42476961977854055 0.008298113645012314 0.028481219035194537
2006ob CMFGEN 1.4 True 3461.6907 31 0.0592 54039.37655372004 0.1243144713298534 9.358742476465422e-12 2.5411475262200455e-13 0.014440912448753387 0.009016909742520403 0.028481219035194537
2006ob CMFGEN 1.7 True 4855.9336 31 0.0592 54045.05371577478 0.09944659333996242 3.1115870153170707e-11 8.031985702636404e-13 0.41977915140742345 0.008576468356930569 0.028481219035194537
2006os CMFGEN 1.02 True 4507.974 61 0.0328 54045.78659848657 0.07839313102522283 1.6498039343389337e-10 1.6087737906530178e-12 0.7102251313178756 0.0035393752173743 0.12540838006801724
2006os CMFGEN 1.04 True 7100.6377 61 0.0328 54050.332641231 0.06471960774433683 2.9154515394857963e-10 2.937292823110715e-12 0.8964050465754524 0.003620827064173371 0.12540838006801724
2006os CMFGEN 1.4 True 4366.7993 61 0.0328 54043.901089007515 0.07827986334450543 1.0603860678501001e-10 1.0602855717567803e-12 0.5662173714930904 0.0037115589135155395 0.12540838006801724
2006os CMFGEN 1.7 True 10715.041 61 0.0328 54049.70363592645 0.06301171322047594 3.0465733368695545e-10 3.301105547213517e-12 0.926106794618939 0.003844491714083945 0.12540838006801724
2006ot CMFGEN 1.02 True 5412.3896 68 0.0531 54048.051969534 0.08915201109630289 6.410879823714303e-11 8.396339343032688e-13 0.5443251149946389 0.004656149895000712 0.015213385022200876
2006ot CMFGEN 1.04 True 8681.768 68 0.0531 54031.317923098664 0.15978910304693272 1.638667357755287e-10 2.091123138641921e-12 0.5172921430278948 0.0046482225996615275 0.015213385022200876
2006ot CMFGEN 1.4 True 4775.4727 68 0.0531 54046.09729037887 0.09441477853397373 4.293512546354431e-11 5.651118620970891e-13 0.41232550973148596 0.004740373555188342 0.015213385022200876
2006ot CMFGEN 1.7 True 11780.053 68 0.0531 54051.098143507 0.07425502163823694 1.0103868793945939e-10 1.6199855577768947e-12 0.702582261698347 0.0056183322732539795 0.015213385022200876
2007A CMFGEN 1.02 True 16689.732 47 0.0177 54055.41966441262 0.24361646824036143 4.030141952866457e-10 5.037765742427432e-12 -0.10232645056925067 0.002618077281309736 0.06339063743510513
2007A CMFGEN 1.04 True 9233.363 47 0.0177 54098.05900333505 0.029492801953892922 4.893432303231838e-10 4.794315482942154e-12 0.4797598143878799 0.0036101509836981706 0.06339063743510513
2007A CMFGEN 1.4 True 15144.898 47 0.0177 54052.096757884974 0.28681083710398525 2.3860439596364863e-10 3.395971358128035e-12 -0.27638521435244223 0.002963376277058536 0.06339063743510513
2007A CMFGEN 1.7 True 8987.073 47 0.0177 54097.19015506721 0.029730894795648055 4.183094368088216e-10 4.03888945270538e-12 0.43053154884386957 0.0035426053463655967 0.06339063743510513
2007N CMFGEN 1.02 True 44867.59 89 0.0129 54105.80741016982 0.05483396999989054 6.095008224293467e-10 3.905825853915233e-12 1.2406301025987814 0.0026472807995182915 0.03466644583272683
2007N CMFGEN 1.04 True 30664.316 89 0.0129 54108.996466437995 0.05142059649006114 1.3245278524349777e-09 8.137673637971044e-12 1.4671575677675757 0.002524772636392788 0.03466644583272683
2007N CMFGEN 1.4 True 54609.523 89 0.0129 54103.68461054521 0.06607728395465529 3.852569328325815e-10 2.593621643465194e-12 1.099618294785973 0.0028457222340308756 0.03466644583272683
2007N CMFGEN 1.7 True 21796.578 89 0.0129 54107.583663498204 0.049387021634174744 1.917498581760669e-09 1.320713547263307e-11 1.5997704686968568 0.002610131382719877 0.03466644583272683
2007S CMFGEN 1.02 True 226487.72 131 0.0139 54100.51742987441 0.0446469576927484 1.185790176574542e-09 4.558262445236543e-12 0.5668396790290118 0.0016392727824182237 0.023917370294342193
2007S CMFGEN 1.04 True 41439.242 131 0.0139 54129.11317646124 0.014260143732826691 1.953615750949857e-09 6.245746325288742e-12 0.8794863220597656 0.0012384593900715672 0.023917370294342193
2007S CMFGEN 1.4 True 225809.03 131 0.0139 54099.71028969974 0.05373943765516742 7.381473948529904e-10 2.9065999565328218e-12 0.4457074894462945 0.0017165462072834768 0.023917370294342193
2007S CMFGEN 1.7 True 81749.06 131 0.0139 54128.4497375199 0.015455684668268077 1.8989787624776457e-09 6.466460612957535e-12 0.8879455197185282 0.001292969338763554 0.023917370294342193
2007af CMFGEN 1.02 True 87804.81 210 0.0055 54157.300776484575 0.01063134602009086 5.474077257068718e-09 9.8933685524239e-12 0.6320971302574387 0.0007930716420750057 0.03369874683150666
2007af CMFGEN 1.04 True 88185.51 210 0.0055 54159.74047374521 0.007235545086587081 1.1147784201797448e-08 1.948828757428e-11 0.8115391560246137 0.0007564209590765658 0.03369874683150666
2007af CMFGEN 1.4 True 104940.21 210 0.0055 54155.39805338737 0.013189744546252768 3.5019475933412932e-09 6.5143530915103685e-12 0.5032449014551679 0.0008230246848171234 0.03369874683150666
2007af CMFGEN 1.7 True 179830.28 210 0.0055 54159.51112031768 0.007631803400727222 1.1757232679231545e-08 2.0590838434303503e-11 0.8497629085826525 0.0007357262713174838 0.03369874683150666
2007ai CMFGEN 1.02 True 4154.9497 57 0.0317 54156.63831657623 0.08124860292082303 1.489013661144913e-10 1.869582088692663e-12 0.521389888431312 0.004382396522109785 0.28493849738385585
2007ai CMFGEN 1.04 True 5319.8706 57 0.0317 54160.53228434814 0.06326632837590296 2.5968100467845774e-10 3.368893086122451e-12 0.6952539382596707 0.0045394082172772274 0.28493849738385585
2007ai CMFGEN 1.4 True 4355.099 57 0.0317 54154.70716362895 0.08397436113591539 1.0001232093627153e-10 1.3183917422017245e-12 0.3923157463146847 0.004617827264112635 0.28493849738385585
2007ai CMFGEN 1.7 True 5980.1562 57 0.0317 54159.65462170515 0.06317159086029278 2.458970599928124e-10 3.08524572664386e-12 0.6901078072707775 0.00439444405338078 0.28493849738385585
2007al CMFGEN 1.02 True 23540.438 68 0.0122 54149.38912278781 0.13797089945728658 4.3961123135449796e-10 4.914717604976603e-12 0.9837910125738987 0.00473793551179587 0.03612839183245699
2007al CMFGEN 1.04 True 16604.127 68 0.0122 54156.73924897743 0.0840880166470015 1.05788340642245e-09 1.1238817312305223e-11 1.2963017681454934 0.004789195695962832 0.03612839183245699
2007al CMFGEN 1.4 True 26881.64 68 0.0122 54146.04955412752 0.12228052881982876 2.6816737059162944e-10 3.2067619602960357e-12 0.8161654583297722 0.005002977923298947 0.03612839183245699
2007al CMFGEN 1.7 True 12124.731 68 0.0122 54153.75423692769 0.11900328083356726 1.8440976119429401e-09 2.0827142076637882e-11 1.4787025239588778 0.004206881592125165 0.03612839183245699
2007as CMFGEN 1.02 True 28880.877 90 0.0176 54163.108507689336 0.03868888058786979 4.1581051656180913e-10 2.2650782860086415e-12 0.4599262287335597 0.0019231684013746265 0.12248805092706036
2007as CMFGEN 1.04 True 29181.658 90 0.0176 54166.8239884298 0.035354705640202155 7.764897894776694e-10 4.358282073982126e-12 0.6421940263954293 0.0019627765183161602 0.12248805092706036
2007as CMFGEN 1.4 True 33553.67 90 0.0176 54161.56701027922 0.03765910646689008 2.490399534630605e-10 1.413234984367127e-12 0.30286278970308467 0.0020191427562729664 0.12248805092706036
2007as CMFGEN 1.7 True 47107.777 90 0.0176 54165.76293479245 0.038247070955549134 8.234928645963295e-10 4.594503715934021e-12 0.6759621855746543 0.0019175309621845406 0.12248805092706036
2007ax CMFGEN 1.02 True 39702.516 56 0.0069 54167.915782506374 0.06080378318802104 8.457970550775522e-10 6.802583161385289e-12 0.8148914774968982 0.003048358587937235 0.046269740179905226
2007ax CMFGEN 1.04 True 30920.174 56 0.0069 54172.3187112242 0.03987147857333184 1.8349541023106875e-09 1.5365152182371473e-11 1.0559503290181966 0.0032018248298000384 0.046269740179905226
2007ax CMFGEN 1.4 True 38570.477 56 0.0069 54153.58540798944 0.08069021162737045 6.638035393242152e-10 4.982699180519827e-12 0.5838790983556692 0.0030447901107728175 0.046269740179905226
2007ax CMFGEN 1.7 True 29251.553 56 0.0069 54171.8027533486 0.04581707722536521 2.55478020061345e-09 2.3126661649507885e-11 1.186846060667916 0.0034827216995356163 0.046269740179905226
2007ba CMFGEN 1.02 True 9031.117 71 0.0385 54177.2778462978 0.06415484779790859 1.1419564749424432e-10 1.2100974327838958e-12 0.6791495423893856 0.0036265109182605413 0.03157813338813755
2007ba CMFGEN 1.04 True 8944.609 71 0.0385 54181.39941197343 0.0511237671271374 2.2800174842203904e-10 2.5094856928463405e-12 0.8917749557517131 0.0037290886304663386 0.03157813338813755
2007ba CMFGEN 1.4 True 8223.758 71 0.0385 54175.44177302828 0.06427293627348263 7.626585858253108e-11 8.042296604776519e-13 0.5434128609550255 0.003618668104087468 0.03157813338813755
2007ba CMFGEN 1.7 True 11257.914 71 0.0385 54180.26746662276 0.05453352987024118 2.2039768748869148e-10 2.502253505619079e-12 0.894465435210556 0.0038146898222609638 0.03157813338813755
2007bc CMFGEN 1.02 True 32455.404 64 0.0208 54181.35246909154 0.037900662024185294 2.660413493114063e-10 1.8632860311820417e-12 0.42408849812223787 0.0024464001260262546 0.018619780482354808
2007bc CMFGEN 1.04 True 34218.477 64 0.0208 54185.17607643819 0.031536290760413976 4.706638035506868e-10 3.378325720474411e-12 0.5981606443971533 0.0025238859157846755 0.018619780482354808
2007bc CMFGEN 1.4 True 30948.031 64 0.0208 54179.460104995946 0.038995866580080474 1.6689680647510537e-10 1.1860351353335335e-12 0.27016641646312 0.0024735616960902917 0.018619780482354808
2007bc CMFGEN 1.7 True 50440.992 64 0.0208 54184.075424795374 0.0340352863240696 5.465362200316953e-10 3.955672344567916e-12 0.669374332909253 0.0025393013261635184 0.018619780482354808
2007bd CMFGEN 1.02 True 94138.18 68 0.0309 54137.58917302915 0.2963551405482576 2.649708816869178e-10 4.6583646244718914e-12 0.19348841624377025 0.003954674496691185 0.029214747850011574
2007bd CMFGEN 1.04 True 14751.455 68 0.0309 54191.08039972198 0.01677796805597609 1.3843838833034692e-10 1.2422981928673793e-12 0.3964956053521693 0.0030096183463118936 0.029214747850011574
2007bd CMFGEN 1.4 True 93111.4 68 0.0309 54134.60111381509 0.31344848623120924 1.6415128613429802e-10 2.8387872224945797e-12 0.056384409130912014 0.003990125528321189 0.029214747850011574
2007bd CMFGEN 1.7 True 20792.441 68 0.0309 54190.174329606096 0.018160003230150323 1.373749483910206e-10 1.2639743324149276e-12 0.41164542147218297 0.0030926838857486664 0.029214747850011574
2007bm CMFGEN 1.02 True 45099.59 52 0.0062 54206.31158319682 0.024100802147586364 5.424514585975033e-09 1.2653047360257446e-11 0.872110919494793 0.0009345280792788872 0.03528625339363651
2007bm CMFGEN 1.04 True 53948.7 52 0.0062 54209.460588301845 0.02860276844148757 9.615836688177557e-09 2.3295168649999794e-11 1.0302998540903308 0.0008933770630984622 0.03528625339363651
2007bm CMFGEN 1.4 True 42532.605 52 0.0062 54204.57245830392 0.025322426849015756 3.689651570624715e-09 8.837109860807012e-12 0.7512818172225376 0.0009695610419396344 0.03528625339363651
2007bm CMFGEN 1.7 True 115376.02 52 0.0062 54210.467550984584 0.02551512464924599 9.086915998007225e-09 2.2077137165695148e-11 1.0560072529779447 0.0009871536705198176 0.03528625339363651
2007ca CMFGEN 1.02 True 204013.86 70 0.0141 54162.865610759356 0.14950812347160536 1.016530137915629e-09 8.601895963725622e-12 0.25410787026704096 0.0018264752276237377 0.057476889787346504
2007ca CMFGEN 1.04 True 208476.89 70 0.0141 54173.05219402137 0.13953392389521468 1.7938818496272145e-09 1.2497078008959459e-11 0.4516213892058644 0.0014654897823211171 0.057476889787346504
2007ca CMFGEN 1.4 True 198463.25 70 0.0141 54160.23460711381 0.13502198848800617 6.170638421029264e-10 4.636719762679559e-12 0.10984018695340254 0.0017738822469633656 0.057476889787346504
2007ca CMFGEN 1.7 True 209061.42 70 0.0141 54169.087840663975 0.09856640014913864 4.284513507187067e-09 2.5460934303368656e-11 0.7161091778622116 0.0015618494170274461 0.057476889787346504
2007hj CMFGEN 1.02 True 107662.6 168 0.0141 54328.33461166347 0.04249830112166819 6.628829205363483e-10 2.4944445280021307e-12 0.6464605102188249 0.001357186465744937 0.0757651475075587
2007hj CMFGEN 1.04 True 81187.76 168 0.0141 54334.6051528329 0.027586020212766016 1.3273983637451675e-09 5.0295972766468725e-12 0.8859181368029397 0.0013941368719860502 0.0757651475075587
2007hj CMFGEN 1.4 True 112091.65 168 0.0141 54326.223143979936 0.03686926165028126 3.743297707896968e-10 1.4371556061042538e-12 0.46023663154576816 0.0014223275111610828 0.0757651475075587
2007hj CMFGEN 1.7 True 93931.79 168 0.0141 54333.68268567871 0.02803695516922744 2.0806710139845528e-09 9.078025960021353e-12 1.062441225007529 0.0015901886438200495 0.0757651475075587
2007if CMFGEN 1.02 True 4105.1816 54 0.0742 54325.507857850025 0.09616309335251572 8.560494929521476e-11 8.68105573907163e-13 0.33292477768720735 0.003818844322552305 0.0710264807303712
2007if CMFGEN 1.04 True 5512.8823 54 0.0742 54326.30912476123 0.09518427110015182 1.957814614306935e-10 1.975558326527998e-12 0.5364054201517262 0.0032947925495337726 0.0710264807303712
2007if CMFGEN 1.4 True 4469.0625 54 0.0742 54327.57182866138 0.2106578864295443 4.9140477778227936e-11 5.598238791062625e-13 0.2226056118938647 0.005384521217900874 0.0710264807303712
2007if CMFGEN 1.7 True 14167.826 54 0.0742 54340.76601498153 0.13638760408139206 1.0755549974154001e-10 1.3157594268827401e-12 0.6097817441986235 0.0046433498226726945 0.0710264807303712
2007jg CMFGEN 1.02 True 7651.9893 49 0.0371 54346.54513176654 0.049935173396079335 6.028006141395527e-11 6.066128594180886e-13 0.3087085063853529 0.0032033886163021705 0.09127945747595989
2007jg CMFGEN 1.04 True 10757.75 49 0.0371 54350.59415264684 0.03935015056413249 1.0512907258719925e-10 1.119602302405868e-12 0.4834888018541465 0.003356594228894602 0.09127945747595989
2007jg CMFGEN 1.4 True 7149.767 49 0.0371 54344.91678817242 0.04955898534899461 3.8880432657372843e-11 3.9207861971690284e-13 0.16835359713985473 0.003209593486642488 0.09127945747595989
2007jg CMFGEN 1.7 True 15296.185 49 0.0371 54349.31482899745 0.041374636955879396 9.612747909503514e-11 1.1058886585651278e-12 0.4615546722768387 0.003613714282299874 0.09127945747595989
2007le CMFGEN 1.02 True 79450.44 156 0.0067 54382.116927712465 0.01297820984837017 4.857189406966712e-09 9.406951819260482e-12 0.7263248433772145 0.0008039999569631172 0.02875745688753973
2007le CMFGEN 1.04 True 88377.914 156 0.0067 54384.758296993044 0.008625150891020894 1.0029735314008495e-08 1.9292651138145913e-11 0.9191316213395501 0.0007952895226626851 0.02875745688753973
