results/band_fits/u_g_r_Y_J.ecsv
# %ECSV 0.9
# ---
# datatype:
# - {name: object ID, datatype: string}
# - {name: model, datatype: string}
# - {name: version, datatype: string}
# - {name: success, datatype: bool}
# - {name: chisq, datatype: float32}
# - {name: ndof, datatype: int32}
# - {name: z, datatype: float64}
# - {name: t0, datatype: float64}
# - {name: t0_err, datatype: float64}
# - {name: x0, datatype: float64}
# - {name: x0_err, datatype: float64}
# - {name: hostebv, datatype: float64}
# - {name: hostebv_err, datatype: float64}
# - {name: mwebv, datatype: float64}
# meta:
#   bands: [csp_dr3_u, csp_dr3_g, csp_dr3_r, csp_dr3_Y, csp_dr3_J]
# schema: astropy-2.0
"object ID" model version success chisq ndof z t0 t0_err x0 x0_err hostebv hostebv_err mwebv
[from data line 257]
2008fp CMFGEN 1.02 True 134679.61 148 0.0057 54713.55299336054 0.012902645754365949 6.156722839789339e-09 8.50783639676454e-12 0.7742163270901972 0.000573381973189392 0.16865355471544707
2008fp CMFGEN 1.04 True 147185.89 148 0.0057 54716.6854464485 0.012337226169620408 1.2835291508503857e-08 1.9077004649970045e-11 0.9712507989098865 0.0005799256510187017 0.16865355471544707
2008fp CMFGEN 1.4 True 151290.19 148 0.0057 54711.89021471164 0.013233461715572048 3.9644686122341274e-09 5.408977813612261e-12 0.6458219920142455 0.0005837744873358481 0.16865355471544707
2008fp CMFGEN 1.7 True 327969.6 148 0.0057 54715.432406881766 0.014299780843430199 1.3040246879435903e-08 2.21597052142405e-11 0.991880383348794 0.0006137978268649249 0.16865355471544707
2008fr CMFGEN 1.02 True 6191.394 72 0.0397 54718.1850998612 0.08575806454609847 6.641167132734716e-11 5.634654795783031e-13 0.29837468263649525 0.0028573770989163364 0.038677564969285
2008fr CMFGEN 1.04 True 12666.237 72 0.0397 54717.268733612844 0.11398546402779175 1.8113765545743254e-10 1.883000225312295e-12 0.5386796352042523 0.0028765842271272473 0.038677564969285
2008fu CMFGEN 1.02 True 2850.6248 46 0.052 54715.75914503163 0.15864511223117006 3.113572649101847e-11 6.456234169243426e-13 0.3472229979621948 0.007428815550812034 0.018833736613107027
2008fu CMFGEN 1.04 True 3239.8962 46 0.052 54720.81981248106 0.1850461141075357 6.555241216599436e-11 1.3632172602004683e-12 0.5998782320804916 0.006946891235208408 0.018833736613107027
2008fu CMFGEN 1.4 True 2790.7307 46 0.052 54714.149649222534 0.15074367516717757 1.6487012716290463e-11 3.615130270659958e-13 0.14706446900179732 0.008053780313938084 0.018833736613107027
2008fu CMFGEN 1.7 True 4069.2793 46 0.052 54720.792281822134 0.14234829448832897 6.358817266745572e-11 1.3548916944605817e-12 0.6198465114186689 0.007057793124107021 0.018833736613107027
2008fw CMFGEN 1.02 True 31278.457 82 0.0085 54717.31573986808 0.04496774923973135 1.6297445767566994e-09 6.73049081606069e-12 0.4630367081856745 0.0013485026676087622 0.11159617552698833
2008fw CMFGEN 1.04 True 61063.45 82 0.0085 54716.043893343434 0.029241807696962496 4.119057885990681e-09 1.633757988574858e-11 0.6634671192552141 0.0013089227566843427 0.11159617552698833
2008fw CMFGEN 1.4 True 20357.287 82 0.0085 54717.36300892627 0.03615432408332708 8.649696465723622e-10 3.381150268377602e-12 0.28756314232591745 0.0013526957603577096 0.11159617552698833
2008fw CMFGEN 1.7 True 98530.96 82 0.0085 54711.802113766615 0.05106199095826014 7.879810295633146e-09 4.187777967262621e-11 0.851130813667892 0.0014614111827107566 0.11159617552698833
2008gg CMFGEN 1.02 True 16627.463 99 0.032 54733.95737755228 0.04095708072418347 1.507573719142217e-10 6.746983049409831e-13 0.4235599226985214 0.0015295059856881546 0.02120202873332347
2008gg CMFGEN 1.04 True 33150.258 99 0.032 54736.1637562676 0.05740423239694792 3.0818482558099114e-10 1.6230919071157663e-12 0.6221314191173418 0.0015067528815171558 0.02120202873332347
2008gg CMFGEN 1.4 True 13404.778 99 0.032 54732.9583417257 0.038443229292170145 9.085376645987143e-11 4.112419063273408e-13 0.27344306219134795 0.0016095180085472873 0.02120202873332347
2008gg CMFGEN 1.7 True 51868.137 99 0.032 54735.28776654442 0.060722615129634505 3.70425091734627e-10 2.641507545693383e-12 0.6996125068854901 0.001893994511877977 0.02120202873332347
2008gl CMFGEN 1.02 True 28410.838 92 0.034 54747.83407998401 0.0347649965005985 6.771805814404101e-11 4.407699977900095e-13 0.2404683027409335 0.0021567857463878183 0.024346470870714523
2008gl CMFGEN 1.04 True 31561.166 92 0.034 54751.7382287838 0.029723726478550816 1.2316249651217748e-10 8.143700883824107e-13 0.43116303078516544 0.0021948696299947086 0.024346470870714523
2008gl CMFGEN 1.4 True 27252.807 92 0.034 54746.02072364039 0.035713148641661974 4.345159630287448e-11 2.807378304750486e-13 0.09637793021387406 0.0021349983106305906 0.024346470870714523
2008gl CMFGEN 1.7 True 46130.53 92 0.034 54750.598863888015 0.031014830190542853 1.2917966569593718e-10 8.973837413345725e-13 0.459646402791946 0.0023060537999555104 0.024346470870714523
2008gp CMFGEN 1.02 True 16576.93 87 0.0334 54760.842917231625 0.020037136233440833 8.19989253146192e-11 5.052592329970013e-13 0.19072325794252343 0.0020699161712280593 0.103694303991748
2008gp CMFGEN 1.04 True 28252.09 87 0.0334 54763.48314727651 0.01761675846137223 1.573783011717267e-10 1.0116072571181574e-12 0.38076007335646933 0.002157730292346217 0.103694303991748
2008gp CMFGEN 1.4 True 13388.996 87 0.0334 54759.31817714788 0.01889173857853166 5.196730342929726e-11 3.220919443755287e-13 0.047158929503989463 0.0020646361444577443 0.103694303991748
2008gp CMFGEN 1.7 True 39052.59 87 0.0334 54762.6279669805 0.018795321208017413 1.4697619578286868e-10 9.808253336186976e-13 0.37462328168728704 0.0022417751685790605 0.103694303991748
2008ha CMFGEN 1.02 True 11673.507 49 0.0046 54761.067273685556 0.1587875630502822 1.0695672332379002e-10 1.5368041859551288e-12 0.6540267193858347 0.005883346508531289 0.06357216573029255
2008ha CMFGEN 1.04 True 9079.273 49 0.0046 54767.84155814351 0.06664313675719313 1.841428143070157e-10 2.6183656850188053e-12 0.8615011290134365 0.005329389814796005 0.06357216573029255
2008ha CMFGEN 1.4 True 10382.354 49 0.0046 54751.97424941055 0.17160815739043755 6.69867074441559e-11 9.883825760690267e-13 0.3755834642189175 0.005622391454573754 0.06357216573029255
2008ha CMFGEN 1.7 True 10435.713 49 0.0046 54766.38323711083 0.0725439347406791 1.8560543205575073e-10 2.7015866427796577e-12 0.8683390358499806 0.005393758933745423 0.06357216573029255
2008hj CMFGEN 1.02 True 58236.58 68 0.0379 54760.843748520696 0.08160081031383015 5.1879466654852106e-11 3.5360146590796354e-13 -0.15733745772902974 0.0026564179334248464 0.03086168432817931
2008hj CMFGEN 1.04 True 51619.305 68 0.0379 54758.341155757975 0.11709323985633091 1.5837542431865305e-10 9.573277619624722e-13 0.09046335342239537 0.0021988432571903196 0.03086168432817931
2008hj CMFGEN 1.4 True 5652.6553 68 0.0379 54781.444693714766 0.027745325038267765 3.830905148672452e-11 2.2435991943294859e-13 0.02416472716058648 0.0018894056041887921 0.03086168432817931
2008hj CMFGEN 1.7 True 54458.312 68 0.0379 54752.51638724348 0.13264292262829258 2.698937556732095e-10 2.5879152844666255e-12 0.21708509781748048 0.0022230611614487547 0.03086168432817931
2008hu CMFGEN 1.02 True 6725.6567 47 0.0497 54785.06249113848 0.09485711990782875 3.4306039437024304e-11 4.621549786050815e-13 0.32798308416590455 0.004879374465310481 0.09234704414548399
2008hu CMFGEN 1.04 True 7777.101 47 0.0497 54789.84565410961 0.08569232306399499 6.941418190414983e-11 9.255011819350042e-13 0.5664113203381943 0.004641844404215127 0.09234704414548399
2008hu CMFGEN 1.4 True 6837.885 47 0.0497 54783.101180954094 0.08852440134432982 1.885276180925266e-11 2.6860650591016676e-13 0.13173022707867832 0.0051869697697307935 0.09234704414548399
2008hu CMFGEN 1.7 True 9955.3 47 0.0497 54789.15846284282 0.0782659165597579 6.607044635315854e-11 9.290895275670243e-13 0.5676503014185371 0.004795299640357146 0.09234704414548399
2008hv CMFGEN 1.02 True 75873.875 115 0.0126 54799.25290169554 0.00958829826413421 5.577673401016507e-10 1.6254484673828262e-12 0.37112239034924294 0.0010440816552308248 0.02743585979989673
2008hv CMFGEN 1.04 True 72519.45 115 0.0126 54801.78670113794 0.0070059959434729535 1.2317808265197997e-09 3.596311446386629e-12 0.5871563397525238 0.0010456281910452107 0.02743585979989673
2008hv CMFGEN 1.4 True 82922.53 115 0.0126 54797.73421878467 0.010643368928867858 3.4811449437056174e-10 1.0314493592328467e-12 0.228273282667391 0.0010575975234376892 0.02743585979989673
2008hv CMFGEN 1.7 True 108121.12 115 0.0126 54801.13949552756 0.00768865520512918 1.1979870767135317e-09 3.561921748797672e-12 0.5958089726056225 0.0010598814351914624 0.02743585979989673
2008ia CMFGEN 1.02 True 21884.178 75 0.0219 54793.96368690611 0.04051166451245081 2.384695045429226e-10 1.3758148266372038e-12 0.38506868669766253 0.0021327777677134004 0.19479143249257042
2008ia CMFGEN 1.04 True 28901.03 75 0.0219 54798.07627781747 0.034434995061019436 5.152595846170209e-10 3.1712851382292053e-12 0.6265579159245954 0.00227727532703121 0.19479143249257042
2008ia CMFGEN 1.4 True 19161.107 75 0.0219 54792.069836639734 0.03955825470984564 1.4836024453946016e-10 8.3885171253116e-13 0.22933262962892645 0.0020725805868307416 0.19479143249257042
2008ia CMFGEN 1.7 True 53203.137 75 0.0219 54796.63405865991 0.03720733519003261 4.624298591228535e-10 3.5059184120761826e-12 0.5980349452078769 0.002701969654065156 0.19479143249257042
2009D CMFGEN 1.02 True 36171.137 78 0.025 54822.99815242077 0.018028465543466154 1.7746045546273743e-10 6.703541144714301e-13 0.2058524422816766 0.0012394828792597432 0.04553556357655682
2009D CMFGEN 1.04 True 63778.324 78 0.025 54826.24168996811 0.015229174161504488 3.3712996134889985e-10 1.3394097696048818e-12 0.3992014944308353 0.0013004073597838483 0.04553556357655682
2009D CMFGEN 1.4 True 28802.906 78 0.025 54821.35684468041 0.0187821440413245 1.1519543285478969e-10 4.2752055826462973e-13 0.06944371090347277 0.0012135034400180328 0.04553556357655682
2009D CMFGEN 1.7 True 93727.15 78 0.025 54825.1353996506 0.016095730821689358 3.1847140423482184e-10 1.3482228903749693e-12 0.3924778286718162 0.0013847775256604796 0.04553556357655682
2009F CMFGEN 1.02 True 73695.32 53 0.013 54824.015867205555 0.03184499693088583 4.3937563621132394e-10 3.0514063876361065e-12 0.8681996097282564 0.0027275573720627073 0.08942501844180814
2009F CMFGEN 1.04 True 71420.67 53 0.013 54827.756991707756 0.022951355815166607 7.881262394708696e-10 5.767537076484125e-12 1.0344954750261666 0.0028418417603738675 0.08942501844180814
2009F CMFGEN 1.4 True 73247.695 53 0.013 54821.20764192216 0.038883961853571236 2.988409870946437e-10 2.135001750876713e-12 0.7428918986740412 0.0028123491750499936 0.08942501844180814
2009F CMFGEN 1.7 True 80400.195 53 0.013 54827.03254245291 0.023635257275600452 6.80199699084411e-10 4.91755552606421e-12 0.9910285362052565 0.002800914270322018 0.08942501844180814
2009Y CMFGEN 1.02 True 61284.31 116 0.0094 54858.78678962273 0.017571458156453446 1.5577701367655703e-09 3.7107875540801895e-12 0.38758439767161756 0.0008332299054853659 0.08739267344609465
2009Y CMFGEN 1.04 True 92279.54 116 0.0094 54861.718940382256 0.01564203238740447 3.537665594241312e-09 8.801397687425829e-12 0.6205495782106016 0.0008685477414307132 0.08739267344609465
2009Y CMFGEN 1.4 True 50117.18 116 0.0094 54857.22938672207 0.019025746023544343 9.703067953046405e-10 2.2811009047529715e-12 0.24708371506784824 0.0008229171554757847 0.08739267344609465
2009Y CMFGEN 1.7 True 178734.27 116 0.0094 54860.77204180145 0.01819905102820485 3.8596352466441356e-09 1.0238540665091057e-11 0.6667296786732729 0.0009115152789787415 0.08739267344609465
2009aa CMFGEN 1.02 True 41150.773 94 0.0273 54860.20342500075 0.014275912955781678 1.0810158487716942e-10 4.892936444248873e-13 0.2308689912164673 0.001512728989168393 0.029208185622029807
2009aa CMFGEN 1.04 True 57233.457 94 0.0273 54862.76796504322 0.011850760460220044 1.8866891016786983e-10 9.41488873213028e-13 0.3931931369461405 0.0016615021773942094 0.029208185622029807
2009aa CMFGEN 1.7 True 78201.67 94 0.0273 54861.807690075424 0.012474894858314656 1.6990974219925044e-10 8.769752286126444e-13 0.37057159075234375 0.0017081559456971073 0.029208185622029807
2009ag CMFGEN 1.02 True 39069.258 86 0.0086 54872.19821531321 0.03395074606669368 1.6025464264904708e-09 4.001404928495279e-12 0.6055609852744087 0.0010020573370562772 0.21795939846193027
2009ag CMFGEN 1.04 True 56198.277 86 0.0086 54874.568708058534 0.029441070277243853 3.6866011178678527e-09 1.0128368474843397e-11 0.8350786678584198 0.0009757299656314317 0.21795939846193027
2009ag CMFGEN 1.4 True 32914.363 86 0.0086 54870.908601103474 0.03465551965564373 1.0141501860558718e-09 2.5168470264105647e-12 0.46635554129966517 0.0010503514136682539 0.21795939846193027
2009ag CMFGEN 1.7 True 111136.44 86 0.0086 54871.33017432381 0.03948813967508613 4.6712965200414235e-09 1.919718233187582e-11 0.8977110610323568 0.0011052369994503002 0.21795939846193027
2009al CMFGEN 1.02 True 8204.2 53 0.0221 54879.61170515915 0.07952531363116577 2.838843886847934e-10 1.7090798960776151e-12 0.5386606501856002 0.0025043037258163825 0.021173943720526493
2009al CMFGEN 1.04 True 10036.893 53 0.0221 54884.00260385995 0.06763814664373058 5.535249613349956e-10 3.315338443812984e-12 0.7401287757775101 0.002363087740409704 0.021173943720526493
2009al CMFGEN 1.4 True 8155.175 53 0.0221 54877.94814267516 0.06717452923112432 1.8454245688975684e-10 1.2105626805134742e-12 0.40327143789777004 0.0025937924863617574 0.021173943720526493
2009al CMFGEN 1.7 True 15919.411 53 0.0221 54884.1891256183 0.04838997348269913 5.202686684728102e-10 3.272156413516816e-12 0.7579908498986626 0.0025027826352880447 0.021173943720526493
2009cz CMFGEN 1.02 True 5870.522 32 0.0211 54925.50286551186 0.032274955130560556 1.8882052120084533e-10 1.2860015918571116e-12 0.20909506358463018 0.0024214173167950545 0.022280159832036444
2009cz CMFGEN 1.04 True 14659.549 32 0.0211 54928.556297711075 0.02787115423780051 3.5292252253390895e-10 2.59194181368893e-12 0.4025152351894048 0.002605154646605082 0.022280159832036444
2009cz CMFGEN 1.4 True 38438.695 32 0.0211 54902.41643938488 0.09851249228449888 1.1126262608758173e-10 7.460217322141978e-13 -0.18845389482219482 0.0029876904603682993 0.022280159832036444
2009cz CMFGEN 1.7 True 16460.518 32 0.0211 54927.79402477855 0.02720668164329254 3.1147123259148356e-10 2.287592621962042e-12 0.3674457520343348 0.002602102762864912 0.022280159832036444
2009dc CMFGEN 1.02 True 90667.51 46 0.0214 54911.81091828711 0.027537593126908178 7.194338714315958e-10 2.583300909255848e-12 0.192004635063372 0.0014160017798517804 0.0601626563528406
2009dc CMFGEN 1.04 True 101983.25 46 0.0214 54913.627692049326 0.027802716620499268 1.6778518426534313e-09 6.178697557917492e-12 0.41089011867957825 0.0014727709000368662 0.0601626563528406
2009dc CMFGEN 1.4 True 100206.91 46 0.0214 54910.414062002324 0.039003885900456225 4.1635841717320093e-10 1.5903662151045113e-12 0.02984707974601575 0.001584936822960376 0.0601626563528406
2009dc CMFGEN 1.7 True 119627.32 46 0.0214 54900.71479114059 0.08685884994338267 3.5198413997563735e-09 1.485311994481173e-11 0.511189709981879 0.0013657592327678562 0.0601626563528406
2009ds CMFGEN 1.02 True 11030.351 37 0.0193 54903.71467959123 0.34132840655365726 2.0768746283311765e-10 3.2547335360743868e-12 -0.34307669525801304 0.002303249607064712 0.03346943379780617
2009ds CMFGEN 1.04 True 39173.29 37 0.0193 54975.855525 8.543211151845753e-07 1.0203758895034712e-10 1.2424030620380873e-12 -2.9889850770430892 0.003515023144386526 0.03346943379780617
2009ds CMFGEN 1.4 True 11317.763 37 0.0193 54887.73600278881 0.4966855807615502 2.209232256717843e-10 4.266641253784736e-12 -0.42174296290977 0.0029852107894673967 0.03346943379780617
2009ds CMFGEN 1.7 True 11063.506 37 0.0193 54911.75614693918 0.3784510715522629 8.252802867783991e-10 1.0387651897250596e-11 0.14128373009776762 0.0024562655612903436 0.03346943379780617
