results/band_fits/u_g_r_Y_H.ecsv
# %ECSV 0.9
# ---
# datatype:
# - {name: object ID, datatype: string}
# - {name: model, datatype: string}
# - {name: version, datatype: string}
# - {name: success, datatype: bool}
# - {name: chisq, datatype: float32}
# - {name: ndof, datatype: int32}
# - {name: z, datatype: float64}
# - {name: t0, datatype: float64}
# - {name: t0_err, datatype: float64}
# - {name: x0, datatype: float64}
# - {name: x0_err, datatype: float64}
# - {name: hostebv, datatype: float64}
# - {name: hostebv_err, datatype: float64}
# - {name: mwebv, datatype: float64}
# meta:
#   bands: [csp_dr3_u, csp_dr3_g, csp_dr3_r, csp_dr3_Y, csp_dr3_H]
# schema: astropy-2.0
"object ID" model version success chisq ndof z t0 t0_err x0 x0_err hostebv hostebv_err mwebv
2005el CMFGEN 1.02 True 67838.27 127 0.0149 53627.20912637716 0.02419371041833074 5.545452229882137e-10 1.8774214580303396e-12 0.4299335168558397 0.0012558481545885353 0.09808364969164196
2005el CMFGEN 1.04 True 68515.0 127 0.0149 53630.65842722938 0.01949320125640952 1.2853800630155407e-09 4.2190764948480754e-12 0.669260707717533 0.0011887639790903889 0.09808364969164196
2005el CMFGEN 1.4 True 75913.72 127 0.0149 53625.6173995413 0.025648513474152423 3.1415759856311147e-10 1.127202834207896e-12 0.2532194249015005 0.0013195559399532062 0.09808364969164196
2005el CMFGEN 1.7 True 111851.805 127 0.0149 53629.91708751526 0.023204198569146683 1.4842675588673072e-09 5.142078920650027e-12 0.7400621427041704 0.0012231310310762352 0.09808364969164196
2005eq CMFGEN 1.02 True 18243.582 108 0.029 53637.11572035711 0.03349634972255444 1.1433238347038761e-10 6.487189422638647e-13 0.2250768290505802 0.0018871598441306352 0.06362687563506927
2005eq CMFGEN 1.04 True 29248.113 108 0.029 53640.01279896531 0.03062400011185673 2.1260128612191213e-10 1.266367709991025e-12 0.40737126617560315 0.0019566757221561645 0.06362687563506927
2005eq CMFGEN 1.4 True 17236.557 108 0.029 53635.728932661106 0.03423221775301499 7.181608484687919e-11 4.0690194169945756e-13 0.08304859718972943 0.0018938489896564434 0.06362687563506927
2005eq CMFGEN 1.7 True 43101.37 108 0.029 53639.08019222505 0.03124364098039223 2.0521580848428625e-10 1.2979079483703305e-12 0.40947221353049656 0.002065550720392248 0.06362687563506927
2005gj CMFGEN 1.02 True 77421.516 105 0.0616 53689.36892077523 0.03406431131588761 3.0595143094141113e-10 2.1570841021061847e-12 0.7430333029079617 0.002577389743932699 0.10432937283711677
2005gj CMFGEN 1.4 True 38045.816 105 0.0616 53628.455386210706 0.5315855612425366 3.943222299734801e-10 8.095624237911704e-12 0.26719732973192256 0.003646306453811799 0.10432937283711677
2005hc CMFGEN 1.02 True 8901.947 82 0.0459 53648.748355904405 0.0370905228992342 3.579175222546088e-11 2.725232515908755e-13 0.15592447778919008 0.002422796063509797 0.02814121741934405
2005hc CMFGEN 1.4 True 7330.19 82 0.0459 53647.039401548725 0.03930716001559631 2.5048562074116165e-11 1.903644406368394e-13 0.04195020621995756 0.002417680532019831 0.02814121741934405
2005hc CMFGEN 1.7 True 23087.166 82 0.0459 53650.7063457585 0.03269384282612009 5.338743459229231e-11 4.3486683467318163e-13 0.2877108028995016 0.002580326602356394 0.02814121741934405
2005hk CMFGEN 1.02 True 325773.94 123 0.013 53644.633973209275 0.02508442703037872 7.659593087685832e-10 3.009271012898705e-12 0.5248601883100413 0.0014917218342151094 0.020061264631809475
2005hk CMFGEN 1.04 True 127843.66 123 0.013 53671.33537222548 0.01586677627346944 1.0546205990470935e-09 4.512860933658376e-12 0.810111485421592 0.0015835646181990826 0.020061264631809475
2005hk CMFGEN 1.7 True 173346.97 123 0.013 53670.64910334775 0.01911531059886329 9.552287484632866e-10 4.6059035087665575e-12 0.7968752123567414 0.0017874262623584507 0.020061264631809475
2005iq CMFGEN 1.02 True 12351.148 84 0.034 53668.4295791581 0.029904083472501952 4.43533043499484e-11 3.452637224505037e-13 0.0996175671143819 0.002501077276591855 0.01900663001980604
2005iq CMFGEN 1.04 True 15501.681 84 0.034 53671.740930401254 0.024235277549450984 7.372940118811387e-11 5.757232484357435e-13 0.25048006489296226 0.0024877638092548632 0.01900663001980604
2005iq CMFGEN 1.7 True 58586.965 84 0.034 53649.69986967028 0.10347565046322416 1.901677096678406e-10 2.17731376123803e-12 0.2906595595921702 0.003021621894153042 0.01900663001980604
2005kc CMFGEN 1.02 True 129453.93 65 0.0151 53613.665577855885 0.36103187748085475 2.547715232947162e-09 4.30241932549837e-11 0.42104336386650976 0.0031447016145287675 0.11361467365635353
2005kc CMFGEN 1.04 True 24622.953 65 0.0151 53682.40204564455 0.01455869816345512 1.0741780461838801e-09 6.758718403531342e-12 0.7067232144176512 0.002307570147087163 0.11361467365635353
2005kc CMFGEN 1.4 True 125922.64 65 0.0151 53615.145540323276 0.563656252783403 1.2326563830119997e-09 3.1623028157962603e-11 0.23810080581830967 0.004712448347283577 0.11361467365635353
2005kc CMFGEN 1.7 True 32066.479 65 0.0151 53681.669314945284 0.014922537633538013 9.717401936122733e-10 6.194360814117363e-12 0.6829675016291735 0.0023262921613709797 0.11361467365635353
2005ke CMFGEN 1.02 True 459626.6 192 0.0049 53615.32549179108 0.1534173476647993 1.9347527739695023e-08 1.488011889277266e-10 1.0154460324241312 0.001721205586596828 0.021125155887244045
2005ke CMFGEN 1.04 False 776368.8 192 0.0049 53677.58584684504 96.42413817817214 2.4593679032265865e-10 7.859286207754314e-14 0.13241783869071536 1.4124214265478812e-05 0.021125155887244045
2005ke CMFGEN 1.4 True 460417.53 192 0.0049 53609.77647552753 0.17948291438733577 1.3120283702814886e-08 1.1057507912912067e-10 0.906913373982321 0.001816127335415694 0.021125155887244045
2005ke CMFGEN 1.7 False 892870.25 192 0.0049 53671.834127572016 101.57870743528474 2.3523642356964865e-10 8.319576634290071e-14 0.13273549531182738 1.619225401403219e-05 0.021125155887244045
2005ki CMFGEN 1.02 True 61427.695 154 0.0192 53687.28047556275 0.019176544003130402 2.5745429843233506e-10 1.2998923055845743e-12 0.40148159633333014 0.001780416319061683 0.027486266648353123
2005ki CMFGEN 1.04 True 52527.15 154 0.0192 53690.11080408452 0.015461900035006693 5.328228354526328e-10 2.6951490723859826e-12 0.598069374533146 0.0017851426952098283 0.027486266648353123
2005ki CMFGEN 1.4 True 74574.086 154 0.0192 53685.64694102296 0.021529286495933775 1.5075984358706181e-10 8.023190846042597e-13 0.24308652317178223 0.0018626799179242747 0.027486266648353123
2005ki CMFGEN 1.7 True 73485.93 154 0.0192 53689.435240570056 0.016054987983807223 6.117476475305233e-10 2.9528272554100687e-12 0.6623222669383129 0.0017090499091252343 0.027486266648353123
2005na CMFGEN 1.02 True 35664.453 80 0.0263 53721.8363166894 0.03595139371100231 1.4638657604111965e-10 1.0736420354212182e-12 0.2593505334880021 0.00240673384447672 0.06681481625966589
2005na CMFGEN 1.04 True 42621.65 80 0.0263 53725.47558053467 0.03223735916617443 2.7731981262638784e-10 1.9877679136495764e-12 0.45182596248041906 0.002338778382341271 0.06681481625966589
2005na CMFGEN 1.4 True 32015.143 80 0.0263 53720.51791879671 0.034969774937053444 8.074558465959762e-11 5.855256860766512e-13 0.07335859676275262 0.0023722753349143862 0.06681481625966589
2005na CMFGEN 1.7 True 59770.66 80 0.0263 53724.49359974614 0.03389486306696199 3.051143147195863e-10 2.307635183884663e-12 0.5011411733754385 0.00246128745064813 0.06681481625966589
2006D CMFGEN 1.02 True 75390.69 146 0.0085 53738.868885231146 0.029205513499618974 1.3031320062969743e-09 5.019199551583021e-12 0.5037934695340539 0.001319815752795035 0.039300265923908353
2006D CMFGEN 1.04 True 56172.043 146 0.0085 53742.09884885107 0.024256685788714094 3.0407349771860407e-09 1.1331337938783781e-11 0.7327693578418407 0.0012819649918961384 0.039300265923908353
2006D CMFGEN 1.4 True 97726.586 146 0.0085 53737.7753216714 0.030107908867648803 6.823960570502587e-10 2.766990628862839e-12 0.31859392978357975 0.0013752680511838135 0.039300265923908353
2006D CMFGEN 1.7 True 81306.36 146 0.0085 53741.33313616045 0.025907596173055936 4.922654204851258e-09 2.11697682574289e-11 0.9083587565682278 0.0014807442618013239 0.039300265923908353
2006X CMFGEN 1.02 True 52704.656 148 0.0052 53768.82981708271 0.009150680914899567 2.190836006038162e-08 5.0605946951513755e-11 1.420100636238128 0.000845963546000853 0.022553426442264515
2006X CMFGEN 1.04 False 1041557.94 148 0.0052 53762.391440714804 104.4920662096556 1.018896612850841e-09 3.9131414118326093e-13 0.5568265985880447 1.2210653346358616e-05 0.022553426442264515
2006X CMFGEN 1.4 True 47704.016 148 0.0052 53767.30391882615 0.010205408616457134 1.4099235395870638e-08 3.341681208840642e-11 1.2951488919136411 0.0008726858350730603 0.022553426442264515
2006X CMFGEN 1.7 True 156964.27 148 0.0052 53770.59130317504 0.007948359754664125 4.461841450520558e-08 1.0858063721673224e-10 1.6177736198059984 0.0008686984870914071 0.022553426442264515
2006ax CMFGEN 1.02 True 350340.75 119 0.0167 53756.34539698979 0.17133876416119165 1.2767571815129147e-09 1.1724994097301656e-11 0.3092868761623152 0.0019570204498632177 0.04323992187949964
2006ax CMFGEN 1.04 True 64404.883 119 0.0167 53811.498330094924 0.010044541497336468 8.263383408704983e-10 3.2584073803761386e-12 0.5118555772174619 0.001384654708022233 0.04323992187949964
2006ax CMFGEN 1.4 True 342001.06 119 0.0167 53755.02652374024 0.15832364596644766 7.56658344547332e-10 6.077503931813421e-12 0.17667914475773375 0.0017819120168381956 0.04323992187949964
2006ax CMFGEN 1.7 True 101464.67 119 0.0167 53810.80905953877 0.011425398846768076 8.765555723231092e-10 3.635088246640601e-12 0.5556676335095783 0.0014582607381088723 0.04323992187949964
2006bh CMFGEN 1.02 True 81462.73 89 0.0109 53813.70905720506 0.03252022173910518 1.0759104609491489e-09 4.863770905307223e-12 0.48492524635076384 0.0016464821728250116 0.022862200011365373
2006bh CMFGEN 1.04 True 72497.39 89 0.0109 53817.537954793435 0.02914593125024112 2.2892773850825245e-09 1.0163879788984409e-11 0.7078351522974151 0.0015994816648698352 0.022862200011365373
2006bh CMFGEN 1.4 True 86562.914 89 0.0109 53812.08790985906 0.03206987084195134 5.837068312933847e-10 2.790157116466363e-12 0.2902633350197861 0.0017175198617699237 0.022862200011365373
2006bh CMFGEN 1.7 True 101349.38 89 0.0109 53816.75540685714 0.03246540280088084 3.0637478446856864e-09 1.483304460007781e-11 0.8295007834785051 0.0016603369038178802 0.022862200011365373
2006bt CMFGEN 1.02 True 27482.807 46 0.0322 53823.55800515843 0.0848625978869677 1.0195567121936506e-10 8.702736562009941e-13 0.13728026026901471 0.0031244888464424824 0.04305211789801481
2006bt CMFGEN 1.04 True 28818.26 46 0.0322 53822.22954747067 0.07224828592006816 2.763633769198544e-10 2.305340194803481e-12 0.3574443498394801 0.002722222994635885 0.04305211789801481
2006bt CMFGEN 1.4 True 5277.361 46 0.0322 53838.41776383296 0.04796589054603828 6.016833709056392e-11 5.22927178701634e-13 0.18760176156222233 0.003002083402925919 0.04305211789801481
2006bt CMFGEN 1.7 True 33897.195 46 0.0322 53815.258018738954 0.18568241939283325 5.58036254235202e-10 8.15513262347616e-12 0.5285728061556763 0.0033954026242434343 0.04305211789801481
2006ej CMFGEN 1.02 True 14380.238 25 0.0205 53957.52017211419 0.0738201692547591 2.6443350354440385e-10 4.279157261832374e-12 0.4535192808787732 0.005105974186758915 0.030216198315927072
2006ej CMFGEN 1.04 True 13375.845 25 0.0205 53961.03920664467 0.07094349138787948 6.470113277466748e-10 1.0231752047978429e-11 0.7163201479080253 0.004901635432444773 0.030216198315927072
2006ej CMFGEN 1.4 True 13334.034 25 0.0205 53956.26348820963 0.07427023252967047 1.3054138837082677e-10 2.1943248617981993e-12 0.23069890305502455 0.005283096537762348 0.030216198315927072
2006eq CMFGEN 1.02 True 2986.0388 41 0.0495 53956.831401666335 0.19092766194444266 6.093346595532606e-11 1.1942650285153828e-12 0.7221884626122892 0.008000817681454256 0.04124082407613607
2006eq CMFGEN 1.04 True 2407.723 41 0.0495 53962.54824496384 0.17220908631861676 1.473319927567654e-10 3.043784733695607e-12 1.0330710595154107 0.008073954648425865 0.04124082407613607
2006eq CMFGEN 1.4 True 3071.8936 41 0.0495 53954.181817064964 0.17502100221827277 3.3332489011687615e-11 7.110537260724833e-13 0.5133183302288726 0.00848928037293782 0.04124082407613607
2006eq CMFGEN 1.7 True 2933.0027 41 0.0495 53961.32777789488 0.18223768514872063 1.7191582315464075e-10 4.165419329571417e-12 1.0990938027487696 0.00836168346503768 0.04124082407613607
2006et CMFGEN 1.02 True 24748.59 129 0.0226 53976.2956778975 0.02014663596492028 3.2321816172706344e-10 1.6674853209438321e-12 0.45287365929374407 0.0018020551987200173 0.016484083652199933
2006et CMFGEN 1.04 True 39272.25 129 0.0226 53978.90100877596 0.01709694707460585 6.107022853627698e-10 3.411346112927946e-12 0.6332424222604298 0.0019446117984597978 0.016484083652199933
2006et CMFGEN 1.7 True 60654.387 129 0.0226 53978.04738071074 0.017957709977054037 6.019157334129767e-10 3.5267072996449914e-12 0.6457022147652168 0.00203387565058944 0.016484083652199933
2006gj CMFGEN 1.02 True 8034.3823 60 0.0284 53979.26547619394 0.0925564252975164 8.877536500815375e-11 1.3666839920819922e-12 0.5196300190676486 0.005364909370362738 0.07245814932372446
2006gj CMFGEN 1.04 True 7415.5073 60 0.0284 53983.85896969933 0.07481664619990624 1.5335624344746564e-10 2.4780717301432503e-12 0.6951778094674738 0.005672503540764735 0.07245814932372446
2006gj CMFGEN 1.4 True 9243.712 60 0.0284 53977.081761147325 0.09366308632161235 5.595613306949282e-11 8.558461316803811e-13 0.3703750532217233 0.005360506343218655 0.07245814932372446
2006gj CMFGEN 1.7 True 9977.257 60 0.0284 53982.847881302594 0.07688622519708588 1.592086777679446e-10 2.7209078344332803e-12 0.7153822517758567 0.005991026848591368 0.07245814932372446
2006gt CMFGEN 1.02 True 5316.815 37 0.0448 53982.24650975025 0.09587712639040546 2.279317991295903e-11 4.2240743717601717e-13 0.2710530674984381 0.006015435067865894 0.03203576638201347
2006gt CMFGEN 1.04 True 4591.5977 37 0.0448 53986.65737305904 0.07983481449991814 3.853113637418737e-11 6.942618734269603e-13 0.4441869870561437 0.0059086468916438595 0.03203576638201347
2006gt CMFGEN 1.4 True 5677.1426 37 0.0448 53980.068141087715 0.09902811185020255 1.4757482338141657e-11 2.792421101473783e-13 0.1277338787457698 0.006169716421844839 0.03203576638201347
2006gt CMFGEN 1.7 True 5695.879 37 0.0448 53985.20518544655 0.0829449264856521 3.897699771970057e-11 7.237613794186289e-13 0.45357351105756416 0.006065464604590843 0.03203576638201347
2006hb CMFGEN 1.02 True 41049.273 91 0.0153 53985.41828291901 0.04928421079966938 4.8023692130156e-10 2.974878671144105e-12 0.5969707648622607 0.002084736886807384 0.023450809335250816
2006hb CMFGEN 1.04 True 32013.607 91 0.0153 53988.81813299688 0.048549353447015164 1.0962234208135825e-09 7.024019497880142e-12 0.8308664274291495 0.002078989700574999 0.023450809335250816
2006hb CMFGEN 1.4 True 47087.945 91 0.0153 53984.13934484612 0.04754875403523329 2.59080394800237e-10 1.6651785083601736e-12 0.41369181017316853 0.002205929646373594 0.023450809335250816
2006hb CMFGEN 1.7 True 39149.258 91 0.0153 53987.655693844186 0.050450507918867515 1.5366046370822414e-09 1.1212774703432833e-11 0.9557239789977355 0.0022590315503124648 0.023450809335250816
2006is CMFGEN 1.02 True 15046.068 77 0.031 53993.43489832172 0.04762484391176258 1.2444580969731444e-10 7.231331627485506e-13 0.2663724908808347 0.001938740193274763 0.028965576049208273
2006is CMFGEN 1.04 True 34275.098 77 0.031 53996.2113264157 0.06959255202673376 2.4168783927245517e-10 1.5068618366167795e-12 0.45349561716320397 0.0019141419405273553 0.028965576049208273
2006is CMFGEN 1.4 True 12192.556 77 0.031 53992.41697297538 0.0420546912610007 7.088132489012817e-11 4.1140995625264117e-13 0.10213544296382919 0.0019653157615854453 0.028965576049208273
2006is CMFGEN 1.7 True 52037.902 77 0.031 53995.50291332354 0.065384953712055 2.483071566666144e-10 1.641508962822504e-12 0.4803338569125619 0.001973012310558354 0.028965576049208273
2006kf CMFGEN 1.02 True 29870.113 84 0.0213 54020.35156820245 0.04256893871934153 1.9258862348255664e-10 1.5297185482509997e-12 0.36488064884249194 0.0028271351449290875 0.2111548865539906
2006kf CMFGEN 1.04 True 28434.633 84 0.0213 54024.89707676115 0.03095897085222532 3.760893290474686e-10 3.1090292955262225e-12 0.569120107650044 0.0029379300511521546 0.2111548865539906
2006kf CMFGEN 1.4 True 31356.111 84 0.0213 54018.34091834487 0.043478516050527105 1.1411935205045797e-10 9.116367136442483e-13 0.19610318827151266 0.002815949921661995 0.2111548865539906
2006kf CMFGEN 1.7 True 36426.305 84 0.0213 54023.974152796916 0.032002564395952504 4.225464799632885e-10 3.6828048406240095e-12 0.6225400196608775 0.00311113988016011 0.2111548865539906
