results/band_fits/u_g_r.ecsv
# %ECSV 0.9
# ---
# datatype:
# - {name: object ID, datatype: string}
# - {name: model, datatype: string}
# - {name: version, datatype: string}
# - {name: success, datatype: bool}
# - {name: chisq, datatype: float32}
# - {name: ndof, datatype: int32}
# - {name: z, datatype: float64}
# - {name: t0, datatype: float64}
# - {name: t0_err, datatype: float64}
# - {name: x0, datatype: float64}
# - {name: x0_err, datatype: float64}
# - {name: hostebv, datatype: float64}
# - {name: hostebv_err, datatype: float64}
# - {name: mwebv, datatype: float64}
# meta:
#   bands: [csp_dr3_u, csp_dr3_g, csp_dr3_r]
# schema: astropy-2.0
"object ID" model version success chisq ndof z t0 t0_err x0 x0_err hostebv hostebv_err mwebv
[from data line 429]
2008fu CMFGEN 1.7 True 3132.0945 33 0.052 54720.758376580685 0.14218355957927997 5.743601791550165e-11 1.2496182788976247e-12 0.5865809879993612 0.0072204331955051685 0.018833736613107027
2008fw CMFGEN 1.02 True 27918.336 65 0.0085 54717.41379259684 0.04678631686329027 1.4940551735386837e-09 7.011845312058721e-12 0.43533803779214053 0.0014669341653858598 0.11159617552698833
2008fw CMFGEN 1.04 True 54663.48 65 0.0085 54715.29201159575 0.038086501797806704 4.099670514441489e-09 2.0888250952899616e-11 0.6509763397876324 0.0014994538262451198 0.11159617552698833
2008fw CMFGEN 1.4 True 15772.21 65 0.0085 54717.438892953156 0.03543453713064082 7.834813248004447e-10 3.307519535110069e-12 0.2555568565115745 0.0014333906310729152 0.11159617552698833
2008fw CMFGEN 1.7 True 88061.09 65 0.0085 54711.84174510844 0.05740001511367154 7.602189445114115e-09 5.179255986180945e-11 0.8396390123266076 0.0018030018577153463 0.11159617552698833
2008gg CMFGEN 1.02 True 14806.974 67 0.032 54733.7087629916 0.046234913086664164 1.5843031116904888e-10 9.620872005918285e-13 0.4362058373668032 0.002048521184565844 0.02120202873332347
2008gg CMFGEN 1.04 True 30470.016 67 0.032 54736.72336099924 0.06036939103069017 3.0119459758743044e-10 1.91909845806762e-12 0.6233339270389125 0.0019457248800220696 0.02120202873332347
2008gg CMFGEN 1.4 True 11827.27 67 0.032 54732.68218642339 0.04218708848566166 8.89906703924278e-11 5.272256722638072e-13 0.2631270719946992 0.0020557721893235837 0.02120202873332347
2008gg CMFGEN 1.7 True 43120.594 67 0.032 54736.392746190155 0.054033656717365375 3.0585343513253096e-10 2.0436669688996817e-12 0.6534993170179146 0.0020464007628274664 0.02120202873332347
2008gl CMFGEN 1.02 True 26432.312 57 0.034 54747.73506893011 0.035443295342702186 6.347650167892503e-11 4.4071138723277173e-13 0.2192658611073715 0.0022708754693460988 0.024346470870714523
2008gl CMFGEN 1.04 True 28935.293 57 0.034 54751.627219658425 0.030143662475893507 1.1192036869528543e-10 7.627327866079728e-13 0.4003169681668262 0.0022362135875487557 0.024346470870714523
2008gl CMFGEN 1.4 True 25079.154 57 0.034 54745.9109588479 0.036448973667575046 4.097537737751944e-11 2.8288293999950255e-13 0.07705273231627766 0.002252330028781127 0.024346470870714523
2008gl CMFGEN 1.7 True 42083.555 57 0.034 54750.44073670495 0.031735064894746756 1.1725500766232875e-10 8.360120971916125e-13 0.42785149191410615 0.0023440009460464475 0.024346470870714523
2008go CMFGEN 1.02 True 920.4341 15 0.0623 54744.96427916607 0.10957204290025402 1.77999365193757e-11 2.484630517165036e-13 0.1315410867831007 0.004784159119522531 0.032173640448880436
2008go CMFGEN 1.04 True 2073.3638 15 0.0623 54749.53175527001 0.08272283525002422 2.7836645922007628e-11 3.5389238129916184e-13 0.2954512362282759 0.004144783542380926 0.032173640448880436
2008go CMFGEN 1.4 True 500.08887 15 0.0623 54742.947302412824 0.11514604236799642 1.2940775817851338e-11 1.987025846213979e-13 0.021797257051507434 0.005318998764972484 0.032173640448880436
2008go CMFGEN 1.7 True 1183.271 15 0.0623 54717.59040820778 0.716611999720044 7.021074822902377e-11 2.747396473895909e-12 0.10981842706637022 0.005135355701619896 0.032173640448880436
2008gp CMFGEN 1.02 True 11772.401 48 0.0334 54760.834089088 0.020388687200465938 6.562910674927418e-11 4.687863777600615e-13 0.12074686787704858 0.0022984412670364884 0.103694303991748
2008gp CMFGEN 1.04 True 21637.176 48 0.0334 54763.34892476773 0.01811027526127873 1.2266048920962035e-10 8.929058013996851e-13 0.3020681247873763 0.0023431433798989645 0.103694303991748
2008gp CMFGEN 1.4 True 7728.2393 48 0.0334 54759.409680057965 0.018667121876205783 4.097497995948809e-11 2.844873494086784e-13 -0.026828556444989833 0.002212555603274527 0.103694303991748
2008gp CMFGEN 1.7 True 29161.92 48 0.0334 54762.44616374729 0.01944992961580283 1.171627183848533e-10 8.971357281257209e-13 0.3024706204819099 0.0024749000118248366 0.103694303991748
2008ha CMFGEN 1.02 True 10168.271 36 0.0046 54760.575441764835 0.16210346615116578 9.30674212003052e-11 1.3651088947196439e-12 0.5974079080122485 0.005720279989622969 0.06357216573029255
2008ha CMFGEN 1.04 True 7388.532 36 0.0046 54767.6194102723 0.06948136161008733 1.5859456156840324e-10 2.241826517307617e-12 0.8067263242451854 0.005235776348178831 0.06357216573029255
2008ha CMFGEN 1.4 True 8891.6875 36 0.0046 54753.42177783938 0.22189727629665867 5.7186909972287354e-11 8.803708032952827e-13 0.3455335278644233 0.005837753631419467 0.06357216573029255
2008ha CMFGEN 1.7 True 8495.325 36 0.0046 54766.03756524253 0.07475724434334552 1.60422428029317e-10 2.3193463941438542e-12 0.8128600014126447 0.005283895836940036 0.06357216573029255
2008hj CMFGEN 1.02 True 3102.2297 43 0.0379 54782.98405929772 0.026526265653956216 4.791130146662962e-11 3.1176509511737675e-13 0.09644984888096439 0.002046546185667447 0.03086168432817931
2008hj CMFGEN 1.04 True 7188.4824 43 0.0379 54786.03609111855 0.0217255008428765 7.62035251650505e-11 4.880660325388593e-13 0.23864261035776435 0.002002730030566236 0.03086168432817931
2008hj CMFGEN 1.4 True 2932.25 43 0.0379 54781.31568486501 0.029010528480284847 3.436256165720193e-11 2.2378106945318283e-13 -0.00924002108703469 0.0020503404755790383 0.03086168432817931
2008hj CMFGEN 1.7 True 8256.659 43 0.0379 54784.88944420875 0.02271569619915681 6.6374596391113e-11 4.3351434648100517e-13 0.20022646634947402 0.002044899944707793 0.03086168432817931
2008hu CMFGEN 1.02 True 4861.4375 32 0.0497 54784.4941776942 0.10270485746514169 2.6436396434651086e-11 3.8055695212109627e-13 0.23398369528788415 0.005080331365460766 0.09234704414548399
2008hu CMFGEN 1.04 True 5818.1304 32 0.0497 54789.74498998703 0.0874364957853686 5.3341471891660107e-11 7.361028921285791e-13 0.4783825919017302 0.004670196865383232 0.09234704414548399
2008hu CMFGEN 1.4 True 4332.1577 32 0.0497 54782.5168081509 0.09653644882928347 1.4361486271720352e-11 2.1184277839506866e-13 0.034310262559095875 0.005256646174743363 0.09234704414548399
2008hu CMFGEN 1.7 True 6951.4033 32 0.0497 54788.78754997092 0.08136448376899352 5.159095897783781e-11 7.427845859831722e-13 0.4808527025984224 0.004803803923848616 0.09234704414548399
2008hv CMFGEN 1.02 True 49144.312 66 0.0126 54798.92002923277 0.011169949484610697 3.9225227002488676e-10 2.005013257944073e-12 0.25876778303608083 0.0016484573699136547 0.02743585979989673
2008hv CMFGEN 1.04 True 52705.836 66 0.0126 54801.372041848546 0.009194416998070665 7.935971998108452e-10 3.964705025893312e-12 0.44873065489323855 0.0015912629238198784 0.02743585979989673
2008hv CMFGEN 1.4 True 45719.37 66 0.0126 54797.66291803188 0.011374993267963873 2.3996137300634225e-10 1.1985992455369209e-12 0.10973630369794063 0.001607572164959404 0.02743585979989673
2008hv CMFGEN 1.7 True 73480.98 66 0.0126 54800.50072831794 0.010089532239362597 7.961876613228693e-10 4.233127487917726e-12 0.4666624200384376 0.0016989534402363797 0.02743585979989673
2008ia CMFGEN 1.02 True 7200.216 38 0.0219 54792.26638360932 0.050630196441488806 1.202298052574944e-10 1.080670784196709e-12 0.14807968025949703 0.0029255647396435698 0.19479143249257042
2008ia CMFGEN 1.04 True 10449.495 38 0.0219 54796.494172317616 0.04215893723812769 2.2507041263976117e-10 1.99405500040406e-12 0.34750850997987703 0.002874372360910135 0.19479143249257042
2008ia CMFGEN 1.4 True 5809.6597 38 0.0219 54790.562330805675 0.05139093110119575 7.856522417058892e-11 6.890633995278653e-13 0.010476923044456384 0.00284323253774642 0.19479143249257042
2008ia CMFGEN 1.7 True 14061.814 38 0.0219 54795.45793786408 0.0418866650761629 2.1971645637859551e-10 2.01911358714551e-12 0.3489771098884885 0.002975108555690915 0.19479143249257042
2009D CMFGEN 1.02 True 24692.514 59 0.025 54822.791119844274 0.018811585687217303 1.4635857335274476e-10 6.340211343412762e-13 0.14538627845282587 0.0013794468429928158 0.04553556357655682
2009D CMFGEN 1.04 True 47120.66 59 0.025 54825.97238498728 0.015888658839685377 2.6360934569603036e-10 1.1409492316986706e-12 0.32254544464861373 0.0013697428239068804 0.04553556357655682
2009D CMFGEN 1.4 True 16644.764 59 0.025 54821.21535837837 0.01949633146796259 9.653984436568154e-11 4.071887397641319e-13 0.014385399669054928 0.00133891668150294 0.04553556357655682
2009D CMFGEN 1.7 True 65887.336 59 0.025 54824.809811513034 0.01689435805019457 2.4683268621300974e-10 1.1077842492836458e-12 0.31245821280239855 0.001424068765828573 0.04553556357655682
2009F CMFGEN 1.02 True 34154.16 35 0.013 54822.75651461902 0.03578291318626725 1.54718356681173e-10 1.235104675559388e-12 0.4976396144223144 0.002767116906470181 0.08942501844180814
2009F CMFGEN 1.04 True 24086.422 35 0.013 54826.944594067296 0.02454374683657079 2.863132990490725e-10 2.2853349734219942e-12 0.679315497704281 0.0027446126166517965 0.08942501844180814
2009F CMFGEN 1.4 True 34078.715 35 0.013 54820.1096910354 0.04027709271031199 1.0596462240770857e-10 8.345390978698125e-13 0.37273054618898915 0.0027353803195821437 0.08942501844180814
2009F CMFGEN 1.7 True 28438.111 35 0.013 54825.72887055277 0.02650827394973021 2.5589042058178424e-10 2.061623816911397e-12 0.6501572446429964 0.0027770593780899093 0.08942501844180814
2009I CMFGEN 1.02 True 1820.7212 10 0.0262 54788.66781625628 0.9002142052268027 5.199161024992323e-10 2.8859399633121562e-11 0.558422168583364 0.011494176860589227 0.027127749805892682
2009I CMFGEN 1.04 True 1876.0895 10 0.0262 54794.91453000856 0.7640832514989597 1.2238117869929628e-09 5.54012187722572e-11 0.8168537078057916 0.008652141302383039 0.027127749805892682
2009I CMFGEN 1.4 True 1784.9783 10 0.0262 54786.44861637157 1.0386804073204985 2.5340834986219807e-10 1.5276590848721107e-11 0.3377243979785692 0.012830173427106168 0.027127749805892682
2009I CMFGEN 1.7 True 393.51288 10 0.0262 54835.728924546864 0.08145946662261849 2.3416951273708235e-10 4.125681480457609e-12 0.8837740573004892 0.005996468403202109 0.027127749805892682
2009J CMFGEN 1.02 True 1193.015 14 0.0158 54816.11556629333 0.34996391665845294 4.273472273544242e-11 1.227924791749783e-12 0.4299845086653719 0.01258179582498843 0.07593025039065326
2009J CMFGEN 1.04 True 1536.7649 14 0.0158 54830.68418645263 0.15755472077216837 6.26600536116858e-11 1.7480447521213271e-12 0.7320333567952729 0.009894520107267948 0.07593025039065326
2009J CMFGEN 1.4 True 953.6603 14 0.0158 54815.86276304149 0.2996565943940368 1.924462728820588e-11 5.903431195708362e-13 0.19556675668486334 0.013449138430164136 0.07593025039065326
2009J CMFGEN 1.7 True 1720.8584 14 0.0158 54828.49590436563 0.2684889486990869 6.671031208332176e-11 1.9510486026772378e-12 0.742142114530879 0.010314348238568498 0.07593025039065326
2009P CMFGEN 1.02 True 1451.203 36 0.0251 54850.409362848906 0.07864158600568771 1.666057093341527e-10 1.8654933907409913e-12 0.48475464392046363 0.0037201358641712457 0.042137063423059846
2009P CMFGEN 1.04 True 3461.7593 36 0.0251 54854.378913616056 0.06437671188177774 2.635115572940094e-10 2.8850765059518307e-12 0.6332204746503888 0.0035566084319261396 0.042137063423059846
2009P CMFGEN 1.4 True 1590.1061 36 0.0251 54848.712276116894 0.07968261634232476 1.0839414111669118e-10 1.1992850261423946e-12 0.34822964318082683 0.0037631505025049502 0.042137063423059846
2009P CMFGEN 1.7 True 4567.945 36 0.0251 54853.11722692314 0.06536268674972234 2.50134217978734e-10 2.8329887693530376e-12 0.6203779189495109 0.003667703162879071 0.042137063423059846
2009Y CMFGEN 1.02 True 46806.324 81 0.0094 54858.48152317679 0.02047978952396079 1.5080332546537208e-09 6.177535944721511e-12 0.3755731548634248 0.0013046733816767784 0.08739267344609465
2009Y CMFGEN 1.04 True 72839.95 81 0.0094 54861.45587878502 0.017606949779292336 3.0113244229530176e-09 1.2213333139621165e-11 0.5697884467226275 0.0012942016018305527 0.08739267344609465
2009Y CMFGEN 1.4 True 35675.945 81 0.0094 54856.893473165044 0.022152888919663383 9.539438757401907e-10 3.80045527853592e-12 0.23967335440961285 0.001258518284205672 0.08739267344609465
2009Y CMFGEN 1.7 True 119930.5 81 0.0094 54860.55383411361 0.019232832910347497 3.301842861852137e-09 1.4314536302273708e-11 0.6175565756417538 0.0013935243292401704 0.08739267344609465
2009aa CMFGEN 1.02 True 19698.398 57 0.0273 54859.99583790397 0.014953349753341172 6.828395574042282e-11 3.705297622307601e-13 0.08990865118267005 0.0016849622900356159 0.029208185622029807
2009aa CMFGEN 1.04 True 25112.81 57 0.0273 54862.46943056275 0.012456649183150148 1.1001549263918388e-10 6.030323171977578e-13 0.22806941529504354 0.0016959174428469376 0.029208185622029807
2009aa CMFGEN 1.4 True 17404.54 57 0.0273 54858.63305345763 0.01627896952049923 5.023394913421865e-11 2.689689351632219e-13 -0.0052292479391716305 0.0016648379094588075 0.029208185622029807
2009aa CMFGEN 1.7 True 36873.9 57 0.0273 54861.41118015695 0.013338932731130626 1.0066040434766512e-10 5.628306833406605e-13 0.2106755835550828 0.0017313664505174135 0.029208185622029807
2009ab CMFGEN 1.02 True 18182.205 27 0.0112 54865.07254554653 0.019313437838718528 4.3921288298727007e-10 2.629080535292358e-12 0.21510578848949016 0.0020763873514377785 0.18405555183859043
2009ab CMFGEN 1.04 True 22701.07 27 0.0112 54867.86525515689 0.016425946552772075 7.501259240285475e-10 4.4568821887758295e-12 0.3719349429664478 0.002046780423616905 0.18405555183859043
2009ab CMFGEN 1.4 True 15154.165 27 0.0112 54863.47263845182 0.02027308867764077 3.037949862361511e-10 1.7726244289709943e-12 0.0973825472302952 0.0020220806775146497 0.18405555183859043
2009ab CMFGEN 1.7 True 31561.756 27 0.0112 54866.964333524804 0.017344627045531524 7.215636304039337e-10 4.378461325540825e-12 0.371586099422969 0.002094695759441618 0.18405555183859043
2009ad CMFGEN 1.02 True 7424.01 33 0.0284 54868.35137951739 0.020414985330717172 7.05566827328666e-11 4.656199500781828e-13 0.03331926848711304 0.002072607372251856 0.09604962160081496
2009ad CMFGEN 1.04 True 17094.154 33 0.0284 54870.91494094979 0.018085222749505192 1.1516447248322191e-10 7.841149480110667e-13 0.17994236359290955 0.002124504359859095 0.09604962160081496
2009ad CMFGEN 1.4 True 4687.0513 33 0.0284 54866.88389633897 0.022062822496081935 5.056273903315211e-11 3.2766699783325243e-13 -0.0700838133993248 0.0020364262991746126 0.09604962160081496
2009ad CMFGEN 1.7 True 20387.914 33 0.0284 54869.937096678885 0.018877240388974315 1.0310105453947353e-10 7.095612544295333e-13 0.1510241473361986 0.0021473419906571528 0.09604962160081496
2009ag CMFGEN 1.02 True 28354.64 51 0.0086 54872.32760793087 0.03698623047603178 1.3093826227366923e-09 7.105282365651105e-12 0.5403107477014518 0.0018405631677522421 0.21795939846193027
2009ag CMFGEN 1.04 True 38474.098 51 0.0086 54875.44510889944 0.04007885977989645 2.585276183090787e-09 1.3664609752417256e-11 0.731651290796155 0.0017100082683327521 0.21795939846193027
2009ag CMFGEN 1.4 True 22558.598 51 0.0086 54871.00522110489 0.03634159605644527 7.574674176196971e-10 3.9158942320656235e-12 0.37056606296306915 0.0017917220447532867 0.21795939846193027
2009ag CMFGEN 1.7 True 56085.816 51 0.0086 54875.125177004345 0.04652736651041778 2.969385366655635e-09 1.7607441483178818e-11 0.804703221769679 0.00185307900728453 0.21795939846193027
2009al CMFGEN 1.02 True 6671.588 37 0.0221 54879.84043508332 0.07886627290281467 2.2481237630535222e-10 2.8224873687827168e-12 0.4676435892169361 0.004035464685166041 0.021173943720526493
2009al CMFGEN 1.04 True 6952.9653 37 0.0221 54883.277900026886 0.07159978890922503 5.030482333287748e-10 6.176215700783028e-12 0.6999088698369664 0.003812320625581788 0.021173943720526493
2009al CMFGEN 1.4 True 5450.6914 37 0.0221 54878.68757579647 0.07149076976929791 1.151748076518532e-10 1.3967692928615516e-12 0.26262979060286873 0.003961191262219547 0.021173943720526493
