results/band_fits/u_g_r_J_H.ecsv
# %ECSV 0.9
# ---
# datatype:
# - {name: object ID, datatype: string}
# - {name: model, datatype: string}
# - {name: version, datatype: string}
# - {name: success, datatype: bool}
# - {name: chisq, datatype: float32}
# - {name: ndof, datatype: int32}
# - {name: z, datatype: float64}
# - {name: t0, datatype: float64}
# - {name: t0_err, datatype: float64}
# - {name: x0, datatype: float64}
# - {name: x0_err, datatype: float64}
# - {name: hostebv, datatype: float64}
# - {name: hostebv_err, datatype: float64}
# - {name: mwebv, datatype: float64}
# meta:
#   bands: [csp_dr3_u, csp_dr3_g, csp_dr3_r, csp_dr3_J, csp_dr3_H]
# schema: astropy-2.0
"object ID" model version success chisq ndof z t0 t0_err x0 x0_err hostebv hostebv_err mwebv
[from data line 85]
2006bt CMFGEN 1.04 True 30822.295 46 0.0322 53822.673705169545 0.07727768322365591 2.6900672393276033e-10 2.7834434028746025e-12 0.3552487067932445 0.0031635184614547916 0.04305211789801481
2006bt CMFGEN 1.7 True 35714.71 46 0.0322 53820.0648245853 0.1545757334861264 3.4352263488473085e-10 5.2847413068269545e-12 0.4323660533444238 0.003721921228551557 0.04305211789801481
2006ej CMFGEN 1.02 True 14531.716 27 0.0205 53957.79636071018 0.07152985186985461 2.572593153464355e-10 4.439218296190985e-12 0.44887362186514496 0.0053821317849928295 0.030216198315927072
2006ej CMFGEN 1.4 True 13534.604 27 0.0205 53956.580299500005 0.07415464337100275 1.236194873958418e-10 2.20297814835723e-12 0.21800170979575975 0.00555406949914591 0.030216198315927072
2006ej CMFGEN 1.7 True 18483.2 27 0.0205 53960.00552917257 0.0797619458680856 8.7772057776477e-10 1.5962754236694694e-11 0.8391452145126559 0.005401709971265963 0.030216198315927072
2006eq CMFGEN 1.02 True 3047.3564 38 0.0495 53957.037323113684 0.1905993820655567 6.049295994794234e-11 1.5562542674383935e-12 0.7230796070997075 0.009554024027928317 0.04124082407613607
2006eq CMFGEN 1.04 True 2322.4297 38 0.0495 53962.90270573644 0.15938118034682702 1.2756431702419312e-10 3.1067061750901017e-12 0.9885601012895867 0.008833004877490846 0.04124082407613607
2006eq CMFGEN 1.4 True 3108.8616 38 0.0495 53954.37137314601 0.17429585607533227 2.992407698192177e-11 8.054321408806901e-13 0.4788000116388409 0.010084197440512092 0.04124082407613607
2006eq CMFGEN 1.7 True 2627.518 38 0.0495 53961.772505903304 0.16254967258282704 1.4145483674087746e-10 3.771676625547938e-12 1.0374852855662253 0.009382843366429727 0.04124082407613607
2006et CMFGEN 1.02 True 174474.92 128 0.0226 53951.803929681526 0.04586418050166685 7.32117979922767e-10 4.480997277827522e-12 0.5342660437974693 0.0021125372605594237 0.016484083652199933
2006et CMFGEN 1.04 True 37966.215 128 0.0226 53978.90113605116 0.01704920168413082 5.965436701784125e-10 3.563119960124364e-12 0.6259015305813118 0.002060498496464213 0.016484083652199933
2006et CMFGEN 1.4 True 22929.041 128 0.0226 53974.86891619495 0.021348604448576225 2.2738952949955108e-10 1.3453054042175278e-12 0.34770792739721 0.00205145677765741 0.016484083652199933
2006et CMFGEN 1.7 True 54630.727 128 0.0226 53978.13249919532 0.018020057086687302 6.001808330467569e-10 3.7040414190218494e-12 0.6455547837264842 0.002132076493753745 0.016484083652199933
2006gj CMFGEN 1.02 True 6112.392 55 0.0284 53979.851156624 0.0859793832169089 6.241564733419123e-11 9.933892851778256e-13 0.4077234447094862 0.005369262928806134 0.07245814932372446
2006gj CMFGEN 1.04 True 4083.2412 55 0.0284 53984.108153851535 0.06958828438655473 1.0952297700223869e-10 1.711689965522674e-12 0.5849515465881424 0.005316568285506708 0.07245814932372446
2006gj CMFGEN 1.4 True 7397.6875 55 0.0284 53977.608599814914 0.0888515636070224 3.948198569252545e-11 6.318623823061939e-13 0.25954773053485497 0.005409144599544682 0.07245814932372446
2006gj CMFGEN 1.7 True 5551.951 55 0.0284 53982.75635093154 0.07453014909333433 1.1581309617114106e-10 1.8724820340160276e-12 0.608385809816365 0.00550552141093385 0.07245814932372446
2006gt CMFGEN 1.02 True 5601.1694 38 0.0448 53982.28335757077 0.09712377318282961 2.1955099322980195e-11 4.1359711740125326e-13 0.2597376337588831 0.0060993774518432985 0.03203576638201347
2006gt CMFGEN 1.04 True 4705.3535 38 0.0448 53986.74720168244 0.08257382160081761 3.728717947590618e-11 6.762316184522347e-13 0.43473296403302997 0.0059453905955855575 0.03203576638201347
2006gt CMFGEN 1.4 True 5934.353 38 0.0448 53980.107080222675 0.10049483575494378 1.4244868163144538e-11 2.7469735998803224e-13 0.11715150465683119 0.006271297167511177 0.03203576638201347
2006gt CMFGEN 1.7 True 5784.1978 38 0.0448 53985.22982460437 0.08322108489301172 3.76185648867297e-11 7.012310758961552e-13 0.4426872025931197 0.00607889974881683 0.03203576638201347
2006hb CMFGEN 1.02 True 38341.996 86 0.0153 53985.88257853513 0.047415379507583566 4.4295730318426827e-10 3.4493635929184504e-12 0.5766675103216284 0.0025729704709770867 0.023450809335250816
2006hb CMFGEN 1.04 True 28334.727 86 0.0153 53989.34664383019 0.047588355191692244 9.258127852789697e-10 7.024496395871585e-12 0.7832087071500708 0.002390318535994969 0.023450809335250816
2006hb CMFGEN 1.4 True 43346.418 86 0.0153 53984.578744339706 0.04559896191130974 2.2490088943509303e-10 1.7596803312461048e-12 0.3725734327519193 0.0026387863419526777 0.023450809335250816
2006hb CMFGEN 1.7 True 34970.098 86 0.0153 53988.15627654494 0.04780625846615294 1.2317691666535633e-09 1.044864004330926e-11 0.8894912199180768 0.002601219361158075 0.023450809335250816
2006hx CMFGEN 1.02 True 1975.1726 35 0.0455 54003.55188619745 0.07989550639103982 8.888144600809413e-11 1.5458853144632703e-12 0.5421237747079652 0.006305923978304157 0.02579641377817784
2006hx CMFGEN 1.04 True 2854.517 35 0.0455 54005.96691860143 0.07288133800102514 1.4985591128478442e-10 2.505760733187245e-12 0.680630862446777 0.005956092823764466 0.02579641377817784
2006hx CMFGEN 1.4 True 1983.0524 35 0.0455 54001.931429021126 0.07933453023360926 5.884930562206204e-11 1.0942399402665594e-12 0.4149992469694378 0.006696434476517273 0.02579641377817784
2006hx CMFGEN 1.7 True 4621.8677 35 0.0455 54005.28454856789 0.08042213407316012 1.2996170891817465e-10 2.410317736054008e-12 0.659943020340048 0.006637170809327083 0.02579641377817784
2006is CMFGEN 1.02 True 15734.969 81 0.031 53993.54262014243 0.04600805652080453 1.3635799484394855e-10 7.985303106642909e-13 0.2972426935419967 0.001941743049632587 0.028965576049208273
2006is CMFGEN 1.04 True 36018.355 81 0.031 53996.564596129836 0.05884066894213902 2.557133999483134e-10 1.5452747741910148e-12 0.47614484251648403 0.0019048819796246147 0.028965576049208273
2006is CMFGEN 1.4 True 13598.624 81 0.031 53992.509913963775 0.0410543911420973 7.755503715865625e-11 4.548543177607843e-13 0.1323452433954044 0.0019895512612600843 0.028965576049208273
2006is CMFGEN 1.7 True 55682.355 81 0.031 53995.79285189226 0.05672523787507089 2.6748018726056445e-10 1.7464851232498593e-12 0.5078396260073745 0.0020157926057508746 0.028965576049208273
2006kf CMFGEN 1.02 True 36262.535 87 0.0213 54021.08215786915 0.03861619004237582 2.3846300210557744e-10 2.0596163926939806e-12 0.4462691026239258 0.0031237933274578973 0.2111548865539906
2006kf CMFGEN 1.04 True 32120.424 87 0.0213 54025.264599507755 0.02813538564078044 4.4001710952489346e-10 3.6323871196979326e-12 0.6267690170910897 0.0029684087292554716 0.2111548865539906
2006kf CMFGEN 1.4 True 39607.363 87 0.0213 54018.94646174485 0.039545173742226325 1.3810591090097007e-10 1.2487450269996668e-12 0.2681438548881639 0.003237448039988376 0.2111548865539906
2006kf CMFGEN 1.7 True 39002.848 87 0.0213 54024.41153100554 0.029578458386822604 4.795018795660763e-10 3.94869829078457e-12 0.6707052232416094 0.0029734557286778714 0.2111548865539906
2006mr CMFGEN 1.02 True 83093.086 105 0.0059 54031.50923377517 0.043692001316230744 1.6891817634255401e-09 1.1720287944300145e-11 0.8692130597033022 0.0026497655953274463 0.01798173198598729
2006mr CMFGEN 1.04 True 67377.47 105 0.0059 54035.91575361639 0.028885945390356937 3.826465871351286e-09 2.3169679879106874e-11 1.1040676392599467 0.002287008816292622 0.01798173198598729
2006mr CMFGEN 1.4 True 92709.28 105 0.0059 54028.49968958974 0.05265775183943333 9.979714845521548e-10 7.700921055734315e-12 0.6984545709719119 0.0029061414311915466 0.01798173198598729
2006ob CMFGEN 1.02 True 3304.7942 24 0.0592 54041.4615500893 0.12091260770830559 1.4202604846897998e-11 3.745048248182525e-13 0.1522312592415798 0.008722578244797686 0.028481219035194537
2006ob CMFGEN 1.04 True 3444.9802 24 0.0592 54046.168046157094 0.0959640633991512 2.903447628874571e-11 7.24205092986391e-13 0.3883208442981396 0.008250015054393583 0.028481219035194537
2006ob CMFGEN 1.4 True 3096.5981 24 0.0592 54039.34119602897 0.1253752018274099 8.306592157664213e-12 2.311206601291039e-13 -0.02335433792555966 0.009141796451147287 0.028481219035194537
2006ob CMFGEN 1.7 True 4152.8423 24 0.0592 54045.013640463796 0.09941578369034687 2.831821259238611e-11 7.242383839381553e-13 0.3895048518651886 0.00843192408515282 0.028481219035194537
2006os CMFGEN 1.02 True 4285.8916 46 0.0328 54045.81012799412 0.08175590308383107 1.596425866640776e-10 1.8252519170503872e-12 0.69890604638536 0.004044914089431117 0.12540838006801724
2006os CMFGEN 1.04 True 6187.8496 46 0.0328 54050.58544046342 0.06450827745720744 2.5956496632712307e-10 2.857525700120873e-12 0.8579469733751316 0.003909809055611687 0.12540838006801724
2006os CMFGEN 1.4 True 4173.3516 46 0.0328 54043.88011342128 0.08231343280203873 1.0317449730609277e-10 1.2392844986209725e-12 0.5562972504734011 0.004318091117806356 0.12540838006801724
2006os CMFGEN 1.7 True 7794.0864 46 0.0328 54049.930510782564 0.060243497187912 2.7352651503469565e-10 3.0756737869004105e-12 0.8902558258239972 0.003991963896463645 0.12540838006801724
2006ot CMFGEN 1.02 True 4384.1987 45 0.0531 54047.99273059827 0.0904241728312627 4.863217819836227e-11 7.985200120572135e-13 0.4526152314741148 0.005629499505232524 0.015213385022200876
2006ot CMFGEN 1.04 True 7253.9736 45 0.0531 54030.58558328048 0.1777832762527396 1.5111540133181706e-10 2.7834448312835572e-12 0.48043285554635556 0.005779207414067832 0.015213385022200876
2006ot CMFGEN 1.7 True 7573.637 45 0.0531 54050.82747570252 0.07702028256608173 6.980911459331093e-11 1.2087389201480117e-12 0.5779520874997353 0.005876380196227951 0.015213385022200876
2007A CMFGEN 1.02 True 15395.137 29 0.0177 54053.71513383495 0.3253661147864477 5.474800081735626e-10 1.1051493621357572e-11 -0.016894240737687822 0.004526861803583357 0.06339063743510513
2007A CMFGEN 1.04 True 5169.315 29 0.0177 54098.156821899895 0.030505053910019342 3.485147767308248e-10 3.504908922373438e-12 0.36257171891256523 0.0035440870331217462 0.06339063743510513
2007A CMFGEN 1.4 True 14334.666 29 0.0177 54051.04211164649 0.3154533289525716 2.7677929041567536e-10 5.3934562846598315e-12 -0.23595074539615396 0.0045752094860089165 0.06339063743510513
2007A CMFGEN 1.7 True 4981.2627 29 0.0177 54097.22300477188 0.030837165719276527 3.0242488552280164e-10 3.000223168722287e-12 0.31913293787076774 0.0034826067027799016 0.06339063743510513
2007N CMFGEN 1.02 True 31451.172 69 0.0129 54105.5286789721 0.05362373688694788 7.944047704372576e-10 6.6322803366648286e-12 1.334926696603154 0.003221170522137544 0.03466644583272683
2007N CMFGEN 1.04 True 18869.125 69 0.0129 54108.920325939 0.049429545797465835 1.4251122660144488e-09 1.0610412597233333e-11 1.4929719580097605 0.002937410000921712 0.03466644583272683
2007N CMFGEN 1.4 True 40418.29 69 0.0129 54103.441581685205 0.06148874467544374 5.424242072867045e-10 4.952204383377786e-12 1.2251784070168814 0.003564386606830677 0.03466644583272683
2007N CMFGEN 1.7 True 16984.998 69 0.0129 54107.72978428967 0.05014921602560207 1.8041956504567126e-09 1.4843401903969326e-11 1.5793388310165433 0.0030777321607889045 0.03466644583272683
2007S CMFGEN 1.02 True 185478.06 111 0.0139 54099.85433440423 0.044412343835574575 2.3485540171636653e-09 1.047849931904681e-11 0.7893888969099889 0.001816291092280381 0.023917370294342193
2007S CMFGEN 1.04 True 35846.16 111 0.0139 54129.10070804126 0.014462091923633125 2.1165782120753956e-09 8.021249651402954e-12 0.9058098741225594 0.0014129279193696013 0.023917370294342193
2007S CMFGEN 1.4 True 189389.16 111 0.0139 54099.02649579983 0.05627993561211042 1.4332793526172266e-09 6.7856372553372046e-12 0.6662771486879346 0.0019076187557178984 0.023917370294342193
2007S CMFGEN 1.7 True 63952.31 111 0.0139 54128.54506377522 0.015672899564378895 2.0843072184750816e-09 8.344767485347272e-12 0.9191824772643424 0.0014808157078721558 0.023917370294342193
2007af CMFGEN 1.02 True 72471.39 170 0.0055 54157.256139401085 0.012179236342490185 6.294708355310498e-09 1.3282935269047047e-11 0.6782919490135612 0.0008807351275055051 0.03369874683150666
2007af CMFGEN 1.04 True 78814.55 170 0.0055 54159.652404029686 0.00859064603355364 1.1475569214857072e-08 2.32208613218189e-11 0.820186441299074 0.0008178406864560052 0.03369874683150666
2007af CMFGEN 1.4 True 82980.78 170 0.0055 54155.431126912044 0.014863473577861441 4.286048757492684e-09 9.425156140234994e-12 0.572703633919175 0.0009295138192265008 0.03369874683150666
2007af CMFGEN 1.7 True 144448.1 170 0.0055 54159.371964767306 0.009102667852857849 1.1693916583152475e-08 2.374511708669669e-11 0.8468364171782576 0.0008083070230709702 0.03369874683150666
2007ai CMFGEN 1.02 True 4035.0464 51 0.0317 54156.69773542631 0.08294242324700463 1.581787329243088e-10 2.2507878247836897e-12 0.5418055807333535 0.004890801645199529 0.28493849738385585
2007ai CMFGEN 1.04 True 5314.275 51 0.0317 54160.54230390768 0.06575464388515684 2.5934520501134724e-10 3.7337844859045476e-12 0.6949430016637164 0.004949396390979846 0.28493849738385585
2007ai CMFGEN 1.4 True 4217.855 51 0.0317 54154.84095664314 0.08591687984880991 1.0526850697631236e-10 1.5847815098375044e-12 0.4105819680416919 0.005207692081230574 0.28493849738385585
2007ai CMFGEN 1.7 True 5957.7485 51 0.0317 54159.57882924073 0.066128449041571 2.4927622201300043e-10 3.4868771471954467e-12 0.6937399429288039 0.004782202285313778 0.28493849738385585
2007al CMFGEN 1.02 True 18081.652 54 0.0122 54150.31865003558 0.13471286792264436 6.594110882194332e-10 1.1088592252507159e-11 1.15400965567199 0.006444794827943584 0.03612839183245699
2007al CMFGEN 1.04 True 11599.18 54 0.0122 54155.86434561232 0.09054397713043727 1.2249826403415729e-09 1.6920252012794705e-11 1.3393800673643406 0.00570718849336236 0.03612839183245699
2007al CMFGEN 1.4 True 22088.074 54 0.0122 54147.46303797622 0.11412691836812883 4.3987017376925994e-10 8.77958379793354e-12 1.0306382174907542 0.007866606027351146 0.03612839183245699
2007al CMFGEN 1.7 True 9807.231 54 0.0122 54154.31202492654 0.09943391256820178 1.5393347663146242e-09 2.133422401888045e-11 1.418115583058486 0.005180112941947086 0.03612839183245699
2007as CMFGEN 1.02 True 28094.076 72 0.0176 54163.110674284966 0.03949032343734871 4.018513442541105e-10 2.7569268772468655e-12 0.4483944925118933 0.002358160303008747 0.12248805092706036
2007as CMFGEN 1.04 True 27384.047 72 0.0176 54166.78192617636 0.03572715319751296 7.041682400056886e-10 4.720544175887695e-12 0.6087842537396233 0.0022953295615224852 0.12248805092706036
2007as CMFGEN 1.4 True 32117.635 72 0.0176 54161.67484258317 0.038651209346426185 2.2740188531676756e-10 1.5852109708707384e-12 0.2732696541166623 0.0024086694995377796 0.12248805092706036
2007as CMFGEN 1.7 True 41155.08 72 0.0176 54165.6858617444 0.037910225702944444 8.138859762422328e-10 5.540222080983609e-12 0.6710844925226207 0.0023077904872345137 0.12248805092706036
2007ax CMFGEN 1.02 True 23126.402 43 0.0069 54168.338014891175 0.05540641197148943 6.452861846599968e-10 7.426105014553226e-12 0.7247789133845606 0.004126521663083822 0.046269740179905226
2007ax CMFGEN 1.04 True 13202.721 43 0.0069 54172.511820324675 0.03909336646393058 1.3169004737601876e-09 1.5070945578005354e-11 0.9406743329953288 0.00413867714450025 0.046269740179905226
2007ax CMFGEN 1.4 True 26871.2 43 0.0069 54164.68143838093 0.08236904709337978 3.898425690006494e-10 4.512307760969287e-12 0.5459887212571566 0.0041255490884028545 0.046269740179905226
2007ax CMFGEN 1.7 True 13343.222 43 0.0069 54171.40705890541 0.04257482135290047 1.5244498843844246e-09 1.8044572501337454e-11 0.9970881051916014 0.0042938639745431495 0.046269740179905226
2007ba CMFGEN 1.02 True 7947.038 50 0.0385 54177.26713112867 0.06417282284019166 1.0620354479230171e-10 2.0425343154881846e-12 0.6568921829441362 0.006177730404863601 0.03157813338813755
2007ba CMFGEN 1.04 True 7275.103 50 0.0385 54181.111514460325 0.05382283752624062 1.775620478151584e-10 3.445953947845176e-12 0.8125406084361828 0.006199337208394092 0.03157813338813755
