results/band_fits/u_g_r_Ydw_H.ecsv
# %ECSV 0.9
# ---
# datatype:
# - {name: object ID, datatype: string}
# - {name: model, datatype: string}
# - {name: version, datatype: string}
# - {name: success, datatype: bool}
# - {name: chisq, datatype: float32}
# - {name: ndof, datatype: int32}
# - {name: z, datatype: float64}
# - {name: t0, datatype: float64}
# - {name: t0_err, datatype: float64}
# - {name: x0, datatype: float64}
# - {name: x0_err, datatype: float64}
# - {name: hostebv, datatype: float64}
# - {name: hostebv_err, datatype: float64}
# - {name: mwebv, datatype: float64}
# meta:
#   bands: [csp_dr3_u, csp_dr3_g, csp_dr3_r, csp_dr3_Ydw, csp_dr3_H]
# schema: astropy-2.0
"object ID" model version success chisq ndof z t0 t0_err x0 x0_err hostebv hostebv_err mwebv
[from data line 257]
2008fu CMFGEN 1.7 True 5868.957 42 0.052 54720.472789940555 0.1598344740232278 8.765670644623068e-11 1.8171036962705414e-12 0.7201293770375865 0.006946736315750193 0.018833736613107027
2008fw CMFGEN 1.02 True 29379.195 73 0.0085 54717.29620053878 0.042775125919433776 1.5352161818042734e-09 6.2687489435722845e-12 0.442834053605062 0.0013774749728242247 0.11159617552698833
2008fw CMFGEN 1.04 True 55654.18 73 0.0085 54715.34517844542 0.036757553683855804 4.066279910710505e-09 1.7926199611175882e-11 0.6491068863626709 0.0013262497502236914 0.11159617552698833
2008fw CMFGEN 1.4 True 18854.426 73 0.0085 54717.05559476517 0.034186607157607796 8.392717204675915e-10 3.3686289307785603e-12 0.2733947496268329 0.0014035748961912125 0.11159617552698833
2008fw CMFGEN 1.7 True 90630.195 73 0.0085 54710.961996984464 0.060996121712378226 8.838099314210317e-09 5.736901009985377e-11 0.8781954702564585 0.0017009911127619124 0.11159617552698833
2008gg CMFGEN 1.02 True 21089.225 85 0.032 54733.23666767678 0.050614930034498684 1.3293255408757332e-10 6.516124775096234e-13 0.3738927702137542 0.0015969135820078067 0.02120202873332347
2008gg CMFGEN 1.04 True 33232.53 85 0.032 54736.48110771863 0.06545475085295038 2.820477899710959e-10 1.5079900308335244e-12 0.5990023913742818 0.0016290958339624233 0.02120202873332347
2008gg CMFGEN 1.4 True 17217.033 85 0.032 54732.30713947921 0.043397336197813274 7.846393356057352e-11 3.7847093120686906e-13 0.218264700711148 0.0016506387186377492 0.02120202873332347
2008gg CMFGEN 1.7 True 46505.746 85 0.032 54735.80530493174 0.05599438237186405 2.8917064608405775e-10 1.7269931659015483e-12 0.6274514146246617 0.0016966821241484625 0.02120202873332347
2008hj CMFGEN 1.02 True 52909.387 51 0.0379 54760.81250982817 0.08653596342992387 4.2887089303063467e-11 2.89836914269667e-13 -0.2163626663651496 0.0026065166507389945 0.03086168432817931
2008hj CMFGEN 1.04 True 7977.4844 51 0.0379 54786.06037867255 0.021637382600601995 7.855347033007867e-11 4.965458995955871e-13 0.2478105820970578 0.0019853986842667706 0.03086168432817931
2008hj CMFGEN 1.4 True 56114.12 51 0.0379 54759.96548301073 0.07609889884770382 2.171811263005721e-11 1.515810429570229e-13 -0.4146408116790759 0.0026737792579238228 0.03086168432817931
2008hj CMFGEN 1.7 True 47324.176 51 0.0379 54753.797878786165 0.12871489706230932 2.2865420455770076e-10 2.333440877473971e-12 0.18063989999807153 0.002352843410295651 0.03086168432817931
2008hu CMFGEN 1.02 True 5753.798 37 0.0497 54784.76708016938 0.10407475125975907 3.096201344650951e-11 4.2032737579903677e-13 0.2894845492645334 0.004879162237485069 0.09234704414548399
2008hu CMFGEN 1.04 True 6638.616 37 0.0497 54790.05733215591 0.07860966360749444 6.154212660021946e-11 8.071784140882014e-13 0.5295120057403196 0.0044889029045106985 0.09234704414548399
2008hu CMFGEN 1.7 True 7636.778 37 0.0497 54789.05598252025 0.07658771127171349 5.835233967991634e-11 7.784927285996455e-13 0.5248457831132134 0.004482991987430363 0.09234704414548399
2008hv CMFGEN 1.02 True 345514.44 93 0.0126 54772.697296876344 0.031196909745631274 3.7405540643527696e-10 1.591895576427006e-12 0.08764961445291274 0.001544720194253803 0.02743585979989673
2008hv CMFGEN 1.04 True 71448.9 93 0.0126 54801.78000910322 0.007058921215502778 1.0130977185513327e-09 4.86325258711826e-12 0.5249696911405559 0.0015775578254666215 0.02743585979989673
2008hv CMFGEN 1.4 True 348294.62 93 0.0126 54771.564699240145 0.03333959611336468 2.1386989473532736e-10 9.193169947359715e-13 -0.07047086698313706 0.0015790676405366938 0.02743585979989673
2008hv CMFGEN 1.7 True 107150.72 93 0.0126 54801.12765256544 0.008601793786510825 9.716354221996427e-10 5.207775856113196e-12 0.5294763104210282 0.0017561492860431668 0.02743585979989673
2008ia CMFGEN 1.02 True 24704.246 76 0.0219 54793.39346135342 0.04784783754075761 2.783614832310438e-10 1.4404860489008446e-12 0.43382745923612814 0.0019460234389200048 0.19479143249257042
2008ia CMFGEN 1.04 True 30543.633 76 0.0219 54797.82995971962 0.03715934060892323 6.336105605257952e-10 3.348118927573808e-12 0.6976646832211577 0.0020546868438746408 0.19479143249257042
2008ia CMFGEN 1.4 True 24327.795 76 0.0219 54791.580903342045 0.0467187107205973 1.6825735171616558e-10 8.699633782081149e-13 0.26829071723330145 0.0019156460212164327 0.19479143249257042
2008ia CMFGEN 1.7 True 66432.945 76 0.0219 54797.13228520162 0.043763911078713136 1.3065390744139486e-09 1.0296850767185836e-11 0.9796538135280367 0.0032092698773725477 0.19479143249257042
2009D CMFGEN 1.04 True 53924.492 79 0.025 54826.07398424274 0.015596970228216378 2.8365575302754233e-10 1.2096134756995665e-12 0.345348140839116 0.0013620043633730409 0.04553556357655682
2009D CMFGEN 1.4 True 23845.945 79 0.025 54821.25401562422 0.01934945714310743 1.0292505271008579e-10 4.282537544686257e-13 0.03421195388983853 0.0013323743894535123 0.04553556357655682
2009D CMFGEN 1.7 True 73242.914 79 0.025 54824.92221220074 0.016577946586039616 2.6441986443959994e-10 1.1703918270924546e-12 0.33405538808526 0.0014195647377406532 0.04553556357655682
2009F CMFGEN 1.02 True 64785.082 57 0.013 54804.35524184088 0.04342525204992853 4.838018078329045e-10 3.852266903823723e-12 0.6603676755633424 0.003266487063232524 0.08942501844180814
2009F CMFGEN 1.04 True 50356.207 57 0.013 54827.613513682605 0.022529189576744102 5.001993064536015e-10 4.318167262247355e-12 0.8698581760959501 0.0031560656067991574 0.08942501844180814
2009F CMFGEN 1.4 True 72354.43 57 0.013 54804.60321161732 0.05552550840002368 2.632950399037244e-10 2.4435505286783093e-12 0.5056618563383652 0.003786182961105059 0.08942501844180814
2009F CMFGEN 1.7 True 55064.734 57 0.013 54826.60477285575 0.024380274844588712 4.4379501918592715e-10 3.783971353453471e-12 0.8381642682513123 0.0031156104271297435 0.08942501844180814
2009Y CMFGEN 1.02 True 64603.12 113 0.0094 54858.67848030159 0.020148651470663026 1.9447212949045706e-09 6.729298618401506e-12 0.4565510545221586 0.0011557877314860119 0.08739267344609465
2009Y CMFGEN 1.04 True 88639.44 113 0.0094 54861.81464534978 0.01695046359600383 3.894773323633554e-09 1.3129668636181438e-11 0.6519598261347779 0.001125468200869559 0.08739267344609465
2009Y CMFGEN 1.4 True 56776.555 113 0.0094 54856.908398154854 0.022155162594572175 1.2155758999704254e-09 4.205392173779371e-12 0.3155532272748231 0.0011446821219996833 0.08739267344609465
2009Y CMFGEN 1.7 True 146482.0 113 0.0094 54860.94068724089 0.018304256420378806 4.1594822654545e-09 1.4690331002133373e-11 0.6921691738209192 0.0011825287267307127 0.08739267344609465
2009aa CMFGEN 1.02 True 230452.66 95 0.0273 54823.316316017284 0.110813458031771 1.483051253029385e-10 1.159005367101622e-12 -0.005911002292850174 0.0018789727771463874 0.029208185622029807
2009aa CMFGEN 1.04 True 50341.773 95 0.0273 54862.67673912049 0.01195379751152359 1.547338524965902e-10 8.194137796268734e-13 0.33138513165966255 0.001713755781852589 0.029208185622029807
2009aa CMFGEN 1.4 True 243374.12 95 0.0273 54817.594329301406 0.12743417073579622 1.1065210392909289e-10 9.461199028298309e-13 -0.12104007432942948 0.002061609170058135 0.029208185622029807
2009aa CMFGEN 1.7 True 60461.848 95 0.0273 54861.67695914444 0.012637969088245882 1.4120532277696552e-10 7.439071871261008e-13 0.31316905784637744 0.0017058598721410025 0.029208185622029807
2009ag CMFGEN 1.02 True 57393.18 86 0.0086 54871.917217407026 0.05212574909455725 2.75625220609339e-09 8.566084547753506e-12 0.7928292929715924 0.001299724741747628 0.21795939846193027
2009ag CMFGEN 1.04 True 61396.367 86 0.0086 54874.37188534148 0.045452557256794535 5.116190126869134e-09 1.555414529973439e-11 0.9473008903486854 0.0011823426380926094 0.21795939846193027
2009ag CMFGEN 1.4 True 65940.45 86 0.0086 54870.7094988098 0.04572062829538481 1.736117795248056e-09 5.799572910532428e-12 0.6562247588738722 0.0013776626898437914 0.21795939846193027
2009ag CMFGEN 1.7 True 82520.055 86 0.0086 54873.75950330042 0.05298162718099775 5.81902479805279e-09 2.102443435099584e-11 1.0131662325424744 0.001088824116238663 0.21795939846193027
2009cz CMFGEN 1.02 True 35951.254 35 0.0211 54877.16101088381 0.5482502219274465 5.611249431087559e-10 1.57723116948604e-11 0.021039812927130065 0.004821497274765826 0.022280159832036444
2009cz CMFGEN 1.04 True 13059.336 35 0.0211 54928.27940560191 0.02852595833610394 2.9314000402567094e-10 2.416454937690139e-12 0.3412986793964916 0.0028220506601252062 0.022280159832036444
2009cz CMFGEN 1.4 True 36659.547 35 0.0211 54865.50370244366 0.4693349985682289 4.898438768471587e-10 1.0742104229473288e-11 -0.06903406616855406 0.004100855178101757 0.022280159832036444
2009cz CMFGEN 1.7 True 14004.576 35 0.0211 54927.44343198181 0.028900267076096497 2.6136813883318816e-10 2.1856697710703543e-12 0.3098914625233328 0.0028590992312810966 0.022280159832036444
2009dc CMFGEN 1.02 True 38341.46 50 0.0214 54930.47171999041 0.021737621344072977 4.695220974506498e-10 2.5524611151437565e-12 0.277004969538165 0.0019633185250811447 0.0601626563528406
2009dc CMFGEN 1.04 True 196209.14 50 0.0214 54975.91395 1.822227204684168e-07 2.5957675925490666e-10 1.80091495567566e-12 -2.638026247795115 0.002286929339821954 0.0601626563528406
2009dc CMFGEN 1.4 True 32957.156 50 0.0214 54928.75021495943 0.024288422479003202 3.0691681480356987e-10 1.6978522788861167e-12 0.1402138780574813 0.0019957634673892248 0.0601626563528406
2009ds CMFGEN 1.02 True 10661.417 37 0.0193 54898.831728913894 0.4173593824270938 4.6087483024514515e-10 1.0600809552485144e-11 -0.15561191000204846 0.00430286605974296 0.03346943379780617
2009ds CMFGEN 1.04 True 18557.783 37 0.0193 54975.855525 7.9921301221475e-07 8.681169744318952e-11 1.0432757096301396e-12 -3.034054459794222 0.0034274745917441322 0.03346943379780617
2009ds CMFGEN 1.4 True 10438.656 37 0.0193 54890.26558445663 0.46960807309733354 3.7050309195386334e-10 8.104215064163227e-12 -0.26404207769767296 0.004201231110033178 0.03346943379780617
2009ds CMFGEN 1.7 True 25915.338 37 0.0193 54975.85552499999 4.827423254027963e-06 1.708160130135965e-10 2.764495718438892e-12 -2.63828320793673 0.004773651224067644 0.03346943379780617
