results/band_fits/u_g_r_Y.ecsv
# %ECSV 0.9
# ---
# datatype:
# - {name: object ID, datatype: string}
# - {name: model, datatype: string}
# - {name: version, datatype: string}
# - {name: success, datatype: bool}
# - {name: chisq, datatype: float32}
# - {name: ndof, datatype: int32}
# - {name: z, datatype: float64}
# - {name: t0, datatype: float64}
# - {name: t0_err, datatype: float64}
# - {name: x0, datatype: float64}
# - {name: x0_err, datatype: float64}
# - {name: hostebv, datatype: float64}
# - {name: hostebv_err, datatype: float64}
# - {name: mwebv, datatype: float64}
# meta:
#   bands: [csp_dr3_u, csp_dr3_g, csp_dr3_r, csp_dr3_Y]
# schema: astropy-2.0
"object ID" model version success chisq ndof z t0 t0_err x0 x0_err hostebv hostebv_err mwebv
[from data line 343]
2009aa CMFGEN 1.04 True 49538.11 89 0.0273 54862.656495486335 0.012097248596546706 1.5863814111676124e-10 8.329315860119651e-13 0.33871187885933723 0.0017019406141034394 0.029208185622029807
2009aa CMFGEN 1.4 True 28327.986 89 0.0273 54858.73212087058 0.015889008951489814 6.678224216227233e-11 3.0646948482865334e-13 0.08098720694042694 0.0014991641310172926 0.029208185622029807
2009aa CMFGEN 1.7 True 71817.1 89 0.0273 54861.65774993664 0.012913327649584971 1.4086280203660922e-10 7.778029629141871e-13 0.31191914128940285 0.0017757509547362378 0.029208185622029807
2009ab CMFGEN 1.02 True 24986.117 41 0.0112 54865.26606252616 0.018696341881877743 6.276551038833999e-10 2.7074096771971984e-12 0.336941681069068 0.0016196137656239828 0.18405555183859043
2009ab CMFGEN 1.4 True 149806.12 41 0.0112 54840.55965374607 0.0628453168865235 3.405937515634576e-10 1.194095140023485e-12 -0.06325706155459138 0.0014918492938899776 0.18405555183859043
2009ab CMFGEN 1.7 True 51460.26 41 0.0112 54867.62416869505 0.016639080899039982 1.2305275601889413e-09 6.099925961473214e-12 0.5542186680417835 0.0018628445808479546 0.18405555183859043
2009ad CMFGEN 1.02 True 13769.991 55 0.0284 54868.47365135005 0.019662102200527443 8.896519089325071e-11 4.987176119813416e-13 0.1039706290188862 0.0018383709018532305 0.09604962160081496
2009ad CMFGEN 1.04 True 28505.219 55 0.0284 54871.173753874675 0.017158529943117173 1.6020834212079297e-10 1.0024555621288417e-12 0.2800645402456339 0.0020433867675758244 0.09604962160081496
2009ad CMFGEN 1.4 True 10423.309 55 0.0284 54866.93132059693 0.021422228459414328 6.190162974599267e-11 3.3755124409777247e-13 -0.008438111350286905 0.0017858099773378415 0.09604962160081496
2009ad CMFGEN 1.7 True 34956.344 55 0.0284 54870.24615692263 0.01764781189558562 1.4132548252094318e-10 8.995169352228109e-13 0.2463751083535303 0.002073172994989565 0.09604962160081496
2009ag CMFGEN 1.02 True 38110.78 83 0.0086 54872.17228326147 0.033434916211263044 1.5989521989465152e-09 3.9872725104788295e-12 0.6043885636870997 0.0010023383257031612 0.21795939846193027
2009ag CMFGEN 1.04 True 55063.684 83 0.0086 54874.5583576772 0.029459273217071313 3.6782505875503916e-09 1.0114643605652377e-11 0.8341178845189903 0.0009762693393029884 0.21795939846193027
2009ag CMFGEN 1.4 True 32166.354 83 0.0086 54870.875854810125 0.03468019394858857 1.011491474143729e-09 2.5160972789725634e-12 0.46496806985284944 0.0010514253885332296 0.21795939846193027
2009ag CMFGEN 1.7 True 109350.03 83 0.0086 54871.339639904436 0.03949963312697946 4.659267970393372e-09 1.9160402196721445e-11 0.8969671745281188 0.0011055873078693428 0.21795939846193027
2009al CMFGEN 1.02 True 7945.2773 51 0.0221 54879.53631240652 0.08251729067706037 2.8241122614693776e-10 1.735457178443965e-12 0.5359392454973945 0.002498323967676497 0.021173943720526493
2009al CMFGEN 1.04 True 9734.73 51 0.0221 54883.95192583608 0.06865251417184481 5.509365838013568e-10 3.3034540603233517e-12 0.7378922106381589 0.0023575506642925137 0.021173943720526493
2009al CMFGEN 1.4 True 7944.198 51 0.0221 54877.89242684978 0.06745677036087727 1.83388177738182e-10 1.206028568574203e-12 0.40045277995663836 0.002594644230252709 0.021173943720526493
2009al CMFGEN 1.7 True 15380.774 51 0.0221 54884.17270899721 0.04854829557007179 5.187103996296256e-10 3.2602925578246026e-12 0.7567901366393619 0.0025000554008417428 0.021173943720526493
2009cz CMFGEN 1.02 True 4376.0464 30 0.0211 54925.34144512802 0.03157806964372867 1.7964485086197054e-10 1.2348187527290175e-12 0.19232426290452326 0.0024257192440258427 0.022280159832036444
2009cz CMFGEN 1.04 True 12777.255 30 0.0211 54928.372625195465 0.027251673978753388 3.3271562112380096e-10 2.448107250499923e-12 0.38281973488830895 0.002590583038482447 0.022280159832036444
2009cz CMFGEN 1.4 True 37005.63 30 0.0211 54901.5209856067 0.10154409041933832 1.0588304970183908e-10 7.073231809363034e-13 -0.21834562212544395 0.002860869827552364 0.022280159832036444
2009cz CMFGEN 1.7 True 14238.064 30 0.0211 54927.66203146055 0.026748746986413607 2.953249652442181e-10 2.1691028923628532e-12 0.3496452410980424 0.0025848111666975297 0.022280159832036444
2009dc CMFGEN 1.02 True 35304.168 42 0.0214 54930.27378278316 0.023697254280705238 5.219383894377532e-10 2.213887302644677e-12 0.30999835651240193 0.0015851846798011274 0.0601626563528406
2009dc CMFGEN 1.04 True 66409.52 42 0.0214 54933.472032956284 0.018035495741060004 9.48052160760894e-10 4.417607022076039e-12 0.48833846684670024 0.0017039910048246131 0.0601626563528406
2009dc CMFGEN 1.4 True 26519.87 42 0.0214 54928.56454085745 0.02580966201276169 3.4522037337372785e-10 1.4866219809597023e-12 0.1774515368364265 0.0016226092274897088 0.0601626563528406
2009ds CMFGEN 1.02 True 653.98676 35 0.0193 54943.43030073607 0.04213973264631932 1.932402052156192e-10 1.2692584439868288e-12 0.132356541227998 0.001998167598280486 0.03346943379780617
2009ds CMFGEN 1.04 True 2120.619 35 0.0193 54946.66651339138 0.03369960129566607 3.7700233730152195e-10 2.7147932314195947e-12 0.3339721455767304 0.0022017916859548427 0.03346943379780617
2009ds CMFGEN 1.4 True 1080.4221 35 0.0193 54941.72588623105 0.045365852100076154 1.363712192975624e-10 8.73404714157865e-13 0.02268461514087048 0.0019463059091316985 0.03346943379780617
2009ds CMFGEN 1.7 True 1973.1676 35 0.0193 54945.649999613684 0.03343310167110758 3.3837758527773506e-10 2.427377223469216e-12 0.30243814909074246 0.002201001161052232 0.03346943379780617
2009le CMFGEN 1.02 True 2329.1094 28 0.0178 55148.28030462983 0.0161188064594171 2.745560542999337e-10 1.9704872172054064e-12 0.1943800811425516 0.001994275669837879 0.014164773316496019
2009le CMFGEN 1.04 True 2434.9585 28 0.0178 55149.59823666563 0.013386766386247473 3.315538665931387e-10 2.434510637623984e-12 0.2616913245090363 0.0020601768113810556 0.014164773316496019
2009le CMFGEN 1.4 True 1011.3745 28 0.0178 55147.11335187317 0.014991333049692912 2.1334329207070352e-10 1.545366716613442e-12 0.11134863659081656 0.002030421358326648 0.014164773316496019
2009le CMFGEN 1.7 True 2560.5444 28 0.0178 55148.82726231044 0.01472562246999587 3.0737909211078786e-10 2.2465067584500983e-12 0.2407882917165614 0.0020309004147460725 0.014164773316496019
