results/band_fits/u_g_r_J.ecsv
# %ECSV 0.9
# ---
# datatype:
# - {name: object ID, datatype: string}
# - {name: model, datatype: string}
# - {name: version, datatype: string}
# - {name: success, datatype: bool}
# - {name: chisq, datatype: float32}
# - {name: ndof, datatype: int32}
# - {name: z, datatype: float64}
# - {name: t0, datatype: float64}
# - {name: t0_err, datatype: float64}
# - {name: x0, datatype: float64}
# - {name: x0_err, datatype: float64}
# - {name: hostebv, datatype: float64}
# - {name: hostebv_err, datatype: float64}
# - {name: mwebv, datatype: float64}
# meta:
#   bands: [csp_dr3_u, csp_dr3_g, csp_dr3_r, csp_dr3_J]
# schema: astropy-2.0
"object ID" model version success chisq ndof z t0 t0_err x0 x0_err hostebv hostebv_err mwebv
[from data line 86]
2006ax CMFGEN 1.7 True 88270.45 94 0.0167 53810.97629671897 0.011590559279284207 9.012147504242968e-10 3.798525446167776e-12 0.5659895371901047 0.0014737383529670094 0.04323992187949964
2006bh CMFGEN 1.02 True 76527.06 72 0.0109 53814.20548717538 0.035482110808516154 9.773990634159384e-10 5.036124766229426e-12 0.4580074096148694 0.0017867272784165206 0.022862200011365373
2006bh CMFGEN 1.04 True 67686.89 72 0.0109 53818.22675831188 0.026443362974532647 1.9958849451359715e-09 9.775916005189925e-12 0.6699103723377879 0.0016724477271260246 0.022862200011365373
2006bh CMFGEN 1.4 True 78481.94 72 0.0109 53812.62430807744 0.03302844406061922 5.086992852288062e-10 2.617026828119089e-12 0.24933368404701525 0.0017857225194443309 0.022862200011365373
2006bh CMFGEN 1.7 True 89651.945 72 0.0109 53817.264503302125 0.030373347326531075 2.586730264580125e-09 1.3178679664592662e-11 0.7777181190922556 0.001700721168935086 0.022862200011365373
2006bt CMFGEN 1.02 True 5504.653 37 0.0322 53840.45665058879 0.04323080787435174 7.43153164861305e-11 6.621923289732748e-13 0.26013515615422367 0.003014040827656664 0.04305211789801481
2006bt CMFGEN 1.04 True 30511.686 37 0.0322 53822.705666458285 0.07772131893216283 2.640531982345262e-10 2.7334313076400384e-12 0.3496032854620196 0.0031557126611958097 0.04305211789801481
2006bt CMFGEN 1.4 True 3570.84 37 0.0322 53838.363420663976 0.04770899994036881 5.302128053665289e-11 4.742342820611025e-13 0.14625543851038778 0.003049410304910237 0.04305211789801481
2006bt CMFGEN 1.7 True 35156.957 37 0.0322 53820.160018704075 0.15227270093237166 3.363969522400864e-10 5.112319782910397e-12 0.4268052610892306 0.0036866149243844097 0.04305211789801481
2006ej CMFGEN 1.02 True 14348.151 25 0.0205 53957.85446903103 0.07203512323394534 2.451030966904484e-10 4.312294996362259e-12 0.43441122551070427 0.005469149381339936 0.030216198315927072
2006ej CMFGEN 1.04 True 13022.873 25 0.0205 53961.401631197215 0.06920901954435976 5.742109126943904e-10 9.30817390364497e-12 0.6844713211162108 0.00496098893799154 0.030216198315927072
2006ej CMFGEN 1.4 True 13229.34 25 0.0205 53956.62623609135 0.07424264996006968 1.179740497252106e-10 2.114137867031269e-12 0.20397358295469287 0.005571127427998665 0.030216198315927072
2006ej CMFGEN 1.7 True 18288.312 25 0.0205 53960.08048494739 0.07960728163379827 8.382615499211799e-10 1.5560225428055595e-11 0.8256421909878655 0.005506882916891221 0.030216198315927072
2006eq CMFGEN 1.02 True 3011.6 35 0.0495 53957.002612548546 0.19055863230823888 5.95231304321993e-11 1.5340431884867675e-12 0.7168350801854253 0.009565273497233422 0.04124082407613607
2006eq CMFGEN 1.04 True 2295.2456 35 0.0495 53962.8876891815 0.15906193328191875 1.2583251650996072e-10 3.078395742973927e-12 0.9834903648366655 0.008864789479038977 0.04124082407613607
2006eq CMFGEN 1.4 True 3056.6638 35 0.0495 53954.33004432001 0.1743834092776524 2.941599144952755e-11 7.898623693890768e-13 0.4721716813911597 0.01004754679158572 0.04124082407613607
2006eq CMFGEN 1.7 True 2568.436 35 0.0495 53961.77209146292 0.16151068434555782 1.3912733892776863e-10 3.693352487147907e-12 1.0316050195283095 0.009334318140630432 0.04124082407613607
2006et CMFGEN 1.02 True 21178.09 96 0.0226 53976.31973025937 0.020096079526410904 3.1501957991338096e-10 1.898025606140594e-12 0.44447735199728133 0.0020664547459593127 0.016484083652199933
2006et CMFGEN 1.04 True 33767.156 96 0.0226 53978.83073205181 0.017258035812119488 5.35099386648142e-10 3.285109463896103e-12 0.5895844827108888 0.0020900955223607754 0.016484083652199933
2006et CMFGEN 1.4 True 18643.86 96 0.0226 53974.81138920799 0.02149201061547501 2.0470148083297995e-10 1.2439143715383921e-12 0.3124035425834263 0.002080018727959093 0.016484083652199933
2006et CMFGEN 1.7 True 49243.08 96 0.0226 53978.04315845212 0.018255563860293478 5.404244200649031e-10 3.4280301292146508e-12 0.6103385978513015 0.0021651906123203 0.016484083652199933
2006gj CMFGEN 1.02 True 5798.841 48 0.0284 53979.85933551851 0.08583380965501419 6.126224623895254e-11 9.696364675965127e-13 0.40163006153203057 0.005331663980098566 0.07245814932372446
2006gj CMFGEN 1.04 True 3773.7544 48 0.0284 53984.10646078318 0.06952023294070386 1.0751753686074363e-10 1.6711426338363028e-12 0.5788271811315704 0.00527827659236064 0.07245814932372446
2006gj CMFGEN 1.4 True 7073.352 48 0.0284 53977.62004464803 0.08869930024593486 3.878471257866703e-11 6.173692962644423e-13 0.25378746801574725 0.005373192814960949 0.07245814932372446
2006gj CMFGEN 1.7 True 5234.592 48 0.0284 53982.75784761618 0.07443013079318916 1.1361216623368708e-10 1.8257750905167292e-12 0.6020299242179934 0.005463060811367868 0.07245814932372446
2006gt CMFGEN 1.02 True 5495.2837 36 0.0448 53982.28824602756 0.09693179048190359 2.1820193242337182e-11 4.103351906633045e-13 0.2578306075653211 0.006086751154225568 0.03203576638201347
2006gt CMFGEN 1.04 True 4598.9863 36 0.0448 53986.73986422352 0.08246582473657327 3.706899843492453e-11 6.71317924122737e-13 0.432802178811719 0.005933149393235838 0.03203576638201347
2006gt CMFGEN 1.4 True 5828.91 36 0.0448 53980.11629567206 0.10031607334894943 1.4157168815527705e-11 2.726870124545427e-13 0.11528341261954289 0.006262081177640695 0.03203576638201347
2006gt CMFGEN 1.7 True 5677.8105 36 0.0448 53985.22724744687 0.08313928040297469 3.7392232154164115e-11 6.963230500417299e-13 0.44072757713396 0.006069494042734364 0.03203576638201347
2006hb CMFGEN 1.02 True 35574.207 74 0.0153 53986.12707692612 0.04630025113510783 3.994932827843872e-10 3.114005709020069e-12 0.5456077523988322 0.0025744295953348912 0.023450809335250816
2006hb CMFGEN 1.04 True 25925.16 74 0.0153 53989.72556575467 0.04454839929530863 8.339652253763997e-10 6.254250138893983e-12 0.754531044498069 0.002397687248304779 0.023450809335250816
2006hb CMFGEN 1.4 True 39606.914 74 0.0153 53984.710780671456 0.044883268106787 2.0490471714699962e-10 1.5875043062803433e-12 0.3433752993841946 0.0026046415642311227 0.023450809335250816
2006hb CMFGEN 1.7 True 32791.277 74 0.0153 53988.462389373395 0.04646419633354526 1.0920663229350846e-09 9.283896190828565e-12 0.8540338292467818 0.0026113043065756837 0.023450809335250816
2006hx CMFGEN 1.02 True 1566.9656 27 0.0455 54003.471299392106 0.07864135790805449 7.760955461556538e-11 1.4972899981544835e-12 0.4968569852000999 0.006761560431478159 0.02579641377817784
2006hx CMFGEN 1.04 True 2356.3567 27 0.0455 54005.93430559408 0.06930878375351313 1.3245050894648231e-10 2.427908310763768e-12 0.6404005355764111 0.006323832620080891 0.02579641377817784
2006hx CMFGEN 1.4 True 1546.0509 27 0.0455 54001.90467477009 0.0782840374558873 5.0363292729419046e-11 1.0543383683885128e-12 0.3630262958052879 0.007278444512963848 0.02579641377817784
2006hx CMFGEN 1.7 True 3791.336 27 0.0455 54005.06298864032 0.0765246481532813 1.1419356318274333e-10 2.199385299651001e-12 0.6164281962818299 0.0066575180363897 0.02579641377817784
2006is CMFGEN 1.02 True 14856.346 72 0.031 53993.51711360589 0.04626348235615296 1.339106305071563e-10 7.86029075807522e-13 0.2909927725757801 0.001942760438215785 0.028965576049208273
2006is CMFGEN 1.04 True 35064.383 72 0.031 53996.55236350657 0.058725123348267516 2.511596576730606e-10 1.5190501447473233e-12 0.4701432613486357 0.0019033245416673168 0.028965576049208273
2006is CMFGEN 1.4 True 12558.263 72 0.031 53992.49130278359 0.041174730089551304 7.613199475593927e-11 4.4658266641744193e-13 0.12606146955798858 0.001986026147990979 0.028965576049208273
2006is CMFGEN 1.7 True 54108.86 72 0.031 53995.79693748339 0.05631267796343309 2.633501532387252e-10 1.7144870177477523e-12 0.502821801084778 0.002010095440436849 0.028965576049208273
2006kf CMFGEN 1.02 True 35016.273 69 0.0213 54021.08235862422 0.03857340256945463 2.281704255190827e-10 1.977188886532667e-12 0.4307331388147816 0.003121840333302933 0.2111548865539906
2006kf CMFGEN 1.04 True 30933.871 69 0.0213 54025.25989124804 0.028170449710160028 4.222041960191615e-10 3.5028518389686184e-12 0.6122682431777907 0.0029711761748309673 0.2111548865539906
2006kf CMFGEN 1.4 True 38160.496 69 0.0213 54018.95416458043 0.039430720684322296 1.3205574675075755e-10 1.1896189128137823e-12 0.25253240112105474 0.003211937337342038 0.2111548865539906
2006kf CMFGEN 1.7 True 37802.137 69 0.0213 54024.391390994286 0.029648981831996934 4.599778031242816e-10 3.81645263591931e-12 0.6559368515715821 0.002984310731702333 0.2111548865539906
2006mr CMFGEN 1.02 True 61462.91 87 0.0059 54031.51263797893 0.04185944114942686 1.35446962089985e-09 1.089996151719355e-11 0.7913292855807019 0.0029583252182271446 0.01798173198598729
2006mr CMFGEN 1.04 True 48273.305 87 0.0059 54035.958621645936 0.028417844092473388 3.2498392974314853e-09 2.3381613562338843e-11 1.0469002322315812 0.0026238472146799716 0.01798173198598729
2006mr CMFGEN 1.4 True 69615.97 87 0.0059 54028.643381319154 0.048872682858927874 7.582325184347738e-10 6.41974697707135e-12 0.6031586571197655 0.003076215784033538 0.01798173198598729
2006mr CMFGEN 1.7 True 49146.88 87 0.0059 54035.58203596173 0.02923043046030216 3.902669577479175e-09 2.917755983064091e-11 1.1208049461911742 0.0027386151017084093 0.01798173198598729
2006ob CMFGEN 1.02 True 3179.9136 22 0.0592 54041.45308787109 0.12111758478567936 1.4017175251094995e-11 3.685642074103433e-13 0.14797875947005693 0.008689610156667913 0.028481219035194537
2006ob CMFGEN 1.04 True 3329.6096 22 0.0592 54046.170256460726 0.09583442023722455 2.8623640641802892e-11 7.120718404517567e-13 0.3837976050706208 0.00821932504070713 0.028481219035194537
2006ob CMFGEN 1.4 True 2962.4417 22 0.0592 54039.33174370368 0.12549486994976178 8.214806842456225e-12 2.2804728038301094e-13 -0.02695442269284662 0.009113226604592092 0.028481219035194537
2006ob CMFGEN 1.7 True 4030.8203 22 0.0592 54045.01443889645 0.09926864946828573 2.7930298543074686e-11 7.119626490800853e-13 0.38510371464717486 0.008395347653309241 0.028481219035194537
2006os CMFGEN 1.02 True 4058.3474 39 0.0328 54045.84538022117 0.08088357076485408 1.560211319262427e-10 1.7933827970770636e-12 0.6910829108248864 0.004068954602621273 0.12540838006801724
2006os CMFGEN 1.04 True 5967.784 39 0.0328 54050.59797643285 0.06442149218128179 2.5438380291407523e-10 2.8217560925749595e-12 0.8509130123385779 0.003935084341372285 0.12540838006801724
2006os CMFGEN 1.4 True 3919.5967 39 0.0328 54043.92635203863 0.0814092233995325 1.0051271780858727e-10 1.212808071892889e-12 0.5474124173793244 0.00433765779831997 0.12540838006801724
2006os CMFGEN 1.7 True 7578.6973 39 0.0328 54049.950369758226 0.06000229901110288 2.6771364771440337e-10 3.0301908589894545e-12 0.8827825140704737 0.004014959021629315 0.12540838006801724
2006ot CMFGEN 1.02 True 3759.534 41 0.0531 54047.9154737279 0.09161293302531703 4.595948378300061e-11 7.518354281165741e-13 0.4333621534087726 0.005585996443152694 0.015213385022200876
2006ot CMFGEN 1.04 True 7073.302 41 0.0531 54031.203825066026 0.19000202558891033 1.369843895221987e-10 2.6694785490423062e-12 0.4567274804733694 0.005883042546147875 0.015213385022200876
2006ot CMFGEN 1.4 True 3260.5327 41 0.0531 54045.80126428405 0.10093598849198315 3.07750234846254e-11 5.191011608068678e-13 0.3000702827490854 0.005835261679716261 0.015213385022200876
2006ot CMFGEN 1.7 True 6876.891 41 0.0531 54050.74672563875 0.07759548643298331 6.586693934814388e-11 1.1289307601259096e-12 0.5582798492660209 0.005785367358281048 0.015213385022200876
2007A CMFGEN 1.04 True 4411.173 26 0.0177 54098.15928552938 0.030537440077750944 3.431043484218388e-10 3.427384765586096e-12 0.3572347503490648 0.0035146654174958154 0.06339063743510513
2007A CMFGEN 1.4 True 3577.6794 26 0.0177 54093.33657164307 0.04405519927604473 1.7186315884808764e-10 1.6415764971283437e-12 0.14492994378377144 0.003347829135236978 0.06339063743510513
2007A CMFGEN 1.7 True 18909.922 26 0.0177 54056.09445678051 0.2602776853927935 2.70282104329965e-09 4.935818069147154e-11 0.4809720695394206 0.004303082655010411 0.06339063743510513
2007N CMFGEN 1.02 True 28344.309 55 0.0129 54105.85257932215 0.05363015295370133 7.38836662580598e-10 6.807422791170756e-12 1.3113099059475537 0.0035372053166602114 0.03466644583272683
2007N CMFGEN 1.04 True 16286.972 55 0.0129 54109.16714511026 0.04968168052073452 1.3427846147537516e-09 1.1044954784784469e-11 1.47359703472694 0.00321547361911029 0.03466644583272683
2007N CMFGEN 1.4 True 37062.797 55 0.0129 54103.85480623742 0.05955377815189422 4.974270455277271e-10 5.2371866237057175e-12 1.1967023734164186 0.004109049534843418 0.03466644583272683
2007N CMFGEN 1.7 True 15730.5625 55 0.0129 54108.067477742596 0.050174814019555924 1.6378841679627285e-09 1.4976595542818386e-11 1.5470801336865494 0.0033873094905318164 0.03466644583272683
2007S CMFGEN 1.02 True 17943.031 78 0.0139 54126.67471835865 0.018338824120291974 9.934914063067628e-10 4.284239662064876e-12 0.6989124107687538 0.001582984261443348 0.023917370294342193
2007S CMFGEN 1.04 True 32199.955 78 0.0139 54129.05726300024 0.014846763919194927 1.929176498253968e-09 8.3053582711261e-12 0.8738371362568034 0.001560296880597927 0.023917370294342193
2007S CMFGEN 1.4 True 17276.129 78 0.0139 54125.183598607844 0.020236023232428124 6.277550657919398e-10 2.8548272378086663e-12 0.5623396988715201 0.0016748799175561047 0.023917370294342193
2007S CMFGEN 1.7 True 56175.098 78 0.0139 54128.436893086226 0.01598940915937419 1.8775012336805402e-09 8.52202400465132e-12 0.8829680127090239 0.0016432796547061416 0.023917370294342193
2007af CMFGEN 1.02 True 54646.78 122 0.0055 54157.11509199677 0.01399770867647021 5.275598154786699e-09 1.4183255713097302e-11 0.6142053729322583 0.0010445202110983423 0.03369874683150666
2007af CMFGEN 1.04 True 63991.273 122 0.0055 54159.6483929143 0.010199341471889056 9.891067897808156e-09 2.554968446119731e-11 0.7686238485603956 0.0009752232489902971 0.03369874683150666
2007af CMFGEN 1.4 True 61463.254 122 0.0055 54155.29286168137 0.016765856853453442 3.5068574866084195e-09 9.963293392970414e-12 0.49873151507837254 0.0011107610124697872 0.03369874683150666
2007af CMFGEN 1.7 True 115515.15 122 0.0055 54159.32625149321 0.010674155295419041 1.0101641567696822e-08 2.5265555235405114e-11 0.7968853008411024 0.0009329327462546679 0.03369874683150666
2007ai CMFGEN 1.02 True 3087.2393 45 0.0317 54156.57196800166 0.08409379482691293 1.431634888386133e-10 2.1072489015873904e-12 0.5074163135410317 0.005002853224057875 0.28493849738385585
2007ai CMFGEN 1.04 True 4434.352 45 0.0317 54160.41359109145 0.06636179409179022 2.329780583095905e-10 3.49915126976626e-12 0.6581145812808306 0.005091304917166453 0.28493849738385585
2007ai CMFGEN 1.4 True 3154.7996 45 0.0317 54154.734649409475 0.08718485375356977 9.457662970402333e-11 1.45892271316005e-12 0.37392932594217476 0.005279454987965411 0.28493849738385585
2007ai CMFGEN 1.7 True 5143.74 45 0.0317 54159.37976449371 0.06825915651279502 2.2548796706479751e-10 3.3010729987839135e-12 0.6584710835571387 0.004947133130323828 0.28493849738385585
2007al CMFGEN 1.02 True 16519.389 44 0.0122 54151.22986852959 0.12444937341933837 5.48370737499049e-10 1.0525029898218318e-11 1.0952855859961137 0.00755615089989405 0.03612839183245699
2007al CMFGEN 1.04 True 10210.769 44 0.0122 54155.681877155526 0.08985163425313658 1.0928860585066308e-09 1.770634908729895e-11 1.2921361842587977 0.006591273210073534 0.03612839183245699
2007al CMFGEN 1.4 True 20559.842 44 0.0122 54148.357965842886 0.11281459692690987 3.172467083430566e-10 7.823177395913286e-12 0.9141182508687076 0.009682535129336846 0.03612839183245699
2007al CMFGEN 1.7 True 8951.292 44 0.0122 54154.617079059244 0.09236371364022489 1.3223322731962403e-09 2.0242290187439253e-11 1.3639436962255713 0.005777849801633774 0.03612839183245699
