results/band_fits/u_g_r_J_H.ecsv
# %ECSV 0.9
# ---
# datatype:
# - {name: object ID, datatype: string}
# - {name: model, datatype: string}
# - {name: version, datatype: string}
# - {name: success, datatype: bool}
# - {name: chisq, datatype: float32}
# - {name: ndof, datatype: int32}
# - {name: z, datatype: float64}
# - {name: t0, datatype: float64}
# - {name: t0_err, datatype: float64}
# - {name: x0, datatype: float64}
# - {name: x0_err, datatype: float64}
# - {name: hostebv, datatype: float64}
# - {name: hostebv_err, datatype: float64}
# - {name: mwebv, datatype: float64}
# meta:
#   bands: [csp_dr3_u, csp_dr3_g, csp_dr3_r, csp_dr3_J, csp_dr3_H]
# schema: astropy-2.0
"object ID" model version success chisq ndof z t0 t0_err x0 x0_err hostebv hostebv_err mwebv
[from data line 257]
2008bi CMFGEN 1.04 True 6469.603 33 0.0134 54532.29208446758 0.06716743603465147 1.8285786585669044e-09 1.7150565518691994e-11 1.5028222720654505 0.003391312885417025 0.037379980331966524
2008bi CMFGEN 1.4 True 17622.4 33 0.0134 54507.66352015349 0.0669434721385187 9.38499307959066e-10 5.805694678339761e-12 1.0743691390148107 0.0031771767762123304 0.037379980331966524
2008bi CMFGEN 1.7 True 6428.2896 33 0.0134 54531.75026052528 0.05800111794451368 2.3111076551850675e-09 2.117305140236444e-11 1.6048927459511828 0.003410899201636877 0.037379980331966524
2008bq CMFGEN 1.02 True 6400.7886 55 0.034 54545.195131247616 0.04122932669633883 8.289887487441886e-11 5.340244909945136e-13 0.24626826559663265 0.00213691189594186 0.07776435723852901
2008bq CMFGEN 1.4 True 4059.9814 55 0.034 54543.29729833196 0.044042749257641844 5.5027001488216864e-11 3.5449778322654483e-13 0.11142000429685085 0.0022120793080599417 0.07776435723852901
2008bt CMFGEN 1.02 True 19775.662 35 0.0154 54549.13934429166 0.06583372407840216 2.7505611997073276e-10 3.1544304084785247e-12 0.5907653179024638 0.0038835316311014514 0.04805916611950687
2008bt CMFGEN 1.04 True 14066.34 35 0.0154 54554.622508658314 0.05514012783532962 5.366517853649446e-10 5.858690624843364e-12 0.8136394214762971 0.003787284075609778 0.04805916611950687
2008bt CMFGEN 1.4 True 21435.293 35 0.0154 54547.166799105515 0.062307082196639385 1.53319364262586e-10 1.7432539843031167e-12 0.40165068748690247 0.0038500283068135847 0.04805916611950687
2008cc CMFGEN 1.02 True 46441.086 83 0.0104 54559.12225678594 0.07292243944903021 1.493783863050395e-09 8.223528883905577e-12 0.6104465194090279 0.0015489097290669043 0.03586503715546102
2008cc CMFGEN 1.04 True 43588.93 83 0.0104 54565.69294388403 0.045843144162063254 2.7461092791801857e-09 1.3392909649672568e-11 0.8289648661259694 0.001463783708980777 0.03586503715546102
2008cc CMFGEN 1.4 True 52861.91 83 0.0104 54558.57870612364 0.05039172909891931 7.836004908157629e-10 3.6131732938005163e-12 0.4309541881939892 0.001501722491054714 0.03586503715546102
2008cc CMFGEN 1.7 False 612346.06 83 0.0104 54510.486946964484 15.519351118207851 5.430368044078664e-10 1.080326835042092e-14 0.016223780971372934 5.5435173071453895e-06 0.03586503715546102
2008cf CMFGEN 1.02 True 8234.352 40 0.046 54577.361204961904 0.05628168837938574 3.6281419720827495e-11 3.258572032528413e-13 0.10263175729353036 0.0029136718512853183 0.05759850795422031
2008cf CMFGEN 1.04 True 13436.935 40 0.046 54581.408038371 0.049912351365492214 6.421569735953344e-11 5.835393344004492e-13 0.286336587686369 0.0029409646848458735 0.05759850795422031
2008cf CMFGEN 1.4 True 7537.305 40 0.046 54575.64416512972 0.05555208678924828 2.3838915364198278e-11 2.1417808418586002e-13 -0.03279579418225283 0.002890059774081208 0.05759850795422031
2008cf CMFGEN 1.7 True 19070.516 40 0.046 54580.13262697558 0.05032185578966164 6.272018962747643e-11 5.835443551253593e-13 0.2877684069760764 0.003007160729514632 0.05759850795422031
2008ff CMFGEN 1.02 True 9470.215 121 0.0193 54692.92330055332 0.039231783794093644 7.499889998259128e-10 2.316623371354146e-12 0.6686425600121415 0.0013576308104747807 0.04350702296194606
2008ff CMFGEN 1.04 True 17504.547 121 0.0193 54696.203699733334 0.029579713173006894 1.6917640368504889e-09 4.998253541789438e-12 0.8920833919137904 0.0012309535812712587 0.04350702296194606
2008ff CMFGEN 1.4 True 7707.776 121 0.0193 54691.595565123775 0.043611923912976636 4.0645121277489523e-10 1.3344202863736062e-12 0.482793015251074 0.0014059316910518692 0.04350702296194606
2008ff CMFGEN 1.7 True 42513.055 121 0.0193 54691.02944752423 0.14083516740356572 2.9765619420167522e-09 2.4200302807406047e-11 1.0382604353947853 0.001228721760041642 0.04350702296194606
2008fl CMFGEN 1.02 True 59174.97 94 0.0199 54702.46349609332 0.027661493430059636 4.379195097845578e-10 1.7537129242359094e-12 0.5378938136991077 0.0013235297015888991 0.15710973562674108
2008fl CMFGEN 1.04 True 64156.32 94 0.0199 54705.63265476183 0.035260107873909874 7.661159073276898e-10 3.2766208215180877e-12 0.6897473226947325 0.0012541262113574263 0.15710973562674108
2008fl CMFGEN 1.4 True 65007.67 94 0.0199 54701.550505523854 0.02800484971521655 2.662838730180977e-10 1.0574046104852192e-12 0.3933656594260396 0.0013956309800918082 0.15710973562674108
2008fl CMFGEN 1.7 True 91090.79 94 0.0199 54705.65439353603 0.04067813958317856 8.683960299729749e-10 4.3877040173983934e-12 0.7616174276976658 0.0014308826968443078 0.15710973562674108
2008fp CMFGEN 1.02 True 111038.8 164 0.0057 54713.67974798138 0.01251272895387956 8.219873755988049e-09 1.0388923858699803e-11 0.8739201141602543 0.0005478218811136316 0.16865355471544707
2008fp CMFGEN 1.04 True 132468.4 164 0.0057 54716.78046112892 0.011695121549564647 1.5130518400523956e-08 2.0102598045350365e-11 1.0282013143593751 0.0005421700328602779 0.16865355471544707
2008fp CMFGEN 1.4 True 132164.39 164 0.0057 54711.839847170355 0.014094246755121276 5.547576032959484e-09 7.0610028571685895e-12 0.7616377570836508 0.0005672948734484417 0.16865355471544707
2008fp CMFGEN 1.7 True 299587.72 164 0.0057 54715.8633108354 0.015496741685637971 1.5038030923639327e-08 2.297039509661847e-11 1.0435077150748324 0.0005636285063213341 0.16865355471544707
2008fr CMFGEN 1.02 True 5726.3374 57 0.0397 54717.99492436716 0.08563711407987284 7.144068018436277e-11 7.38322126583287e-13 0.31959020699921453 0.0034305958372151473 0.038677564969285
2008fr CMFGEN 1.04 True 11859.21 57 0.0397 54716.651943336015 0.12731212456856156 1.9717839303253692e-10 2.724078426391995e-12 0.5567551962181225 0.0035588881816938553 0.038677564969285
2008fr CMFGEN 1.4 True 4384.753 57 0.0397 54717.4288587988 0.07848725627263775 3.873474634569984e-11 3.884431196840126e-13 0.14105511824022657 0.0035241231300057515 0.038677564969285
2008fr CMFGEN 1.7 True 17165.059 57 0.0397 54721.353877947506 0.10601921603301889 1.4969681266118687e-10 1.8375183527901043e-12 0.5754650205095537 0.0034911288551786315 0.038677564969285
2008fu CMFGEN 1.02 True 3093.9077 40 0.052 54715.698748132214 0.15783722367268638 3.152173359462372e-11 6.971183157819598e-13 0.3504745685135273 0.007848278013667316 0.018833736613107027
2008fu CMFGEN 1.04 True 3354.2268 40 0.052 54720.74343052684 0.17504910715069855 6.584976694781404e-11 1.4198588075362932e-12 0.6002988068092932 0.007165810088640346 0.018833736613107027
2008fu CMFGEN 1.4 True 3057.4521 40 0.052 54714.08806952354 0.1511531933065271 1.6278037696138048e-11 3.7665566501585176e-13 0.14221440195226112 0.008423068901992575 0.018833736613107027
2008fu CMFGEN 1.7 True 4241.678 40 0.052 54720.76369641913 0.14059291321973433 6.321990413738226e-11 1.3975741955113507e-12 0.6177607225866009 0.0073557196088845705 0.018833736613107027
2008fw CMFGEN 1.02 True 29980.46 78 0.0085 54717.200721369896 0.04542027893694467 1.567286665877215e-09 7.09238635496899e-12 0.4484220392411494 0.001438327862598276 0.11159617552698833
2008fw CMFGEN 1.04 True 56514.246 78 0.0085 54715.35296566507 0.03596555169133353 4.202803635122229e-09 1.993476299513063e-11 0.6601613367260281 0.0014315253510347398 0.11159617552698833
2008fw CMFGEN 1.4 True 19242.277 78 0.0085 54717.24724814173 0.03572173592328909 8.246987086972433e-10 3.464379002839163e-12 0.2701685467394477 0.0014334658269213553 0.11159617552698833
2008fw CMFGEN 1.7 True 92128.164 78 0.0085 54711.56049242049 0.05879583762362017 8.1793648668679e-09 5.549870868640483e-11 0.8603992089105021 0.0017899492437717015 0.11159617552698833
2008gg CMFGEN 1.02 True 16394.693 93 0.032 54733.430020324864 0.04430463814060204 1.633272310302948e-10 8.873906151788831e-13 0.4423979927233488 0.0017181212178125028 0.02120202873332347
2008gg CMFGEN 1.04 True 31927.53 93 0.032 54735.57882533808 0.06392338989098789 3.1709578421656624e-10 2.1312669145868704e-12 0.6226345460211626 0.0017160644131892027 0.02120202873332347
2008gg CMFGEN 1.4 True 14067.835 93 0.032 54732.74216730403 0.04017044985448592 9.53882010333754e-11 5.029456761647247e-13 0.2865570798597719 0.0017908333205445119 0.02120202873332347
2008gg CMFGEN 1.7 True 45131.777 93 0.032 54735.90491263981 0.05516950190576608 3.2673077610083244e-10 2.145546476279721e-12 0.6680387621590033 0.0018314234660101458 0.02120202873332347
2008gl CMFGEN 1.02 True 28361.271 80 0.034 54747.812380173586 0.035041540264501236 6.639661492775618e-11 4.615841489061106e-13 0.2341135869417384 0.0022843836265452984 0.024346470870714523
2008gl CMFGEN 1.04 True 30887.953 80 0.034 54751.68684591279 0.029982308766193455 1.1699740122095395e-10 7.994650683227641e-13 0.4147042501762648 0.0022523918577602676 0.024346470870714523
2008gl CMFGEN 1.4 True 27196.613 80 0.034 54745.99272864582 0.03606491527534672 4.276315141058271e-11 2.958440775913932e-13 0.09116325498167481 0.0022667607748057396 0.024346470870714523
2008gl CMFGEN 1.7 True 44340.96 80 0.034 54750.54149400807 0.03139693129560328 1.2278591498560742e-10 8.789549043839355e-13 0.44320349265661274 0.002364655200482105 0.024346470870714523
2008gp CMFGEN 1.02 True 109991.46 84 0.0334 54735.79875220119 0.05051106203245581 7.462479698096347e-11 6.021334267229118e-13 -0.0734688134132412 0.002609724862579409 0.103694303991748
2008gp CMFGEN 1.04 True 23772.55 84 0.0334 54763.377832983904 0.017945536881597945 1.3165357939416868e-10 9.513539229962869e-13 0.32427322244104995 0.002347698133089313 0.103694303991748
2008gp CMFGEN 1.4 True 10467.694 84 0.0334 54759.38845365861 0.01869255776546197 4.3830295163307e-11 3.09468797924528e-13 -0.005925820284575172 0.0022743825229035925 0.103694303991748
2008gp CMFGEN 1.7 True 31593.79 84 0.0334 54762.49054045795 0.01927082580368733 1.257980945786948e-10 9.530886673499748e-13 0.3249837334412815 0.0024713322355943866 0.103694303991748
2008ha CMFGEN 1.02 True 11103.505 49 0.0046 54761.01404085941 0.14940060369553976 9.953828803165402e-11 1.4668320584960426e-12 0.6281765171351597 0.005790455962093433 0.06357216573029255
2008ha CMFGEN 1.04 True 8191.2563 49 0.0046 54767.74276989383 0.06783323181662126 1.700702277388039e-10 2.4197645343789607e-12 0.8326665122707748 0.0052974228194036495 0.06357216573029255
2008ha CMFGEN 1.4 True 10078.486 49 0.0046 54753.73139254264 0.27689038864991744 6.065627015348169e-11 9.682723159741927e-13 0.3716673604339135 0.00622555888429734 0.06357216573029255
2008ha CMFGEN 1.7 True 9394.643 49 0.0046 54766.19781955498 0.07362692423703265 1.717743018035376e-10 2.5022690369231173e-12 0.8389094933174912 0.005360830414505706 0.06357216573029255
2008hj CMFGEN 1.02 True 55682.9 56 0.0379 54761.37964967806 0.07184604132271488 5.0040962639753895e-11 3.800353850268939e-13 -0.1603991518896184 0.002794130745724129 0.03086168432817931
2008hj CMFGEN 1.04 True 9203.973 56 0.0379 54786.109759389656 0.021238868543150602 8.125545876088668e-11 5.152753366568682e-13 0.2582247268400342 0.001998677378991261 0.03086168432817931
2008hj CMFGEN 1.7 True 53149.887 56 0.0379 54753.48889287212 0.13460287224734202 2.4393703559994687e-10 2.7794867194048494e-12 0.197005417864266 0.0026101220539522583 0.03086168432817931
2008hu CMFGEN 1.02 True 6630.2617 40 0.0497 54785.13340985721 0.09759441589631024 3.241612903790368e-11 4.670074982193674e-13 0.31037864137981525 0.005157223789844133 0.09234704414548399
2008hu CMFGEN 1.04 True 7348.466 40 0.0497 54790.05779576876 0.08354208633681992 6.420360840409466e-11 8.818424749000857e-13 0.5438235904655864 0.004743142383809676 0.09234704414548399
2008hu CMFGEN 1.4 True 6636.0547 40 0.0497 54783.120512049165 0.0904628733806021 1.7524067952320153e-11 2.6375458338466077e-13 0.10806855127885902 0.005417578626833991 0.09234704414548399
2008hu CMFGEN 1.7 True 8731.766 40 0.0497 54789.23051343869 0.07671902535730624 6.143629918222011e-11 8.722317008268817e-13 0.5446416719689304 0.004830363463072787 0.09234704414548399
2008hv CMFGEN 1.02 True 349937.94 107 0.0126 54771.60706965952 0.03288327095651766 9.491279720606852e-10 4.285317220441109e-12 0.36899349756209815 0.0016881310572434305 0.02743585979989673
2008hv CMFGEN 1.04 True 76481.44 107 0.0126 54801.78071374281 0.007253157415107125 1.2407246100053182e-09 4.796488940296647e-12 0.590310056390751 0.0013226601224087884 0.02743585979989673
2008hv CMFGEN 1.4 True 361163.47 107 0.0126 54770.02121239836 0.048644651509675896 5.105154588697793e-10 2.491474118296149e-12 0.18704174864600065 0.0018958622093354595 0.02743585979989673
2008hv CMFGEN 1.7 True 106346.65 107 0.0126 54801.16361957197 0.008106023939035367 1.2164629034978631e-09 4.875877637993374e-12 0.6015919367822528 0.0013717717491261799 0.02743585979989673
2008ia CMFGEN 1.02 True 26538.002 84 0.0219 54794.26995778408 0.04135588066856144 3.197609594419687e-10 2.057324241867296e-12 0.49028749406076 0.002358954762316819 0.19479143249257042
2008ia CMFGEN 1.04 True 32942.164 84 0.0219 54798.46288730613 0.03448428539195447 6.437643761449005e-10 4.159201194429071e-12 0.70787815198933 0.002430122345238374 0.19479143249257042
2008ia CMFGEN 1.4 True 24720.64 84 0.0219 54792.274616274066 0.04038589384435909 1.9560923031074722e-10 1.2685320721704145e-12 0.32741964723814937 0.002348085511895191 0.19479143249257042
2008ia CMFGEN 1.7 True 65315.41 84 0.0219 54797.0630888504 0.040232418872619746 6.25371975604007e-10 7.611933754648984e-12 0.7076602839392924 0.004468719844903711 0.19479143249257042
2009D CMFGEN 1.04 True 59131.33 79 0.025 54826.153285628156 0.015520786590059288 3.0527394417077255e-10 1.3044714638787857e-12 0.36835917737547147 0.0013763673638046395 0.04553556357655682
2009D CMFGEN 1.4 True 30157.86 79 0.025 54821.32503713042 0.018992819230334135 1.103462354205128e-10 4.630053664935091e-13 0.05616085130285954 0.0013534676545304044 0.04553556357655682
2009D CMFGEN 1.7 True 78446.53 79 0.025 54825.07015828054 0.016309043090586783 2.879080409675393e-10 1.270206635832303e-12 0.3610687638365239 0.0014249009791267712 0.04553556357655682
2009F CMFGEN 1.02 True 81743.32 57 0.013 54804.20598660802 0.05509159124630969 5.900109468328686e-10 5.652621023117601e-12 0.7322537066729313 0.003773160095821484 0.08942501844180814
2009F CMFGEN 1.04 True 49907.934 57 0.013 54827.59108207789 0.022469978506705957 5.51038496266026e-10 4.5167845916508746e-12 0.9055456363077137 0.003041922639413979 0.08942501844180814
2009F CMFGEN 1.4 True 88189.43 57 0.013 54806.087230620244 0.07019158634648193 2.777679381950345e-10 3.2536802723745385e-12 0.5495512456994224 0.004536747594593764 0.08942501844180814
2009F CMFGEN 1.7 True 54944.17 57 0.013 54826.65505468784 0.023917408052511746 4.888107287331921e-10 3.923932215958737e-12 0.8733485055155205 0.002977427972524236 0.08942501844180814
2009Y CMFGEN 1.02 True 67515.9 113 0.0094 54858.753619135416 0.0200082908886543 2.0465477084996983e-09 7.30414242184739e-12 0.473206900603731 0.0011984259253036774 0.08739267344609465
2009Y CMFGEN 1.04 True 92043.81 113 0.0094 54861.87025230438 0.016820971246488625 3.998241404285197e-09 1.370607784003407e-11 0.6605475971618499 0.0011461811248209526 0.08739267344609465
2009Y CMFGEN 1.4 True 59133.527 113 0.0094 54856.992163476716 0.021993924307025736 1.3007267974403255e-09 4.699155225450308e-12 0.3374865669113414 0.0012046969789955295 0.08739267344609465
2009Y CMFGEN 1.7 True 150254.03 113 0.0094 54861.00394960882 0.01828986763212015 4.247062262839147e-09 1.5160920592856198e-11 0.6990505334803875 0.0011941390158394594 0.08739267344609465
2009aa CMFGEN 1.02 True 250034.08 94 0.0273 54823.73423569674 0.13649553255163482 1.8859652552486115e-10 2.4483017695498533e-12 0.07776081250766652 0.003177019931184521 0.029208185622029807
2009aa CMFGEN 1.04 True 53909.582 94 0.0273 54862.67817787745 0.012042899536027107 1.5471686972437479e-10 8.667410773942252e-13 0.3317628133996162 0.0018046703802169937 0.029208185622029807
