results/band_fits/u_g_r.ecsv
# %ECSV 0.9
# ---
# datatype:
# - {name: object ID, datatype: string}
# - {name: model, datatype: string}
# - {name: version, datatype: string}
# - {name: success, datatype: bool}
# - {name: chisq, datatype: float32}
# - {name: ndof, datatype: int32}
# - {name: z, datatype: float64}
# - {name: t0, datatype: float64}
# - {name: t0_err, datatype: float64}
# - {name: x0, datatype: float64}
# - {name: x0_err, datatype: float64}
# - {name: hostebv, datatype: float64}
# - {name: hostebv_err, datatype: float64}
# - {name: mwebv, datatype: float64}
# meta:
#   bands: [csp_dr3_u, csp_dr3_g, csp_dr3_r]
# schema: astropy-2.0
"object ID" model version success chisq ndof z t0 t0_err x0 x0_err hostebv hostebv_err mwebv
[from data line 171]
2006eq CMFGEN 1.7 True 2401.568 24 0.0495 53961.66706122836 0.16395950921651092 1.3146275849027021e-10 3.586461802296856e-12 1.010002090393073 0.00961882735711811 0.04124082407613607
2006et CMFGEN 1.02 True 16499.947 62 0.0226 53976.09820795369 0.021025981954153394 2.600739967573194e-10 1.7429477131781034e-12 0.3809197599720639 0.0022425809624361487 0.016484083652199933
2006et CMFGEN 1.04 True 27391.523 62 0.0226 53978.65175121941 0.01802798270000494 4.396574916445105e-10 2.919609717819953e-12 0.5251099086756681 0.002206249697398787 0.016484083652199933
2006et CMFGEN 1.4 True 13442.646 62 0.0226 53974.618610151956 0.022302807574305916 1.6715480944942989e-10 1.09836799315528e-12 0.24545514446453623 0.0021935402137727164 0.016484083652199933
2006et CMFGEN 1.7 True 40551.52 62 0.0226 53977.788363093685 0.019019186500372598 4.490357608778522e-10 3.114075947039721e-12 0.5488380982375592 0.002314202591237128 0.016484083652199933
2006ev CMFGEN 1.02 True 4819.2246 17 0.0287 53970.23160933282 0.10368394769102451 1.0301496124893112e-10 1.3056165364342283e-12 0.44349752481881927 0.00441749768689839 0.07746189082515895
2006ev CMFGEN 1.04 True 5721.5854 17 0.0287 53975.537628191145 0.11267470185339334 1.4944726988565763e-10 1.9772620634983545e-12 0.5818883629220788 0.0041954282329544745 0.07746189082515895
2006ev CMFGEN 1.4 True 4300.053 17 0.0287 53968.76245265839 0.09135177893767832 5.651182364015809e-11 7.185087562377389e-13 0.2534506819494699 0.0047731240084190425 0.07746189082515895
2006ev CMFGEN 1.7 True 7149.0166 17 0.0287 53974.48805255277 0.09221548575442284 1.5647003370515626e-10 2.1053878186222025e-12 0.6105700494470012 0.004275543250907378 0.07746189082515895
2006fw CMFGEN 1.02 True 363.0204 11 0.0835 53981.76037585788 0.2002009585594351 8.067681134160921e-12 2.6756239339352094e-13 0.13577970007058635 0.011820022400847788 0.02811205809074552
2006fw CMFGEN 1.04 True 791.6473 11 0.0835 53986.58966648343 0.14068809830132523 1.4548628534215417e-11 3.977488218004316e-13 0.34743859157592066 0.009229546136467641 0.02811205809074552
2006fw CMFGEN 1.4 True 216.44562 11 0.0835 53979.2850056623 0.21447123476536945 5.2175718899412695e-12 1.9576230821798855e-13 -0.01607095142708931 0.013407972685211064 0.02811205809074552
2006fw CMFGEN 1.7 True 682.9666 11 0.0835 53985.17807880322 0.15057492235064274 1.1710579544351954e-11 3.4027860190905413e-13 0.27945907374129375 0.009836727392642212 0.02811205809074552
2006gj CMFGEN 1.02 True 5163.8833 39 0.0284 53979.74485008228 0.08698640545844682 5.85001209582978e-11 9.190387221136796e-13 0.3854858834454912 0.005263062864798026 0.07245814932372446
2006gj CMFGEN 1.04 True 3128.8833 39 0.0284 53984.02876007199 0.07009582297541783 1.0265926579922933e-10 1.5812089098203687e-12 0.5631006320319057 0.0052048521494543745 0.07245814932372446
2006gj CMFGEN 1.4 True 6413.9634 39 0.0284 53977.50848208062 0.089582670461823 3.705769181045637e-11 5.85565667002136e-13 0.23789582653624694 0.005308640254673772 0.07245814932372446
2006gj CMFGEN 1.7 True 4446.768 39 0.0284 53982.65292341496 0.07520393433151185 1.091921786208163e-10 1.7391355985020608e-12 0.588132614983845 0.005388197704385832 0.07245814932372446
2006gt CMFGEN 1.02 True 4512.469 26 0.0448 53982.20471116317 0.09437668135797139 2.0468004166902936e-11 3.8209414024739383e-13 0.2368499292733334 0.006003887031451395 0.03203576638201347
2006gt CMFGEN 1.04 True 3568.9004 26 0.0448 53986.54993960519 0.08016173073701793 3.495510237746129e-11 6.274872394471635e-13 0.4126080344379182 0.005830592960674301 0.03203576638201347
2006gt CMFGEN 1.4 True 4869.8633 26 0.0448 53980.04458439039 0.09829322055520606 1.3236028865596989e-11 2.5339898273939375e-13 0.09345055118687752 0.006185860651765984 0.03203576638201347
2006gt CMFGEN 1.7 True 4580.8623 26 0.0448 53985.10189778022 0.0818421804906393 3.542312349858708e-11 6.543199630738558e-13 0.42246048395856 0.005978265814527187 0.03203576638201347
2006hb CMFGEN 1.02 True 34103.293 59 0.0153 53986.09370451838 0.0474885515141068 3.6840510633957504e-10 2.957144661153681e-12 0.5184237088803972 0.0026516608794402157 0.023450809335250816
2006hb CMFGEN 1.04 True 24723.064 59 0.0153 53989.86312280377 0.04425535830159788 7.893234703273496e-10 6.2247030671594705e-12 0.7386430253457981 0.0025311902389458935 0.023450809335250816
2006hb CMFGEN 1.4 True 37218.67 59 0.0153 53984.62063577993 0.045266715191246476 1.8739181426980684e-10 1.4667836463106386e-12 0.3128995261909696 0.0026159592205767606 0.023450809335250816
2006hb CMFGEN 1.7 True 31225.822 59 0.0153 53988.472459826706 0.046610942627012264 1.0398395100895976e-09 9.177868573413937e-12 0.837976540147409 0.0027437085277614323 0.023450809335250816
2006hx CMFGEN 1.02 True 1080.0006 21 0.0455 54003.461282194345 0.08204422917333432 4.8617052185006815e-11 1.5102051420636099e-12 0.3492743636848572 0.009880805364065054 0.02579641377817784
2006hx CMFGEN 1.04 True 1679.6396 21 0.0455 54005.84494662322 0.06700302186436602 9.645448979698915e-11 2.9348688596616894e-12 0.5405563634083943 0.009637490079531326 0.02579641377817784
2006hx CMFGEN 1.4 True 738.4311 21 0.0455 54002.1863927473 0.07986450346652418 2.70697491767727e-11 8.298591663556876e-13 0.1690557051893122 0.009669851768191972 0.02579641377817784
2006hx CMFGEN 1.7 True 2393.0662 21 0.0455 54004.929660660215 0.07525158680800814 9.717773462280026e-11 3.1014244583537035e-12 0.5648447731583418 0.010189674086372185 0.02579641377817784
2006is CMFGEN 1.02 True 13195.055 63 0.031 53993.41254149468 0.04790921035601059 1.2896728207481333e-10 8.050736637639258e-13 0.27750674641698553 0.002069092627255082 0.028965576049208273
2006is CMFGEN 1.04 True 32718.148 63 0.031 53996.35512594593 0.0637301918650337 2.4369484106332653e-10 1.5713077208311258e-12 0.45789028103786866 0.0019857178608093714 0.028965576049208273
2006is CMFGEN 1.4 True 10656.009 63 0.031 53992.40998302627 0.04219797840050887 7.162553725638279e-11 4.3764124331481944e-13 0.10533091007875885 0.002054655182292319 0.028965576049208273
2006is CMFGEN 1.7 True 49123.758 63 0.031 53995.74471823377 0.05761544988854439 2.5621440768611065e-10 1.7237629853665389e-12 0.49328687415601497 0.0021029507942947412 0.028965576049208273
2006kf CMFGEN 1.02 True 24001.594 42 0.0213 54020.27402401321 0.042225360699376324 1.3857100126029714e-10 1.2149580492957662e-12 0.25384523228185696 0.0029994148087271444 0.2111548865539906
2006kf CMFGEN 1.04 True 20689.482 42 0.0213 54024.678125347644 0.03168723422641051 2.6212048011205913e-10 2.261845976380654e-12 0.44681957872523304 0.0029472813080912985 0.2111548865539906
2006kf CMFGEN 1.4 True 24725.69 42 0.0213 54018.3932226043 0.04267042754145223 8.235530803243177e-11 7.13715406848466e-13 0.08770115709395424 0.002935943537994056 0.2111548865539906
2006kf CMFGEN 1.7 True 26906.53 42 0.0213 54023.63851980084 0.03325688321638154 2.8912534935383006e-10 2.597662741210577e-12 0.4920714820797482 0.003086380167335737 0.2111548865539906
2006lu CMFGEN 1.02 True 3479.825 55 0.0534 54019.135962639666 0.09741684533946682 2.6689133934242212e-11 4.067234366946156e-13 0.19424654513299372 0.004899255708192799 0.09926190318509276
2006lu CMFGEN 1.04 True 4737.6714 55 0.0534 54023.310683434596 0.09425431740601198 4.815467338020683e-11 7.117534739895083e-13 0.38154276316304714 0.0047227804961478105 0.09926190318509276
2006lu CMFGEN 1.4 True 3407.3323 55 0.0534 54017.630577816926 0.08905092947679805 1.54716122850317e-11 2.398824302197287e-13 0.026668086021559168 0.004994339793328643 0.09926190318509276
2006lu CMFGEN 1.7 True 7385.399 55 0.0534 54021.80419953632 0.1003707900927111 5.006451272169944e-11 7.732611569290259e-13 0.401799210696327 0.004884249319205388 0.09926190318509276
2006mr CMFGEN 1.02 True 30764.932 70 0.0059 54029.98523140748 0.052351531507156324 7.745383142593942e-10 6.72780995327881e-12 0.5917503576871985 0.002975215120560766 0.01798173198598729
2006mr CMFGEN 1.4 True 35115.918 70 0.0059 54027.52957093009 0.05461559010655037 4.5512057625772637e-10 3.895090578633098e-12 0.4235209566549632 0.002902439203234182 0.01798173198598729
2006mr CMFGEN 1.7 True 22705.32 70 0.0059 54034.22945943642 0.035788795346888946 2.107886834510001e-09 1.8850742240322974e-11 0.9046322959167663 0.003044310632779075 0.01798173198598729
2006ob CMFGEN 1.02 True 2753.0747 20 0.0592 54041.10196728562 0.12961782817728817 1.287190921199501e-11 3.362316127761686e-13 0.11751184391886077 0.008563046268779718 0.028481219035194537
2006ob CMFGEN 1.04 True 3009.841 20 0.0592 54046.03229183135 0.09974370793133858 2.6085822022627557e-11 6.477523976369113e-13 0.3532520107835746 0.00814503905724779 0.028481219035194537
2006ob CMFGEN 1.4 True 2471.651 20 0.0592 54039.0317846153 0.13045180748667917 7.627882265044757e-12 2.1074446529045938e-13 -0.053323752009693935 0.009000147043141608 0.028481219035194537
2006ob CMFGEN 1.7 True 3628.6287 20 0.0592 54044.81677849634 0.10350438854584354 2.5581397177273794e-11 6.461235737822595e-13 0.3556083019673314 0.008250200082549416 0.028481219035194537
2006os CMFGEN 1.02 True 3325.301 30 0.0328 54044.812113515814 0.11319799445118406 1.2176290121895235e-10 1.7534345658331545e-12 0.5926415394292528 0.005184130950315087 0.12540838006801724
2006os CMFGEN 1.04 True 5305.7183 30 0.0328 54050.574444688296 0.07174481308175018 2.08834351986716e-10 2.9975801011765157e-12 0.7821132229113105 0.005141500587611673 0.12540838006801724
2006os CMFGEN 1.4 True 2581.5715 30 0.0328 54042.83923341392 0.10253082326380536 7.275838224611012e-11 1.0401309893651542e-12 0.4222513361736192 0.00513330038762559 0.12540838006801724
2006os CMFGEN 1.7 True 7102.1484 30 0.0328 54049.40637751531 0.07326084529267973 2.1712199665613529e-10 3.1871962871011352e-12 0.8049595861848321 0.005241774584390854 0.12540838006801724
2006ot CMFGEN 1.02 True 1412.1758 30 0.0531 54046.13221445824 0.13190836066496558 3.3050445989536634e-11 5.504929153398238e-13 0.31000342689644994 0.0056560420778906705 0.015213385022200876
2006ot CMFGEN 1.04 True 3171.7927 30 0.0531 54050.731590246316 0.09291744316578843 5.2317519288771546e-11 8.498646547984098e-13 0.4696056777577929 0.005331075796298426 0.015213385022200876
2006ot CMFGEN 1.4 True 633.3635 30 0.0531 54043.83663874246 0.14091158927840297 2.1679140919328718e-11 3.720281703199341e-13 0.1680020353803693 0.006040432876449943 0.015213385022200876
2006ot CMFGEN 1.7 True 3978.9219 30 0.0531 54049.45087967841 0.09803955453753588 4.782880149852989e-11 7.993724436479474e-13 0.4449963880365428 0.0054664213205190245 0.015213385022200876
2006py CMFGEN 1.02 True 66.90907 13 0.0579 54051.76275887042 0.1225384923745878 1.9041626363419522e-11 4.0391589099692003e-13 0.11618273469430608 0.006983809347436095 0.051704042485135854
2006py CMFGEN 1.04 True 386.34946 13 0.0579 54055.88052213478 0.09233078082252177 2.792587806895537e-11 5.739797745831106e-13 0.24479040643981587 0.006620054721006971 0.051704042485135854
2006py CMFGEN 1.4 True 49.84093 13 0.0579 54049.51844998321 0.13350770869510598 1.276715815439714e-11 2.830265394311449e-13 -0.016209532832172226 0.00748125679098065 0.051704042485135854
2006py CMFGEN 1.7 True 320.1056 13 0.0579 54054.47251745666 0.09669402072904631 2.484964303721904e-11 5.217141058258338e-13 0.2104894348450854 0.006770485999971927 0.051704042485135854
2007A CMFGEN 1.02 True 263.84708 16 0.0177 54095.29889908479 0.03759715432897792 1.9899070378137306e-10 1.855263602686554e-12 0.18736412218791898 0.0032230567654115256 0.06339063743510513
2007A CMFGEN 1.04 True 1039.0421 16 0.0177 54098.18782473895 0.03108472617168445 3.0227405286467027e-10 2.9167554604060395e-12 0.3146481212778391 0.003348961657841725 0.06339063743510513
2007A CMFGEN 1.4 True 531.30774 16 0.0177 54093.416449872326 0.044584528950508684 1.517049415677522e-10 1.4056477035472013e-12 0.1030062799447574 0.003198834692486535 0.06339063743510513
2007A CMFGEN 1.7 True 841.323 16 0.0177 54097.23404679398 0.03154405837631202 2.6370181089795737e-10 2.5180826542100917e-12 0.27320710729530656 0.003301736167176461 0.06339063743510513
2007N CMFGEN 1.02 True 18744.273 41 0.0129 54103.528810747455 0.07367707451703609 3.192547311454658e-10 4.453080604827017e-12 0.9756434490960091 0.004971891643056481 0.03466644583272683
2007N CMFGEN 1.04 True 9529.421 41 0.0129 54107.56786242554 0.06213649042547331 6.57531013610392e-10 8.965337981277894e-12 1.193540999167711 0.004892898389768251 0.03466644583272683
2007N CMFGEN 1.4 True 23639.604 41 0.0129 54100.54348096172 0.09001769014139427 1.751277396943877e-10 2.448247999156934e-12 0.7725118096545682 0.0050203758149651905 0.03466644583272683
2007N CMFGEN 1.7 True 8301.179 41 0.0129 54106.08548795259 0.06844767744041746 8.238480179156047e-10 1.1798163185812478e-11 1.2697617538159784 0.005053108773629323 0.03466644583272683
2007S CMFGEN 1.02 True 13510.87 46 0.0139 54126.521062748485 0.01966595833437168 7.700104179142387e-10 5.482297787587537e-12 0.6127348167453263 0.002430255448012553 0.023917370294342193
2007S CMFGEN 1.04 True 25612.467 46 0.0139 54128.906592042404 0.016318033729476156 1.5055303860957197e-09 1.0544277441034151e-11 0.7909473946845449 0.0023658251414723974 0.023917370294342193
2007S CMFGEN 1.4 True 10445.119 46 0.0139 54125.12277133082 0.021135429222340463 4.418524834201142e-10 3.0473919539722945e-12 0.44408466106598765 0.0023435671408602093 0.023917370294342193
2007S CMFGEN 1.7 True 36729.363 46 0.0139 54128.1608013987 0.017122284312790725 1.5938445367096888e-09 1.1820985098846987e-11 0.8270928633962492 0.0025152224558557174 0.023917370294342193
2007af CMFGEN 1.02 True 38733.484 72 0.0055 54156.45927937408 0.021708893225877546 3.764316308417659e-09 1.907921110291425e-11 0.4947867125132977 0.0017400335905782514 0.03369874683150666
2007af CMFGEN 1.04 True 43823.074 72 0.0055 54159.500815723004 0.017594152679521358 8.115710523043108e-09 3.986657724538378e-11 0.7018147108660912 0.0016845547988559697 0.03369874683150666
2007af CMFGEN 1.4 True 40042.387 72 0.0055 54154.81205690064 0.02398154958791565 2.133997713666451e-09 1.0620233495362252e-11 0.32572467039721226 0.0016896716188908364 0.03369874683150666
2007af CMFGEN 1.7 True 69774.4 72 0.0055 54159.02475648955 0.01773705040977802 1.079785071118982e-08 5.6635757959852845e-11 0.8162861137845897 0.0018137090077792256 0.03369874683150666
2007ai CMFGEN 1.02 True 1922.0629 35 0.0317 54156.3880345538 0.0930629083304666 1.021126771862832e-10 1.7863912966786792e-12 0.3962665204827653 0.005754246000437094 0.28493849738385585
2007ai CMFGEN 1.04 True 3069.0483 35 0.0317 54160.19467935006 0.07297013073184644 1.6318717918268952e-10 2.8592726150859557e-12 0.5411083037242304 0.005734992779257847 0.28493849738385585
2007ai CMFGEN 1.4 True 1546.9752 35 0.0317 54154.57295889848 0.09757134930259781 6.546625785300414e-11 1.1433383518177566e-12 0.253337215354884 0.0057965363043559915 0.28493849738385585
2007ai CMFGEN 1.7 True 4090.5923 35 0.0317 54159.03832978137 0.07773212164102006 1.6137767222015212e-10 2.886831288399865e-12 0.5470012896439628 0.005838455283802693 0.28493849738385585
2007al CMFGEN 1.02 True 10939.904 32 0.0122 54150.32183641771 0.10880989430006593 2.320257264908525e-10 4.160035444077868e-12 0.7613441283909863 0.006555942198893227 0.03612839183245699
2007al CMFGEN 1.04 True 5702.582 32 0.0122 54154.60188556816 0.08294318824846414 5.163324802200589e-10 9.002720790180537e-12 0.998361041635563 0.006450757951799717 0.03612839183245699
2007al CMFGEN 1.4 True 13303.856 32 0.0122 54147.20688305517 0.11837566188114579 1.2433415533542021e-10 2.2216736363420427e-12 0.5485808904775816 0.006491400448366258 0.03612839183245699
2007al CMFGEN 1.7 True 5136.6235 32 0.0122 54153.29416208966 0.09343380023710779 7.020422485842327e-10 1.3126068170836419e-11 1.109077145364416 0.006875891360262333 0.03612839183245699
2007as CMFGEN 1.02 True 24874.354 44 0.0176 54163.073776409954 0.03990428381803213 3.4262017790754694e-10 2.46517728362288e-12 0.39408259173819904 0.0024297966042261085 0.12248805092706036
