results/band_fits/u_g_r_J.ecsv
# %ECSV 0.9
# ---
# datatype:
# - {name: object ID, datatype: string}
# - {name: model, datatype: string}
# - {name: version, datatype: string}
# - {name: success, datatype: bool}
# - {name: chisq, datatype: float32}
# - {name: ndof, datatype: int32}
# - {name: z, datatype: float64}
# - {name: t0, datatype: float64}
# - {name: t0_err, datatype: float64}
# - {name: x0, datatype: float64}
# - {name: x0_err, datatype: float64}
# - {name: hostebv, datatype: float64}
# - {name: hostebv_err, datatype: float64}
# - {name: mwebv, datatype: float64}
# meta:
#   bands: [csp_dr3_u, csp_dr3_g, csp_dr3_r, csp_dr3_J]
# schema: astropy-2.0
"object ID" model version success chisq ndof z t0 t0_err x0 x0_err hostebv hostebv_err mwebv
2004ef CMFGEN 1.02 True 88631.05 131 0.031 53245.48430461033 0.010979021149978507 8.282435394790928e-11 3.227823309424224e-13 0.337617491813921 0.0012781799189726137 0.04722849348904677
2004ef CMFGEN 1.04 True 94622.125 131 0.031 53248.449091548384 0.009138611723756185 1.5661775186727814e-10 6.202092048115318e-13 0.521043961006626 0.0012924340388256058 0.04722849348904677
2004ef CMFGEN 1.4 True 79203.98 131 0.031 53243.860886698174 0.011895070849277545 5.430715275843096e-11 2.0569252885343227e-13 0.20503458480275824 0.0012392465094525579 0.04722849348904677
2004ef CMFGEN 1.7 True 138743.0 131 0.031 53247.44819908479 0.009823464748478727 1.5700289565161458e-10 6.573514809101559e-13 0.5381007910752919 0.0013723452620920547 0.04722849348904677
2004eo CMFGEN 1.02 True 155486.16 118 0.0157 53261.17237814331 0.003999557167844614 6.118064447581253e-10 1.3538188301208527e-12 0.47789781187222613 0.000805266083395635 0.09289687254685808
2004eo CMFGEN 1.04 True 188920.67 118 0.0157 53262.980861822 0.003352533371071331 1.0191898525105738e-09 2.1135729352026108e-12 0.6001363724324608 0.0007429858966793114 0.09289687254685808
2004eo CMFGEN 1.4 True 170344.16 118 0.0157 53259.94533475876 0.004383644809422549 4.2065824976817553e-10 1.019554240852185e-12 0.3718732484497786 0.0008875223702499702 0.09289687254685808
2004eo CMFGEN 1.7 True 253265.7 118 0.0157 53262.31665383973 0.003797704936005175 9.566497745092986e-10 1.9379059646120472e-12 0.5964690341506186 0.000722189851885437 0.09289687254685808
2004ey CMFGEN 1.02 True 89385.66 94 0.0158 53286.54251016679 0.011890606972883688 4.3021610477791323e-10 1.3876448917211618e-12 0.226967354587156 0.0010919031098295963 0.11818709721249746
2004ey CMFGEN 1.04 True 119177.984 94 0.0158 53289.14681056486 0.010262681571475696 7.418733500491652e-10 2.4583404753474793e-12 0.38542448928548956 0.0011190026221584441 0.11818709721249746
2004ey CMFGEN 1.4 True 85992.195 94 0.0158 53285.05299285801 0.012709844802884618 2.9815907152824345e-10 9.710154181491117e-13 0.11288596971687717 0.001098540438985384 0.11818709721249746
2004ey CMFGEN 1.7 True 159674.88 94 0.0158 53288.29389887691 0.010821354717336362 7.35530910289262e-10 2.468844935034929e-12 0.3959654632764748 0.0011349323008688944 0.11818709721249746
2004gs CMFGEN 1.02 True 42519.777 130 0.0267 53335.87553745734 0.03864382013853174 1.0723653443529343e-10 8.491909099092065e-13 0.5207014585922114 0.0027312562459422787 0.026477202576998395
2004gs CMFGEN 1.04 True 34098.562 130 0.0267 53340.16269123426 0.03112237699315301 2.2028069130005078e-10 1.6580112933468654e-12 0.7338766463695489 0.002613759877025796 0.026477202576998395
2004gs CMFGEN 1.4 True 48234.836 130 0.0267 53334.03271468938 0.04035828597625368 5.861402204514979e-11 4.683285361547115e-13 0.33388432895664455 0.002725184213771494 0.026477202576998395
2004gs CMFGEN 1.7 True 46287.895 130 0.0267 53339.37694558946 0.03300660200693528 2.7619355285952424e-10 2.212794567778343e-12 0.8235214271652896 0.0028010523799073587 0.026477202576998395
2004gu CMFGEN 1.02 True 5964.8716 65 0.0459 53344.57788467581 0.04116507263825042 5.376944489012632e-11 4.814695927927303e-13 0.2993512216352498 0.003110569369346972 0.022829520827045438
2004gu CMFGEN 1.04 True 13925.819 65 0.0459 53348.15431963675 0.03322319184371736 1.0196577415136069e-10 9.147307439436745e-13 0.49497242768931177 0.00309744897010263 0.022829520827045438
2004gu CMFGEN 1.4 True 4791.9546 65 0.0459 53342.59644806639 0.045520194344135234 3.240420633770751e-11 2.9541067218613743e-13 0.13743416229259936 0.003149576644236653 0.022829520827045438
2004gu CMFGEN 1.7 True 18419.041 65 0.0459 53347.1135060418 0.03420979419388459 9.992136520957931e-11 9.287899740653125e-13 0.5009824570335109 0.0032158482749485217 0.022829520827045438
2005M CMFGEN 1.02 True 40430.867 171 0.022 53388.07482279057 0.017417012477380922 1.40388790806262e-10 6.565915488786404e-13 0.18093426727085374 0.001513540566842076 0.026828269304116723
2005M CMFGEN 1.04 True 61669.043 171 0.022 53390.78135442443 0.014718901587912114 2.306717050076158e-10 1.0771571418183816e-12 0.32066208650695216 0.001504047289971013 0.026828269304116723
2005M CMFGEN 1.4 True 33126.945 171 0.022 53386.554056498884 0.018509278233977966 9.463559952839003e-11 4.351676254457628e-13 0.060126949003941985 0.001483132815441671 0.026828269304116723
2005M CMFGEN 1.7 True 87473.164 171 0.022 53389.793719613604 0.01572607646448887 2.2824594135124978e-10 1.110258128566652e-12 0.3309806561700791 0.001571527895302633 0.026828269304116723
2005al CMFGEN 1.02 True 82619.34 112 0.0124 53412.19803692825 0.03068401701602852 4.781091579575098e-10 2.5040786249756636e-12 0.3975527972435317 0.0016607290464522792 0.04777394682567044
2005al CMFGEN 1.04 True 74572.63 112 0.0124 53415.31174061366 0.03174488555669086 1.1120430330459405e-09 5.443182184543003e-12 0.6367048731743483 0.001571864819629782 0.04777394682567044
2005al CMFGEN 1.4 True 85514.9 112 0.0124 53410.919610530465 0.03031003685100586 2.626651221731673e-10 1.3470046367582705e-12 0.21685449275571708 0.0016141319627582837 0.04777394682567044
2005al CMFGEN 1.7 True 108215.93 112 0.0124 53413.82028869151 0.03867103305674391 1.5128571003590272e-09 8.46128771615804e-12 0.7510625190946122 0.0017300664145131616 0.04777394682567044
2005am CMFGEN 1.02 True 125211.766 93 0.0079 53416.61098379127 0.027168727941898396 2.1149944075345013e-09 9.94610525926779e-12 0.505702624281493 0.0014846344596709962 0.046124031495588254
2005am CMFGEN 1.04 True 114720.53 93 0.0079 53420.67578156857 0.0276549088084721 5.014521396308793e-09 2.208072332438699e-11 0.7579817776520136 0.0014406061129360475 0.046124031495588254
2005am CMFGEN 1.4 True 119232.94 93 0.0079 53415.6678799717 0.02541682305673021 1.144239937021862e-09 5.117329444127446e-12 0.3211464011908382 0.0013986758889344326 0.046124031495588254
2005am CMFGEN 1.7 True 150975.1 93 0.0079 53420.118274299624 0.03141987171329674 6.983986605173044e-09 3.4065631097122995e-11 0.892860223349179 0.001579476963985895 0.046124031495588254
2005el CMFGEN 1.02 True 59588.95 96 0.0149 53627.39769120407 0.023992934115085518 4.880231141889328e-10 2.3740475222666384e-12 0.38965531018529775 0.00166673614338773 0.09808364969164196
2005el CMFGEN 1.04 True 61506.08 96 0.0149 53630.62570941678 0.019120116066915216 1.0592273662674843e-09 4.686081753130431e-12 0.605405540730313 0.0014827974507566773 0.09808364969164196
2005el CMFGEN 1.4 True 62770.16 96 0.0149 53626.05057166685 0.025602493500628043 2.5351652503000897e-10 1.2741193957992207e-12 0.18692873590736828 0.001709227721404111 0.09808364969164196
2005el CMFGEN 1.7 True 83297.47 96 0.0149 53630.047014614094 0.021263183811242925 1.2301397658655144e-09 5.466705018074094e-12 0.6796879120524134 0.0014838578260175349 0.09808364969164196
2005eq CMFGEN 1.02 True 14864.153 89 0.029 53637.23312405422 0.033780277390178526 1.0667235181927059e-10 7.164234195193212e-13 0.20462563691622257 0.002181339549741341 0.06362687563506927
2005eq CMFGEN 1.04 True 23576.816 89 0.029 53640.103445840956 0.030793956393608823 1.8413874709680058e-10 1.2014203062093927e-12 0.363630012665934 0.002093811053297337 0.06362687563506927
2005eq CMFGEN 1.4 True 13996.166 89 0.029 53635.83676927009 0.034478781017242 6.656970132338551e-11 4.439772833252347e-13 0.060480869506206326 0.002175525737740219 0.06362687563506927
2005eq CMFGEN 1.7 True 33071.773 89 0.029 53639.17900217155 0.031080177795956843 1.7895100204444864e-10 1.2211146915907227e-12 0.3677504444630205 0.0021915647297869904 0.06362687563506927
2005gj CMFGEN 1.02 True 93816.64 90 0.0616 53689.67793305634 0.033439479891967494 4.15859975798069e-10 3.951902503559674e-12 0.8464490484473123 0.0034500467435996975 0.10432937283711677
2005gj CMFGEN 1.04 True 199046.5 90 0.0616 53713.06839994048 0.05458899703444331 6.066610253769867e-10 5.946487708086734e-12 1.1159938960195948 0.003720257785307328 0.10432937283711677
2005gj CMFGEN 1.4 True 84244.26 90 0.0616 53688.19474504437 0.036812932550674304 3.229433120702269e-10 2.988780999004557e-12 0.7717780675340179 0.0034017268031736607 0.10432937283711677
2005hc CMFGEN 1.02 True 8290.19 63 0.0459 53648.70233426724 0.037422095196234295 3.415796806420833e-11 2.7510497375396485e-13 0.14164635313008836 0.002543411133043823 0.02814121741934405
2005hc CMFGEN 1.04 True 14200.637 63 0.0459 53651.9184468751 0.031252651308022905 5.397298802186418e-11 4.3305345811180315e-13 0.28338375809908073 0.0025157706262371165 0.02814121741934405
2005hc CMFGEN 1.4 True 6848.3657 63 0.0459 53647.01129056678 0.03960341459969641 2.4046639158746747e-11 1.9454749833740815e-13 0.029536636255723985 0.002554379420489148 0.02814121741934405
2005hc CMFGEN 1.7 True 20644.717 63 0.0459 53650.6201163514 0.03301200892747147 4.9963495729398955e-11 4.167614076997191e-13 0.2673811763722916 0.002624270372535389 0.02814121741934405
2005hj CMFGEN 1.02 True 1396.5682 41 0.0574 53655.91785432616 0.07197223719049362 2.2948453478848495e-11 3.9476929379748235e-13 0.11527451294956359 0.005316460398225159 0.03331170812174909
2005hj CMFGEN 1.04 True 2702.4443 41 0.0574 53659.4035321072 0.05753286764229415 3.717221307935041e-11 6.289743334657213e-13 0.2650629136041885 0.005196842131883601 0.03331170812174909
2005hj CMFGEN 1.4 True 1067.5759 41 0.0574 53654.17817053292 0.07753455463898717 1.6038789426501877e-11 2.8033239659975676e-13 0.0004993976254571858 0.005399029260571296 0.03331170812174909
2005hj CMFGEN 1.7 True 3735.5334 41 0.0574 53658.02756781087 0.060753586592909414 3.339990422102302e-11 5.840011680952046e-13 0.23841905588795556 0.00538463973122703 0.03331170812174909
2005hk CMFGEN 1.02 True 313996.8 103 0.013 53642.70959470923 0.033405762776965275 1.1120272017877386e-09 6.994283238069063e-12 0.6268429207567732 0.0021784593822736192 0.020061264631809475
2005hk CMFGEN 1.04 True 330002.6 103 0.013 53642.01454375565 0.04271423320460599 2.4689097220002297e-09 1.4740688807290824e-11 0.7886548800979761 0.002011181213006225 0.020061264631809475
2005hk CMFGEN 1.4 True 75395.516 103 0.013 53666.29178953804 0.019731566175323678 4.3554604008170637e-10 2.1473305291236963e-12 0.5520976624567195 0.0018006215613877278 0.020061264631809475
2005hk CMFGEN 1.7 True 300412.34 103 0.013 53544.599631609526 0.18964775561107672 4.901026045668818e-06 4.396394414093323e-08 2.6400646956130847 0.0023226324335561227 0.020061264631809475
2005iq CMFGEN 1.02 True 9734.046 63 0.034 53668.4138596059 0.03012525937447208 3.895066971444754e-11 3.14555590885522e-13 0.05978213491251446 0.002555104760332692 0.01900663001980604
2005iq CMFGEN 1.04 True 11153.903 63 0.034 53671.71429441505 0.02457024561954313 6.480717786604206e-11 5.101788547960776e-13 0.21100458228956084 0.0024730124472805487 0.01900663001980604
2005iq CMFGEN 1.4 True 9582.903 63 0.034 53666.73864483842 0.03229879671198432 2.5207987118498987e-11 2.0340411828909647e-13 -0.07654159498989994 0.0025554190736416594 0.01900663001980604
2005iq CMFGEN 1.7 True 15246.278 63 0.034 53670.54686471004 0.02578209060811787 5.998333934835068e-11 4.876892869266788e-13 0.19455620051894806 0.0025633929088820016 0.01900663001980604
2005kc CMFGEN 1.02 True 13942.364 49 0.0151 53680.11057539551 0.017354265379253775 4.975329995316885e-10 3.822631462443858e-12 0.47273298751936615 0.002677822876013142 0.11361467365635353
2005kc CMFGEN 1.04 True 16376.089 49 0.0151 53682.31467436608 0.014599587771954248 7.602261400408904e-10 6.054208924707803e-12 0.5890796755389733 0.0027557978593514324 0.11361467365635353
2005kc CMFGEN 1.4 True 13594.58 49 0.0151 53678.79170367462 0.018573766526969848 3.5726438688360524e-10 2.746067631855877e-12 0.3700699020370791 0.0026828324270001024 0.11361467365635353
2005kc CMFGEN 1.7 True 20365.385 49 0.0151 53681.48415112014 0.01527748568696552 7.044017835565748e-10 5.6902434589897724e-12 0.5742532904747646 0.002790857854852602 0.11361467365635353
2005ke CMFGEN 1.02 True 157653.7 152 0.0049 53682.50718526107 0.011968186423473526 1.9634665440714813e-09 8.759669093678851e-12 0.7821846506521929 0.001608668458174789 0.021125155887244045
2005ke CMFGEN 1.04 True 113282.695 152 0.0049 53685.16641807905 0.00874593275875668 4.517057151640704e-09 1.7814193865459062e-11 0.990908148246627 0.001412693703487605 0.021125155887244045
2005ke CMFGEN 1.4 True 186180.94 152 0.0049 53680.67464302392 0.013459872323437594 1.0168968242966093e-09 4.780817131135098e-12 0.5866907682948779 0.0016735084192681354 0.021125155887244045
2005ke CMFGEN 1.7 True 120241.42 152 0.0049 53684.747427130635 0.009164359471469652 5.396844346463267e-09 2.0739020489195465e-11 1.0609616560018105 0.001381577695383389 0.021125155887244045
2005ki CMFGEN 1.02 True 58775.715 140 0.0192 53687.309372756616 0.0192167442983191 2.360682575401922e-10 1.4010973828165963e-12 0.372739066683517 0.0020453452487466787 0.027486266648353123
2005ki CMFGEN 1.04 True 48522.18 140 0.0192 53690.05678699984 0.015475981734198285 4.735911667718347e-10 2.7085429426854876e-12 0.5584172607807271 0.0019716030122820588 0.027486266648353123
2005ki CMFGEN 1.4 True 71009.56 140 0.0192 53685.75257521267 0.021631677362165647 1.3119296942848477e-10 8.017251552250411e-13 0.19745195775321145 0.002086361047497692 0.027486266648353123
2005ki CMFGEN 1.7 True 67456.414 140 0.0192 53689.34812688017 0.016140004845510703 5.892254567311745e-10 3.3110271332891315e-12 0.6490471214234955 0.00195106998436449 0.027486266648353123
2005na CMFGEN 1.02 True 35526.637 70 0.0263 53721.88380193879 0.03580598825283232 1.446453250003678e-10 1.058477158581595e-12 0.25602868743631524 0.0024023607584801967 0.06681481625966589
2005na CMFGEN 1.04 True 42813.285 70 0.0263 53725.489298497356 0.032438201105833286 2.732342984325001e-10 1.9739460630533445e-12 0.4472383527346744 0.002360741251147815 0.06681481625966589
2005na CMFGEN 1.4 True 31507.756 70 0.0263 53720.57060063993 0.034925945572467754 8.009984335321135e-11 5.784009850097583e-13 0.07135832168089715 0.0023638974689403664 0.06681481625966589
2005na CMFGEN 1.7 True 60272.383 70 0.0263 53724.51648847845 0.03308047397513292 2.978013870439584e-10 2.214784476536542e-12 0.49363271618583454 0.0024364553888446745 0.06681481625966589
2006D CMFGEN 1.02 True 78647.31 128 0.0085 53739.29476959895 0.03078948683833005 1.3876952376322724e-09 6.148470020657088e-12 0.529524381912858 0.0015078343852416632 0.039300265923908353
2006D CMFGEN 1.04 True 63015.914 128 0.0085 53742.1845350674 0.02703305077011464 3.2164726653553046e-09 1.3773544897784136e-11 0.7526585734593599 0.0014710909947858483 0.039300265923908353
2006D CMFGEN 1.4 True 97682.13 128 0.0085 53738.28254762257 0.02960764391173143 6.937644086674155e-10 3.1052852223919012e-12 0.3293140644485987 0.001514083045786612 0.039300265923908353
2006D CMFGEN 1.7 True 92289.914 128 0.0085 53741.68314205791 0.025729028402565746 4.637498923098372e-09 2.242363396356169e-11 0.8924287525223517 0.0016477851084279918 0.039300265923908353
2006X CMFGEN 1.02 True 46371.055 123 0.0052 53768.782903376945 0.008923151188355405 2.462628208645382e-08 7.117556012645397e-11 1.4579183976488814 0.0010306115682587223 0.022553426442264515
2006X CMFGEN 1.04 True 457747.94 123 0.0052 53695.16671930236 0.11538910531089641 2.622063614284798e-06 1.599889084303893e-08 2.3991749218359444 0.0016457220782551266 0.022553426442264515
2006X CMFGEN 1.4 True 39043.316 123 0.0052 53767.28366064503 0.01009086176782148 1.5566445036747566e-08 4.615111674888512e-11 1.3272856180261443 0.0010626168635328285 0.022553426442264515
2006X CMFGEN 1.7 False 1151565.4 123 0.0052 53762.19837457545 117.61150620892295 2.133589869811385e-10 5.0167594459817884e-14 0.13390463405227687 7.408944630099399e-05 0.022553426442264515
2006ax CMFGEN 1.02 True 45880.25 94 0.0167 53809.5748670493 0.011713993033481529 4.411642914924912e-10 1.880413181441636e-12 0.3468248530676559 0.0014890373261109088 0.04323992187949964
2006ax CMFGEN 1.04 True 59976.984 94 0.0167 53811.54931744088 0.009810588155232836 8.33142123665238e-10 3.4389667782367355e-12 0.5149333334503527 0.0014348809438795458 0.04323992187949964
