results/band_fits/u_g_r_Y_J.ecsv
# %ECSV 0.9
# ---
# datatype:
# - {name: object ID, datatype: string}
# - {name: model, datatype: string}
# - {name: version, datatype: string}
# - {name: success, datatype: bool}
# - {name: chisq, datatype: float32}
# - {name: ndof, datatype: int32}
# - {name: z, datatype: float64}
# - {name: t0, datatype: float64}
# - {name: t0_err, datatype: float64}
# - {name: x0, datatype: float64}
# - {name: x0_err, datatype: float64}
# - {name: hostebv, datatype: float64}
# - {name: hostebv_err, datatype: float64}
# - {name: mwebv, datatype: float64}
# meta:
#   bands: [csp_dr3_u, csp_dr3_g, csp_dr3_r, csp_dr3_Y, csp_dr3_J]
# schema: astropy-2.0
"object ID" model version success chisq ndof z t0 t0_err x0 x0_err hostebv hostebv_err mwebv
[from data line 86]
2006hb CMFGEN 1.4 True 45569.117 94 0.0153 53984.36932225898 0.04595330113443197 2.5587213014266797e-10 1.615292992142088e-12 0.4123664882980452 0.0021673208129566798 0.023450809335250816
2006hb CMFGEN 1.7 True 39037.3 94 0.0153 53987.83201563729 0.049257200793363154 1.4342888738042416e-09 1.0705642164287042e-11 0.9349471019687029 0.002247446972606373 0.023450809335250816
2006is CMFGEN 1.02 True 15851.087 77 0.031 53993.523349895004 0.04609660655114567 1.2702804205687926e-10 7.014391688755823e-13 0.2740529490092758 0.0018379132114696738 0.028965576049208273
2006is CMFGEN 1.04 True 35674.312 77 0.031 53996.42601158318 0.06161855356549495 2.4435125612926164e-10 1.424012548076156e-12 0.4597430231142734 0.0018210452525184162 0.028965576049208273
2006is CMFGEN 1.4 True 13063.104 77 0.031 53992.483756297486 0.04115051454573404 7.373332738843158e-11 4.115250658155962e-13 0.11564937449843318 0.001899181067607205 0.028965576049208273
2006is CMFGEN 1.7 True 55481.527 77 0.031 53995.59138684472 0.062492097305948846 2.515431958003873e-10 1.613052772577955e-12 0.4855823739641798 0.001900799001920035 0.028965576049208273
2006kf CMFGEN 1.02 True 36373.63 93 0.0213 54021.05574982747 0.03827001364334137 2.6431460409872973e-10 1.831804508123202e-12 0.48192825648678544 0.0025615928696719366 0.2111548865539906
2006kf CMFGEN 1.04 True 33759.633 93 0.0213 54025.28421635828 0.02769100853765849 5.168110382867575e-10 3.616530063062639e-12 0.6829010764349827 0.0025767859547354177 0.2111548865539906
2006kf CMFGEN 1.4 True 40032.55 93 0.0213 54018.90470668177 0.03940743341809139 1.588267844696862e-10 1.1559810625686244e-12 0.3164799469190492 0.002678905674226322 0.2111548865539906
2006kf CMFGEN 1.7 True 42538.426 93 0.0213 54024.46225230762 0.02893669692639378 5.626574405542564e-10 3.989268442111828e-12 0.7268976641328343 0.002606644874790983 0.2111548865539906
2006mr CMFGEN 1.02 True 85322.39 111 0.0059 54031.02947277865 0.041836890170088736 1.2407823120832048e-09 6.676084604551229e-12 0.7572604144472547 0.0020149108038937406 0.01798173198598729
2006mr CMFGEN 1.04 True 93611.69 111 0.0059 54015.15278921642 0.05616313611972146 7.051276014527166e-09 4.082462301221658e-11 1.0632340464889398 0.0021554146115550215 0.01798173198598729
2006mr CMFGEN 1.4 True 94338.055 111 0.0059 54028.026138940346 0.05162522072350839 7.362985084865004e-10 4.176279059064365e-12 0.5873917225288592 0.0020906613280614736 0.01798173198598729
2006mr CMFGEN 1.7 True 69155.73 111 0.0059 54035.84603462336 0.03009922401906806 4.234135189623185e-09 2.2336883359130106e-11 1.1509626272121716 0.002033836167439755 0.01798173198598729
2006ob CMFGEN 1.4 True 3332.1797 29 0.0592 54039.36700450903 0.12443822156637907 9.248139338704544e-12 2.505723032144498e-13 0.01055257357228706 0.008988907514034939 0.028481219035194537
2006os CMFGEN 1.02 True 4293.358 54 0.0328 54045.81061783109 0.07781867286394117 1.6225193492935037e-10 1.5931568026591066e-12 0.704465885738479 0.003562673653049849 0.12540838006801724
2006os CMFGEN 1.04 True 6918.652 54 0.0328 54050.3464865066 0.06468045286965207 2.8691071074340656e-10 2.9170298119451315e-12 0.8907606362674623 0.003649512265896297 0.12540838006801724
2006os CMFGEN 1.4 True 4124.4536 54 0.0328 54043.93121636766 0.07773809353602701 1.0412981784873835e-10 1.0489408958827074e-12 0.5599542693659727 0.003734497540133012 0.12540838006801724
2006os CMFGEN 1.7 True 10535.838 54 0.0328 54049.730696005594 0.06265198203982436 2.989756317064509e-10 3.261161210003029e-12 0.9195650000565875 0.0038684998635807014 0.12540838006801724
2006ot CMFGEN 1.02 True 4918.8633 64 0.0531 54048.00091981712 0.08979754983374733 6.156224883023998e-11 8.155503882880815e-13 0.5300418691355805 0.004690345437283315 0.015213385022200876
2006ot CMFGEN 1.04 True 8538.449 64 0.0531 54031.72624232285 0.17198787673623883 1.5705510142932174e-10 2.0902939680590397e-12 0.5088259257740878 0.004796489030652615 0.015213385022200876
2006ot CMFGEN 1.4 True 4242.465 64 0.0531 54046.03070057379 0.09494330653251382 4.1250605792809326e-11 5.489539548685999e-13 0.39811430353721117 0.00477428384027189 0.015213385022200876
2007A CMFGEN 1.04 True 8596.478 44 0.0177 54098.063064191236 0.029514024510717718 4.807377098220862e-10 4.692567425364814e-12 0.47341541950050087 0.0035893855513355255 0.06339063743510513
2007A CMFGEN 1.4 True 5832.3467 44 0.0177 54093.14436093039 0.0431268660868227 2.106043407538581e-10 1.7404894311266064e-12 0.2143298951945888 0.0030150202040596795 0.06339063743510513
2007A CMFGEN 1.7 False 197778.11 44 0.0177 53893.35917094322 133.38630508843198 2.2364103933473642e-09 1.0024856187680422 -0.4753507744033388 1.0024855937039898 0.06339063743510513
2007N CMFGEN 1.02 False 94132.98 75 0.0129 54093.793516619124 225.46454501754852 1.7477075282688865e-10 0.0 0.5227343185103097 1.0000031460700656 0.03466644583272683
2007N CMFGEN 1.04 True 27943.824 75 0.0129 54109.25632601498 0.05349461841979064 1.2643954297032763e-09 8.255268478510322e-12 1.4526232477198977 0.002646884323944855 0.03466644583272683
2007N CMFGEN 1.4 True 50520.668 75 0.0129 54103.989748139604 0.06501578725146828 3.616640458212843e-10 2.5430081089394986e-12 1.0787895976680413 0.002952206294226831 0.03466644583272683
2007N CMFGEN 1.7 True 20727.295 75 0.0129 54107.87559323987 0.05055588614413864 1.811388571046692e-09 1.367996929151432e-11 1.5817184732248337 0.0028285043640904834 0.03466644583272683
2007S CMFGEN 1.02 True 22184.85 98 0.0139 54126.75565526422 0.017938271674211137 9.041317856819698e-10 3.139744447599447e-12 0.6681621346818173 0.0013270077302251903 0.023917370294342193
2007S CMFGEN 1.04 True 36976.258 98 0.0139 54129.07990261062 0.014487304779322585 1.8257577944347045e-09 6.31373454289821e-12 0.8558540418135102 0.001305732171808793 0.023917370294342193
2007S CMFGEN 1.4 True 20676.066 98 0.0139 54125.27189547296 0.019541874346032273 5.874015105929244e-10 2.1140160244295185e-12 0.5405855959780391 0.00137974957384802 0.023917370294342193
2007S CMFGEN 1.7 True 72992.7 98 0.0139 54128.37145102924 0.01563636237915489 1.7617204129573078e-09 6.472550584822403e-12 0.8617126751039745 0.0013627894451678786 0.023917370294342193
2007af CMFGEN 1.02 True 61721.867 162 0.0055 54157.21277481962 0.01180479078902863 4.8208865206377774e-09 9.943523178255913e-12 0.5849292737706258 0.0008565241209420076 0.03369874683150666
2007af CMFGEN 1.04 True 72614.695 162 0.0055 54159.73181235746 0.007996023337909719 1.0085692043374586e-08 2.0362314391600055e-11 0.7756545459414589 0.0008175034473210295 0.03369874683150666
2007af CMFGEN 1.4 True 70851.63 162 0.0055 54155.31833966128 0.014458080317126587 3.04421454596125e-09 6.434555603515335e-12 0.4506929179709866 0.0008809217357644971 0.03369874683150666
2007af CMFGEN 1.7 True 152224.67 162 0.0055 54159.48553618487 0.00846710101905046 1.0657200176931748e-08 2.1522795533888674e-11 0.815283283587129 0.000803999979671496 0.03369874683150666
2007ai CMFGEN 1.02 True 3156.7373 51 0.0317 54156.50068315165 0.08246067313302774 1.3791800290762033e-10 1.7864747587802087e-12 0.494524188714395 0.004471446093980989 0.28493849738385585
2007ai CMFGEN 1.04 True 4449.664 51 0.0317 54160.38668066335 0.06438105665802141 2.3789106226616976e-10 3.2018164694402406e-12 0.6645834811225033 0.004650450245349508 0.28493849738385585
2007ai CMFGEN 1.4 True 3252.6274 51 0.0317 54154.60010162764 0.08523812867133529 9.223804882421444e-11 1.2478258711579021e-12 0.3643165688207229 0.004692809429126748 0.28493849738385585
2007ai CMFGEN 1.7 True 5166.958 51 0.0317 54159.433036199836 0.06564783004432684 2.261040520434867e-10 2.9559460121831606e-12 0.6599344403281396 0.00452342456423789 0.28493849738385585
2007al CMFGEN 1.02 True 21611.998 58 0.0122 54150.29301461701 0.1766711987038434 4.0116339703737807e-10 4.684120487040932e-12 0.9618677112956303 0.00529896293088425 0.03612839183245699
2007al CMFGEN 1.04 True 15114.521 58 0.0122 54156.39806453245 0.08986176041071303 9.785176718591155e-10 1.1295892720752758e-11 1.2607434381434155 0.005134030862699898 0.03612839183245699
2007al CMFGEN 1.4 True 24946.396 58 0.0122 54146.676585601555 0.12529550705221482 2.400706920745875e-10 3.022002013925888e-12 0.782083591698085 0.005238606593546735 0.03612839183245699
2007al CMFGEN 1.7 True 11549.563 58 0.0122 54154.11181709428 0.10859663369410555 1.7079190996782962e-09 2.085732616889369e-11 1.4537963757722019 0.004597261895558715 0.03612839183245699
2007as CMFGEN 1.02 True 27649.902 77 0.0176 54163.09123235839 0.03862504319840809 4.0340748568348065e-10 2.2285166520363797e-12 0.4492747263024476 0.0019418041658673083 0.12248805092706036
2007as CMFGEN 1.04 True 28065.988 77 0.0176 54166.80784213023 0.03523249592035427 7.520434410652452e-10 4.281482268459128e-12 0.6309990140189372 0.0019827027238561315 0.12248805092706036
2007as CMFGEN 1.4 True 32049.318 77 0.0176 54161.55165761203 0.03762285788616282 2.4092304686085415e-10 1.3824297944005914e-12 0.291240708315382 0.002032120210594558 0.12248805092706036
2007as CMFGEN 1.7 True 45232.203 77 0.0176 54165.75469011459 0.037921907503914554 8.006145648582329e-10 4.5121126370145865e-12 0.6662313338797536 0.0019308502276386519 0.12248805092706036
2007ax CMFGEN 1.02 True 33895.156 49 0.0069 54153.62561294503 0.069664627466409 1.1563460627484754e-09 7.988951950177599e-12 0.7227563898093519 0.002796011211109535 0.046269740179905226
2007ax CMFGEN 1.4 True 38076.566 49 0.0069 54153.655425643134 0.08129533986357274 6.529234052614338e-10 4.940607750113624e-12 0.5786606319829115 0.0030564762172004246 0.046269740179905226
2007ax CMFGEN 1.7 True 28926.44 49 0.0069 54171.7992118756 0.04573239662204287 2.4977119248104998e-09 2.283763258086497e-11 1.1783130332926033 0.0035102014537871707 0.046269740179905226
2007ba CMFGEN 1.02 True 8868.752 65 0.0385 54177.262951062046 0.0641170705712284 1.1317637956865022e-10 1.206238502061261e-12 0.6761813250982658 0.0036413864737839976 0.03157813338813755
2007ba CMFGEN 1.04 True 8820.254 65 0.0385 54181.382272237315 0.05129118992772419 2.256860596171461e-10 2.503808812501151e-12 0.8883831530713854 0.0037516256591680944 0.03157813338813755
2007ba CMFGEN 1.4 True 8053.0474 65 0.0385 54175.43131235971 0.06422775807004655 7.561598656711327e-11 8.015794858530984e-13 0.5406223651520548 0.0036316191020594915 0.03157813338813755
2007ba CMFGEN 1.7 True 11129.483 65 0.0385 54180.24902586331 0.05450398999528261 2.1812650294216933e-10 2.496903555292382e-12 0.8909937192149049 0.0038401826432332854 0.03157813338813755
2007bc CMFGEN 1.02 True 31974.754 56 0.0208 54181.35622479015 0.03782828228941071 2.615323995989163e-10 1.8390536406508243e-12 0.41829673815490986 0.0024515276457182014 0.018619780482354808
2007bc CMFGEN 1.04 True 33708.723 56 0.0208 54185.17378432486 0.031417050853633555 4.622168256309276e-10 3.336201051997805e-12 0.5919876348757867 0.002537654221075713 0.018619780482354808
2007bc CMFGEN 1.4 True 30424.773 56 0.0208 54179.461593708584 0.038967589378444245 1.640378997026814e-10 1.1694337725015708e-12 0.26430418217725854 0.0024765344762791145 0.018619780482354808
2007bc CMFGEN 1.7 True 49712.035 56 0.0208 54184.06244862893 0.03402037520572776 5.377899061123637e-10 3.901387396924697e-12 0.6637468825358631 0.0025414616635597753 0.018619780482354808
2007bd CMFGEN 1.02 True 11373.743 59 0.0309 54188.75507566385 0.020855600294453325 8.108803612795295e-11 7.034222795892351e-13 0.25133421092591096 0.002911701860739909 0.029214747850011574
2007bd CMFGEN 1.04 True 14184.324 59 0.0309 54191.08401178722 0.01675938417611178 1.3580493467274848e-10 1.217580610238662e-12 0.3902238342800391 0.003000290679899171 0.029214747850011574
2007bd CMFGEN 1.4 True 11440.587 59 0.0309 54187.499154675796 0.02217247486623819 5.289312210243275e-11 4.615863536256346e-13 0.12046039298160259 0.0029168729239694526 0.029214747850011574
2007bd CMFGEN 1.7 True 20132.646 59 0.0309 54190.16795863938 0.01816292623334448 1.34845524369781e-10 1.2387133666212747e-12 0.40555961073858204 0.0030814347043216527 0.029214747850011574
2007bm CMFGEN 1.02 True 38282.445 38 0.0062 54206.32572633952 0.026668571492336923 4.730883437469161e-09 1.4683345300627766e-11 0.8253967825018437 0.001137623537772248 0.03528625339363651
2007bm CMFGEN 1.04 True 46818.24 38 0.0062 54209.830800906384 0.03002545310300775 8.404830365424863e-09 2.723494891999717e-11 0.9909631672207043 0.0010778134899357857 0.03528625339363651
2007bm CMFGEN 1.4 True 34114.73 38 0.0062 54204.57836886302 0.02802259555028286 3.1610598821508327e-09 1.0123517010327377e-11 0.6976002278534499 0.0011894582438484792 0.03528625339363651
2007bm CMFGEN 1.7 True 85993.89 38 0.0062 54210.2216308431 0.02765708670631284 7.699192762054e-09 2.4139350638761803e-11 0.9974981221765298 0.0011209155929761269 0.03528625339363651
2007ca CMFGEN 1.02 True 17150.713 56 0.0141 54209.69032117831 0.017954642411496025 4.042167753819517e-10 1.949383879471826e-12 0.4679839418122441 0.0017205992222757598 0.057476889787346504
2007ca CMFGEN 1.04 True 201232.12 56 0.0141 54172.75154858944 0.14854480660142144 1.7528279864011344e-09 1.2921264948961852e-11 0.4407148049824515 0.0015023760025143493 0.057476889787346504
2007ca CMFGEN 1.4 True 17624.705 56 0.0141 54208.225388474864 0.0191170560719911 2.6876620840648563e-10 1.2887554789758802e-12 0.34000053063810964 0.0017045591472779444 0.057476889787346504
2007ca CMFGEN 1.7 True 202077.95 56 0.0141 54169.09848911132 0.09856467878125841 4.094436840877845e-09 2.4827389672599285e-11 0.7009305740177161 0.0015913347111125684 0.057476889787346504
2007hj CMFGEN 1.02 True 105914.695 132 0.0141 54328.54188948692 0.04274428677672404 6.425930455190094e-10 2.472252731281652e-12 0.6382122207678361 0.0013767223711009038 0.0757651475075587
2007hj CMFGEN 1.04 True 79305.266 132 0.0141 54334.68979131977 0.027252241015958134 1.2935755329506454e-09 5.0042710358266954e-12 0.8778975405284452 0.0014211196999009766 0.0757651475075587
2007hj CMFGEN 1.4 True 109678.11 132 0.0141 54326.34759980781 0.03680848760632216 3.6211425721036736e-10 1.4106656446752778e-12 0.44989642029514165 0.0014395610808980567 0.0757651475075587
2007hj CMFGEN 1.7 True 92965.836 132 0.0141 54333.718272554404 0.028035282375640236 2.013675037631283e-09 9.07518146162828e-12 1.050885824876005 0.0016364765859528038 0.0757651475075587
2007if CMFGEN 1.02 True 3980.0718 50 0.0742 54325.561922042056 0.09630211403418798 8.490774958420614e-11 8.640646649044572e-13 0.3310195130283995 0.0038221367345862554 0.0710264807303712
2007if CMFGEN 1.04 True 5452.044 50 0.0742 54326.3432764723 0.09586760689126095 1.9425006883589195e-10 1.9752825287281114e-12 0.5343199670459369 0.0033171640516265403 0.0710264807303712
2007if CMFGEN 1.4 True 4290.621 50 0.0742 54327.68116494921 0.2174208532051125 4.870434178744563e-11 5.553448363781813e-13 0.2213713221242109 0.005472420819695877 0.0710264807303712
2007if CMFGEN 1.7 True 13951.481 50 0.0742 54340.693834707934 0.14451167653896846 1.063465995361456e-10 1.3015200815750532e-12 0.6053178069738984 0.004696953307146217 0.0710264807303712
2007jd CMFGEN 1.02 True 1187.4812 30 0.0726 54340.067675496866 0.19157750385056715 1.4130706622575775e-11 3.818539234165106e-13 0.3048870480822172 0.009200924714141108 0.06637035699139174
2007jd CMFGEN 1.04 True 1611.7778 30 0.0726 54345.35036090151 0.17217891163818422 2.405438718272348e-11 6.339316093963097e-13 0.4987156266355989 0.008860612623474337 0.06637035699139174
2007jd CMFGEN 1.4 True 1052.7194 30 0.0726 54338.092940560935 0.18957390639843652 9.076430450048818e-12 2.5897997876548883e-13 0.15892294131827778 0.009740747893094653 0.06637035699139174
2007jd CMFGEN 1.7 True 2083.4158 30 0.0726 54344.01849002226 0.17427585466066375 2.164054984918273e-11 6.049970626943746e-13 0.4704832337782166 0.00922089876374913 0.06637035699139174
2007jg CMFGEN 1.02 True 7106.7896 48 0.0371 54346.5259240315 0.05010785051854327 5.948090092157866e-11 6.000777769144989e-13 0.30444801114813375 0.00320705684281975 0.09127945747595989
