results/band_fits/u_g_r_Ydw_J.ecsv
# %ECSV 0.9
# ---
# datatype:
# - {name: object ID, datatype: string}
# - {name: model, datatype: string}
# - {name: version, datatype: string}
# - {name: success, datatype: bool}
# - {name: chisq, datatype: float32}
# - {name: ndof, datatype: int32}
# - {name: z, datatype: float64}
# - {name: t0, datatype: float64}
# - {name: t0_err, datatype: float64}
# - {name: x0, datatype: float64}
# - {name: x0_err, datatype: float64}
# - {name: hostebv, datatype: float64}
# - {name: hostebv_err, datatype: float64}
# - {name: mwebv, datatype: float64}
# meta:
#   bands: [csp_dr3_u, csp_dr3_g, csp_dr3_r, csp_dr3_Ydw, csp_dr3_J]
# schema: astropy-2.0
"object ID" model version success chisq ndof z t0 t0_err x0 x0_err hostebv hostebv_err mwebv
[from data line 85]
2006gj CMFGEN 1.4 False 35024.785 53 0.0284 53955.60167214296 231.0971929220359 6.107051405364992e-11 1.0000012351930332 0.0941245697645872 1.0000024080447258 0.07245814932372446
2006gj CMFGEN 1.7 True 7555.0576 53 0.0284 53982.81692524694 0.07488999381530448 1.3356964868090756e-10 2.2138788081508176e-12 0.6560195999669883 0.005720470575791552 0.07245814932372446
2006gt CMFGEN 1.02 True 6128.1416 44 0.0448 53982.13879010498 0.1014692099452077 2.4973632635367902e-11 4.389209382069397e-13 0.2991185759184313 0.0057533011270991296 0.03203576638201347
2006gt CMFGEN 1.04 True 5672.5894 44 0.0448 53986.81619703885 0.08584616868392914 4.284055660491043e-11 7.574287334031477e-13 0.47936347621059067 0.0058783949656370646 0.03203576638201347
2006gt CMFGEN 1.4 True 6386.963 44 0.0448 53979.96644847493 0.10353283241784084 1.6115314846037766e-11 2.846364166212852e-13 0.15466671169386495 0.005821489331815542 0.03203576638201347
2006gt CMFGEN 1.7 True 7212.9 44 0.0448 53985.23071647906 0.08550120799918659 4.361649473920687e-11 8.208995599956521e-13 0.489787105456741 0.006213121950830894 0.03203576638201347
2006hx CMFGEN 1.02 True 1672.8356 34 0.0455 54003.62242619938 0.07601231028093025 7.272589416417015e-11 1.050440929034461e-12 0.47764467504573166 0.005430707102994846 0.02579641377817784
2006hx CMFGEN 1.04 True 2715.0217 34 0.0455 54006.0894774167 0.07357191806295305 1.3542782961573533e-10 1.964270101190242e-12 0.6487813435950168 0.005410065558754114 0.02579641377817784
2006hx CMFGEN 1.4 True 1665.5306 34 0.0455 54001.964773620275 0.07469360114919255 4.713775892201258e-11 6.918255102653414e-13 0.34226157308482674 0.005467285914304771 0.02579641377817784
2006hx CMFGEN 1.7 True 5307.117 34 0.0455 54005.75595370802 0.08969545840955107 1.297973413187948e-10 2.4186003698838064e-12 0.6637526720056752 0.007016072439456355 0.02579641377817784
2006is CMFGEN 1.02 True 17627.809 78 0.031 53993.58044141522 0.045476981555111706 1.419451762336888e-10 7.102877761758041e-13 0.3106692145436928 0.0016987603069765 0.028965576049208273
2006is CMFGEN 1.04 True 39646.805 78 0.031 53996.379431246954 0.06137273765853024 2.856107015338161e-10 1.5750907067160964e-12 0.5094305615594326 0.0017569165367138076 0.028965576049208273
2006is CMFGEN 1.4 True 15550.299 78 0.031 53992.52457889802 0.040651211063959636 8.329279053716522e-11 4.252047277405725e-13 0.15565385102866985 0.001782688939813083 0.028965576049208273
2006is CMFGEN 1.7 True 62327.027 78 0.031 53985.49963284878 0.06322411400469719 7.527342796793473e-10 6.190477297877938e-12 0.703573940807744 0.0023012336294186723 0.028965576049208273
2006kf CMFGEN 1.02 True 36432.934 79 0.0213 54021.16163336194 0.03783690983618726 2.580459597575324e-10 1.9385234225207625e-12 0.4744588478748805 0.0027501580920852604 0.2111548865539906
2006kf CMFGEN 1.04 True 32790.5 79 0.0213 54025.36341090501 0.02704468167939922 4.881366792004736e-10 3.6026310550007892e-12 0.6634530082120111 0.002691986996882056 0.2111548865539906
2006kf CMFGEN 1.4 True 40254.797 79 0.0213 54018.95107062583 0.039409095126757165 1.531295821359906e-10 1.2154029045051818e-12 0.30407537494241105 0.002889862233199495 0.2111548865539906
2006kf CMFGEN 1.7 True 40463.09 79 0.0213 54024.48077746032 0.028874774085124955 5.161012753956823e-10 3.77604513617484e-12 0.6967284428026741 0.0026666073574563437 0.2111548865539906
2006mr CMFGEN 1.02 True 61463.324 89 0.0059 54031.51251064904 0.04187246942092315 1.3529895554681252e-09 1.0554243148900676e-11 0.7909540012992637 0.0028793811812138446 0.01798173198598729
2006mr CMFGEN 1.04 True 48276.49 89 0.0059 54035.957967744034 0.028396262026944896 3.2584493659336313e-09 2.2908118839838493e-11 1.0477979084812787 0.002572735232659206 0.01798173198598729
2006mr CMFGEN 1.4 True 69627.13 89 0.0059 54028.64200742662 0.048800409051182214 7.634670926951378e-10 6.2740835086892575e-12 0.6054864400695836 0.003000094746961807 0.01798173198598729
2006mr CMFGEN 1.7 True 49756.715 89 0.0059 54035.59537425098 0.02916731966615771 3.98893032250188e-09 2.947216046281281e-11 1.1284342469042243 0.0027144449596594377 0.01798173198598729
2006ob CMFGEN 1.02 True 3413.2368 24 0.0592 54041.6229089601 0.1171908013857319 1.5938461585059676e-11 3.995884726816563e-13 0.19025371051552753 0.00837870039067187 0.028481219035194537
2006ob CMFGEN 1.04 True 3651.9475 24 0.0592 54046.30183614364 0.09562485864080372 3.2632022190717165e-11 7.926716972434701e-13 0.4265127676564082 0.008128021603809836 0.028481219035194537
2006ob CMFGEN 1.4 True 3252.2397 24 0.0592 54039.51000866669 0.12258428864515736 9.369558182994602e-12 2.4810387193829415e-13 0.01618302788250544 0.008793177656870257 0.028481219035194537
2006ob CMFGEN 1.7 True 4438.693 24 0.0592 54045.19481910016 0.09777253883294179 3.1910021924317965e-11 8.010342673123263e-13 0.428990933673231 0.008367254805359051 0.028481219035194537
2006os CMFGEN 1.02 True 4252.7905 43 0.0328 54045.84855608735 0.07949813065715716 1.4342561734205662e-10 1.4072968562013459e-12 0.6617118079459146 0.003495535232974868 0.12540838006801724
2006os CMFGEN 1.04 True 5972.5273 43 0.0328 54050.599166762615 0.06355492619695724 2.5546766683781674e-10 2.5870642677181515e-12 0.8523940378864937 0.0035788496569222903 0.12540838006801724
2006os CMFGEN 1.4 True 4101.965 43 0.0328 54043.94723716249 0.08075734374506283 9.180411801278489e-11 9.194861287108033e-13 0.5158088316492233 0.003646385017000429 0.12540838006801724
2006os CMFGEN 1.7 True 7711.146 43 0.0328 54049.84412090306 0.06011582696373807 2.586354852443928e-10 2.681429551003979e-12 0.86990084142073 0.0036415569111461345 0.12540838006801724
2006ot CMFGEN 1.02 True 7601.3125 45 0.0531 54034.111002197285 0.2818861954328895 4.777955917724121e-11 8.333708652565544e-13 0.24098751236271754 0.009002365438747021 0.015213385022200876
2006ot CMFGEN 1.04 True 7305.4194 45 0.0531 54031.03426374389 0.14317248369479785 1.2238514995848144e-10 1.535572496124574e-12 0.4179897814051557 0.004671348864591687 0.015213385022200876
2006ot CMFGEN 1.4 True 3530.3086 45 0.0531 54046.06761535665 0.09507295033472474 3.5703930804041124e-11 5.003355328802868e-13 0.35081063106847676 0.004921883019679526 0.015213385022200876
2007N CMFGEN 1.02 True 54092.562 64 0.0129 54087.48234329767 0.04927182938627084 5.067889724152773e-10 2.823530201867696e-12 0.9192736970428581 0.002439230380687801 0.03466644583272683
2007N CMFGEN 1.04 True 46611.59 64 0.0129 54109.034256487306 0.04470222260715673 8.009867637143919e-10 4.8940381878726285e-12 1.2857124073385362 0.002453686140514034 0.03466644583272683
2007N CMFGEN 1.4 True 62750.793 64 0.0129 54085.7926904535 0.06144589712494053 2.964993877138183e-10 1.7723418953581782e-12 0.771850559265486 0.0025944694202812268 0.03466644583272683
2007N CMFGEN 1.7 True 25491.16 64 0.0129 54109.066464075295 0.054122202320286306 1.5766809619129e-09 1.0157420850212916e-11 1.5453542709588506 0.002508160640720592 0.03466644583272683
2007S CMFGEN 1.02 True 18360.598 83 0.0139 54126.703036764025 0.01827257535478566 9.57204923318617e-10 3.782200717191375e-12 0.6866995151765725 0.001473966072648126 0.023917370294342193
2007S CMFGEN 1.04 True 33131.027 83 0.0139 54129.044209768464 0.015066916832438437 1.8697608833121926e-09 7.372204091692325e-12 0.8634559260700945 0.0014508346859811415 0.023917370294342193
2007S CMFGEN 1.4 True 17823.668 83 0.0139 54125.20713362166 0.019993534791865386 6.090763507134518e-10 2.5147454364726144e-12 0.5523119116965199 0.0015443306178319503 0.023917370294342193
2007S CMFGEN 1.7 True 60571.24 83 0.0139 54128.47235165457 0.016601323328359285 1.7915885271758055e-09 7.43484747478062e-12 0.8678621504522164 0.0015188996059043738 0.023917370294342193
2007af CMFGEN 1.02 True 54989.926 134 0.0055 54157.09993594524 0.013922324520535767 5.237361790714328e-09 1.3080850511680181e-11 0.61163266012022 0.0009869087470570793 0.03369874683150666
2007af CMFGEN 1.04 True 64546.934 134 0.0055 54159.653258021994 0.010099820869072573 9.92221526526197e-09 2.3836154427248898e-11 0.7696904600311645 0.0009215055792727694 0.03369874683150666
2007af CMFGEN 1.4 True 63200.9 134 0.0055 54155.243888629695 0.016687065366568277 3.4705041387753887e-09 9.135318691458833e-12 0.4947560201345512 0.0010419073088553654 0.03369874683150666
2007af CMFGEN 1.7 True 119700.76 134 0.0055 54159.275712487535 0.010788332743686624 9.820498182842939e-09 2.30192483923031e-11 0.787443360583748 0.0008850330921256268 0.03369874683150666
2007ai CMFGEN 1.02 True 3090.9321 49 0.0317 54156.564336683645 0.08423480601413758 1.4109984223275106e-10 1.7283568602254392e-12 0.5026136939944609 0.004210902000983236 0.28493849738385585
2007ai CMFGEN 1.04 True 4446.762 49 0.0317 54160.43669371555 0.06565739310099161 2.3961991170115344e-10 3.02111516277023e-12 0.6675044874624224 0.004313340059228337 0.28493849738385585
2007ai CMFGEN 1.4 True 3162.5962 49 0.0317 54154.73151137724 0.08691719114722218 9.662452509746718e-11 1.2344886854473442e-12 0.38088638554505716 0.0044765971952341966 0.28493849738385585
2007ai CMFGEN 1.7 True 5161.486 49 0.0317 54159.341939661856 0.06834758679542574 2.1781478207972147e-10 2.662916122325227e-12 0.6468484388230963 0.004124920628017384 0.28493849738385585
2007al CMFGEN 1.02 True 17308.523 50 0.0122 54151.13719447098 0.12404464140854543 6.228536905211491e-10 9.604849735191004e-12 1.1434731949765053 0.006131438806613968 0.03612839183245699
2007al CMFGEN 1.04 True 11007.782 50 0.0122 54156.182226408964 0.08446037671455997 1.2460063100353868e-09 1.6817905716572763e-11 1.3499842021823518 0.005491610963230311 0.03612839183245699
2007al CMFGEN 1.4 True 21670.31 50 0.0122 54148.43676284917 0.1077007404746837 3.86822370094971e-10 7.107941330033125e-12 0.9933228726633293 0.007322895771789895 0.03612839183245699
2007al CMFGEN 1.7 True 9314.553 50 0.0122 54154.96468844057 0.08743131728624576 1.3971421385022359e-09 1.8903288478957423e-11 1.3901314168225123 0.005011857477052715 0.03612839183245699
2007as CMFGEN 1.02 True 26869.783 63 0.0176 54163.106824267445 0.03933601076278137 3.833920937157099e-10 2.4668661705922435e-12 0.43230680297557117 0.002204481497021775 0.12248805092706036
2007as CMFGEN 1.04 True 26539.57 63 0.0176 54166.78665954607 0.03558691173384432 7.000321666985021e-10 4.545568682309506e-12 0.6066825827048231 0.0022233321418733175 0.12248805092706036
2007as CMFGEN 1.4 True 30563.8 63 0.0176 54161.66768332161 0.03856811282457784 2.171256321016532e-10 1.4062895808125e-12 0.25745348041709715 0.0022326079612436708 0.12248805092706036
2007as CMFGEN 1.7 True 41599.215 63 0.0176 54165.6519625879 0.038048851802159334 8.272929212059629e-10 5.587846677480265e-12 0.6759693970138483 0.002292141681194237 0.12248805092706036
2007ax CMFGEN 1.02 True 22686.764 38 0.0069 54168.291520854626 0.05561453592963517 5.865802964430522e-10 6.221176104411681e-12 0.6913312291063968 0.0037757964867364156 0.046269740179905226
2007ax CMFGEN 1.04 True 12735.11 38 0.0069 54172.47183494529 0.039211165785673074 1.2172804192568539e-09 1.3005814200260574e-11 0.9129189633339301 0.0038429437029057385 0.046269740179905226
2007ax CMFGEN 1.4 True 26279.898 38 0.0069 54164.64812205866 0.08230493036535336 3.5865264382477735e-10 3.853894122679406e-12 0.5169182819816476 0.0038082456419802537 0.046269740179905226
2007ax CMFGEN 1.7 True 12750.132 38 0.0069 54171.39002991384 0.042608908468537265 1.4858858061574639e-09 1.7248709015511804e-11 0.9878259126315512 0.004203356496590314 0.046269740179905226
2007ba CMFGEN 1.02 True 8075.4756 49 0.0385 54177.079556533674 0.06309416058138595 8.86150775802649e-11 1.3393732600971694e-12 0.6000486418748704 0.004866154321070748 0.03157813338813755
2007ba CMFGEN 1.04 True 7272.0566 49 0.0385 54181.067038343084 0.05289601298500202 1.7673048357470407e-10 2.8306175289353228e-12 0.8106532198673486 0.00516807172512323 0.03157813338813755
2007ba CMFGEN 1.4 True 7539.1646 49 0.0385 54175.27056104726 0.06412386997544672 5.72414761957235e-11 8.517600273018325e-13 0.45481099934043495 0.0047737401524535926 0.03157813338813755
2007ba CMFGEN 1.7 True 9573.905 49 0.0385 54179.980145634014 0.05555926938177436 1.9068205506198743e-10 3.4475810935230776e-12 0.8471210342130985 0.005851965706366181 0.03157813338813755
2007bc CMFGEN 1.02 True 30806.744 49 0.0208 54181.350013310584 0.03789486443201895 2.37226504924229e-10 1.8337862059902197e-12 0.38565578711896376 0.0026584240233735374 0.018619780482354808
2007bc CMFGEN 1.04 True 31378.354 49 0.0208 54185.10117486745 0.03214024834596785 4.0674139291371555e-10 3.122820536576629e-12 0.5488162415966683 0.002655923912889053 0.018619780482354808
2007bc CMFGEN 1.4 True 29090.195 49 0.0208 54179.470734907096 0.03893277527822647 1.4704384140865494e-10 1.1420388196467092e-12 0.22795409710640957 0.002654894323221992 0.018619780482354808
2007bc CMFGEN 1.7 True 45757.79 49 0.0208 54183.99930858098 0.034498370358051034 4.904505686862739e-10 3.8506300482328936e-12 0.6323270819413868 0.0027327855346676007 0.018619780482354808
2007bd CMFGEN 1.02 True 10211.75 42 0.0309 54188.739821157746 0.021017935385316378 7.342230233411572e-11 6.672836115992828e-13 0.21955618163807541 0.003006170461430806 0.029214747850011574
2007bd CMFGEN 1.04 True 12428.254 42 0.0309 54191.03459438421 0.016844652764120838 1.2181213859826714e-10 1.1276966643603254e-12 0.35548072205483605 0.0030534243173067853 0.029214747850011574
2007bd CMFGEN 1.4 True 9957.199 42 0.0309 54187.529336182226 0.022235136435483582 4.753250046557939e-11 4.3018997044480264e-13 0.08642839681454306 0.002981402375312643 0.029214747850011574
2007bd CMFGEN 1.7 True 18033.088 42 0.0309 54190.13412715266 0.01827231319839484 1.235638495559029e-10 1.196828054743532e-12 0.3774807482654025 0.003207041641482871 0.029214747850011574
2007ca CMFGEN 1.02 True 21428.863 52 0.0141 54209.79280040545 0.018226596839667764 4.330151432558732e-10 2.131127231561423e-12 0.49209643491206034 0.0017646208759996957 0.057476889787346504
2007ca CMFGEN 1.04 True 184012.58 52 0.0141 54148.738970519764 0.23318148686666973 1.3304175105550912e-08 1.8562349198741962e-10 0.8971622938758145 0.003023553298738084 0.057476889787346504
2007ca CMFGEN 1.4 True 20440.996 52 0.0141 54208.31988233819 0.019233811137382872 2.85743280814297e-10 1.384350223862194e-12 0.361396538733439 0.001731908390546672 0.057476889787346504
2007ca CMFGEN 1.7 True 187585.4 52 0.0141 54157.828054335405 0.17213583252669196 1.2499084628166648e-08 1.2007767086171693e-10 0.956706097722037 0.0020519014795404595 0.057476889787346504
2007hj CMFGEN 1.02 True 104156.21 112 0.0141 54327.55311252804 0.041131857160507934 7.475188049388236e-10 3.336714848178217e-12 0.6778923892290389 0.0017281096994880467 0.0757651475075587
2007hj CMFGEN 1.04 True 85792.28 112 0.0141 54334.162404323564 0.034889094855316216 1.4268868047095971e-09 7.031956521029908e-12 0.9046415021516887 0.0017775820909418443 0.0757651475075587
2007hj CMFGEN 1.4 True 108986.836 112 0.0141 54325.72650033346 0.035520516481483355 3.892735425081293e-10 1.7897280480975641e-12 0.46727655822649394 0.0017379154058362928 0.0757651475075587
2007hj CMFGEN 1.7 True 95146.2 112 0.0141 54333.75799872627 0.02812493079545675 1.8144248501321383e-09 9.086826742822723e-12 1.0138474020283303 0.0018264174182717357 0.0757651475075587
2007if CMFGEN 1.02 True 4226.129 54 0.0742 54326.17133041896 0.09411360917147249 7.694076736638437e-11 6.706324584637371e-13 0.3082781886566481 0.003847594646853879 0.0710264807303712
2007if CMFGEN 1.04 True 5734.04 54 0.0742 54327.07736251233 0.07955915160346194 1.6857350041906195e-10 1.259025971820048e-12 0.4995111225337786 0.0029911471450904522 0.0710264807303712
2007if CMFGEN 1.4 True 4349.653 54 0.0742 54326.72140926121 0.14139767374217627 4.998796395254951e-11 5.133015192234293e-13 0.21479602450201826 0.005053493768566898 0.0710264807303712
2007if CMFGEN 1.7 True 15818.897 54 0.0742 54342.635863722884 0.06705450252411538 1.5030359995325367e-10 1.525560883124462e-12 0.7368453995965655 0.0035814521541117678 0.0710264807303712
