results/band_fits/u_g_r_J_H.ecsv
# %ECSV 0.9
# ---
# datatype:
# - {name: object ID, datatype: string}
# - {name: model, datatype: string}
# - {name: version, datatype: string}
# - {name: success, datatype: bool}
# - {name: chisq, datatype: float32}
# - {name: ndof, datatype: int32}
# - {name: z, datatype: float64}
# - {name: t0, datatype: float64}
# - {name: t0_err, datatype: float64}
# - {name: x0, datatype: float64}
# - {name: x0_err, datatype: float64}
# - {name: hostebv, datatype: float64}
# - {name: hostebv_err, datatype: float64}
# - {name: mwebv, datatype: float64}
# meta:
#   bands: [csp_dr3_u, csp_dr3_g, csp_dr3_r, csp_dr3_J, csp_dr3_H]
# schema: astropy-2.0
"object ID" model version success chisq ndof z t0 t0_err x0 x0_err hostebv hostebv_err mwebv
[from data line 171]
2007ba CMFGEN 1.7 True 8828.182 50 0.0385 54179.9027730953 0.0557975410920335 1.6713470986849342e-10 3.338936905796002e-12 0.8060749792477818 0.006386842235390432 0.03157813338813755
2007bc CMFGEN 1.02 True 31299.348 53 0.0208 54181.34560513702 0.03800682258588495 2.39832657061805e-10 1.87919932740904e-12 0.38932743322222074 0.002695762465799815 0.018619780482354808
2007bc CMFGEN 1.04 True 31689.504 53 0.0208 54185.09371616397 0.032167239482078 4.0804325428518664e-10 3.15069227636465e-12 0.5498850007935874 0.0026712668618790866 0.018619780482354808
2007bc CMFGEN 1.4 True 29657.525 53 0.0208 54179.470192209934 0.038992448935459834 1.490606655802204e-10 1.1780222566195934e-12 0.23254381968448926 0.0027030827687248497 0.018619780482354808
2007bc CMFGEN 1.7 True 45949.98 53 0.0208 54184.00810357336 0.034474340769520495 4.907724057589767e-10 3.862747121060415e-12 0.6326977512183009 0.0027399427465717202 0.018619780482354808
2007bd CMFGEN 1.02 True 91788.78 48 0.0309 54133.78501890201 0.5886384287150577 4.033378368069838e-10 1.6233693727429844e-11 0.30049817756940783 0.008991067545632196 0.029214747850011574
2007bd CMFGEN 1.04 True 12307.105 48 0.0309 54191.0507470188 0.016819332558952738 1.1795211797326458e-10 1.1054324063562176e-12 0.34533243913565387 0.0030782746556346856 0.029214747850011574
2007bd CMFGEN 1.4 True 91009.375 48 0.0309 54132.95915916147 0.36619766753938165 2.0693318919931157e-10 5.045073398341817e-12 0.12028021006488512 0.005954651622112428 0.029214747850011574
2007bd CMFGEN 1.7 True 17465.303 48 0.0309 54190.12648794049 0.018276471571880393 1.1919731885696188e-10 1.1588469113335831e-12 0.36606225495993727 0.00320661827143036 0.029214747850011574
2007bm CMFGEN 1.02 True 44135.656 49 0.0062 54206.141986933595 0.025354737321322318 5.52113763515615e-09 1.3148819293612301e-11 0.8753236831420755 0.0009351427270917135 0.03528625339363651
2007bm CMFGEN 1.04 True 53579.137 49 0.0062 54209.45089758258 0.029937061124655884 9.67305062526252e-09 2.4169788766350538e-11 1.0319969100781663 0.0008961590162456009 0.03528625339363651
2007bm CMFGEN 1.4 True 41377.668 49 0.0062 54204.35490498019 0.02652858799774549 3.767456452601401e-09 9.212563223374739e-12 0.755024864934052 0.0009698592581005868 0.03528625339363651
2007bm CMFGEN 1.7 True 112694.27 49 0.0062 54210.45765697946 0.02498040015780134 9.118388817716372e-09 2.2400005977652373e-11 1.0569622978976205 0.0009903508133163135 0.03528625339363651
2007ca CMFGEN 1.02 True 171225.44 58 0.0141 54148.26850029581 0.47910390340621234 4.658607373898346e-09 1.38098598100456e-10 0.6429443855650844 0.006325862224360846 0.057476889787346504
2007ca CMFGEN 1.04 True 179988.86 58 0.0141 54165.81519700368 0.21016014090855606 4.584796229766365e-09 6.616729870117943e-11 0.6906024123501231 0.0031547982332321626 0.057476889787346504
2007ca CMFGEN 1.4 True 170739.28 58 0.0141 54151.91123797193 0.48976044990922674 1.741313945434094e-09 4.997729773876923e-11 0.394922676903048 0.006185958422304097 0.057476889787346504
2007ca CMFGEN 1.7 True 187680.7 58 0.0141 54142.00530380997 0.3154212142289907 3.935104254682585e-08 7.969304014814669e-10 1.1985618418789659 0.004321696444955868 0.057476889787346504
2007hj CMFGEN 1.02 True 98683.61 134 0.0141 54328.75028929336 0.04244621999896481 7.682532385498319e-10 4.1045822896676655e-12 0.7049995778989648 0.0019289265476362249 0.0757651475075587
2007hj CMFGEN 1.04 True 73552.836 134 0.0141 54334.802378347624 0.02767396211856976 1.3287218861808203e-09 6.677123219271825e-12 0.8893418775740968 0.001828712068986122 0.0757651475075587
2007hj CMFGEN 1.4 True 103360.13 134 0.0141 54326.583415167835 0.036335764176328667 4.037604365680585e-10 2.1997822138126995e-12 0.4921827594677514 0.002002685544165054 0.0757651475075587
2007hj CMFGEN 1.7 True 83696.66 134 0.0141 54333.86814947319 0.027691560931998538 1.750678276718773e-09 9.36528443771893e-12 1.0029262914117811 0.0019348691567055726 0.0757651475075587
2007if CMFGEN 1.02 True 4040.0823 48 0.0742 54325.43526364573 0.09394169825827703 8.622122730104639e-11 9.94844633664451e-13 0.3341713946100103 0.004212956776963725 0.0710264807303712
2007if CMFGEN 1.04 True 5430.485 48 0.0742 54326.33638980838 0.09564921126366244 1.919088883033726e-10 2.1540824895957803e-12 0.5303037643906277 0.003576357605332924 0.0710264807303712
2007if CMFGEN 1.4 True 4384.79 48 0.0742 54327.698808166526 0.24729563630899065 4.6755919367259557e-11 5.946450357644819e-13 0.20833067258723803 0.006038786055110385 0.0710264807303712
2007if CMFGEN 1.7 True 12418.478 48 0.0742 54340.05071665864 0.19091763379401527 9.628685351482029e-11 1.227656241001159e-12 0.5661507512087807 0.005241694878170439 0.0710264807303712
2007jg CMFGEN 1.02 True 6795.6626 41 0.0371 54346.45113165761 0.05139625869560405 5.335512713563914e-11 6.18139167559236e-13 0.2709996406367115 0.0036149512198316775 0.09127945747595989
2007jg CMFGEN 1.04 True 8908.64 41 0.0371 54350.55595337564 0.04012996753590414 8.801990870687371e-11 1.0185227171661589e-12 0.4295431179816541 0.0035802286312423648 0.09127945747595989
2007jg CMFGEN 1.4 True 6368.8477 41 0.0371 54344.81226251006 0.05064565232532914 3.46589191611212e-11 4.0480235650431295e-13 0.13277435636395404 0.0036435385177111578 0.09127945747595989
2007jg CMFGEN 1.7 True 10919.658 41 0.0371 54349.29081399164 0.04185740721732145 8.141108800588909e-11 9.667343500284357e-13 0.4110414029251589 0.003682222900700858 0.09127945747595989
2007le CMFGEN 1.02 True 54395.832 131 0.0067 54381.98141424673 0.014551481483067619 5.8208768290280334e-09 1.3134955410642417e-11 0.7864438300068943 0.0008941608202199608 0.02875745688753973
2007le CMFGEN 1.04 True 69961.58 131 0.0067 54384.735092771014 0.010329721717425855 1.0762610310454034e-08 2.4021997161991565e-11 0.9425628653856485 0.0008786284755575139 0.02875745688753973
2007le CMFGEN 1.4 True 58531.535 131 0.0067 54380.1409821531 0.018097012249199906 3.914832775506972e-09 9.265860720575346e-12 0.6721107131704449 0.0009435784895219888 0.02875745688753973
2007le CMFGEN 1.7 True 128572.336 131 0.0067 54384.26122968764 0.011336682095134165 1.0799575037324663e-08 2.41357789160889e-11 0.9639851454748369 0.0008662447277886686 0.02875745688753973
2007nq CMFGEN 1.02 True 13753.3125 63 0.045 54379.11700606626 0.06385550602499279 4.6484501301006363e-11 5.565855549968907e-13 0.3374987235586504 0.004068693529203187 0.03048465300562326
2007nq CMFGEN 1.04 True 13416.503 63 0.045 54383.26727087291 0.05991062885004794 9.480896503273426e-11 1.1144989235676194e-12 0.5600224102735779 0.003914845319912627 0.03048465300562326
2007nq CMFGEN 1.4 True 14206.394 63 0.045 54377.47483263772 0.06287876644637436 2.432028876965439e-11 2.970686263450819e-13 0.13392799935381117 0.004173576189439053 0.03048465300562326
2007nq CMFGEN 1.7 True 17703.186 63 0.045 54382.40037962738 0.06089412436267594 9.59971059913338e-11 1.1781849034536745e-12 0.5803288539796554 0.0040484655286044365 0.03048465300562326
2007on CMFGEN 1.02 True 199421.39 171 0.0065 54401.61813263643 0.020010801970784087 5.468234809894177e-09 1.3477599164801782e-11 0.6853310267601967 0.0010159944866272466 0.00991579720241815
2007on CMFGEN 1.04 True 158033.16 171 0.0065 54405.52413893932 0.01496310709262616 1.0718104002793245e-08 2.3876789150108767e-11 0.8597106274741119 0.0009424243032262365 0.00991579720241815
2007on CMFGEN 1.4 True 233578.52 171 0.0065 54399.17528840217 0.02291272244110587 3.595836867904889e-09 9.861956252528661e-12 0.5666498950643107 0.001107604804374436 0.00991579720241815
2007on CMFGEN 1.7 True 185424.23 171 0.0065 54406.660911652965 0.011177446707733907 1.6875482701798066e-08 4.170392522514238e-11 1.0554329839948646 0.001087601402665995 0.00991579720241815
2007so CMFGEN 1.02 True 4929.8765 27 0.0297 54429.792337327905 0.1012226461461978 2.977504742898135e-10 6.670489386533493e-12 1.0492673005125217 0.008716530425240558 0.11558239602450404
2007so CMFGEN 1.04 True 4670.685 27 0.0297 54432.89679370312 0.09076468105922686 4.86485044349177e-10 1.1014973536073128e-11 1.1844273147169986 0.008445107930540971 0.11558239602450404
2007so CMFGEN 1.4 True 4484.925 27 0.0297 54410.38339011086 0.1392469247803092 1.441824165036559e-10 3.3979328048792923e-12 0.5268304204963378 0.00863821045240617 0.11558239602450404
2007so CMFGEN 1.7 True 19047.521 27 0.0297 54468.78567985564 0.0008298240682051983 2.8563653298249437e-10 7.004500107066105e-12 -1.5797738139359916 0.008699912860929488 0.11558239602450404
2007sr CMFGEN 1.02 True 67919.016 136 0.0055 54432.509748300756 0.020896853537124116 8.47998082903759e-09 1.6354942407687885e-11 0.6220379772493945 0.0007013358785660042 0.04047821787749507
2007sr CMFGEN 1.04 True 88052.64 136 0.0055 54434.10983596265 0.0226862273120787 1.699071465838095e-08 3.1449000563246605e-11 0.7820465832449941 0.000672042893958906 0.04047821787749507
2007sr CMFGEN 1.4 True 76375.984 136 0.0055 54431.456679777235 0.02079035925999051 5.134815473584605e-09 1.0630554517685155e-11 0.4859278925277903 0.0007442377604621717 0.04047821787749507
2007sr CMFGEN 1.7 True 171247.66 136 0.0055 54432.240192577716 0.027463748996524373 2.1779836193402928e-08 4.9198150849830304e-11 0.8633085995690932 0.0006644311002855754 0.04047821787749507
2007st CMFGEN 1.02 True 18877.844 59 0.0212 54435.58306640448 0.07801378242947976 4.6401461070338434e-10 4.477127596068305e-12 0.5979856113741735 0.0032829547496020677 0.014189318123033668
2007st CMFGEN 1.04 True 137354.56 59 0.0212 54511.75409999999 4.331825039116666e-06 4.8911969916516566e-11 6.973295274491939e-13 -2.6904195100156834 0.004297435016976318 0.014189318123033668
2007st CMFGEN 1.4 True 17719.38 59 0.0212 54434.09800405019 0.06964688704101718 2.5625863088935735e-10 2.5800534418427532e-12 0.40935425401003317 0.0035524613370525185 0.014189318123033668
2007st CMFGEN 1.7 True 139938.9 59 0.0212 54511.75409999997 6.156362360343337e-06 1.8261405608177238e-10 3.1160449134928834e-12 -2.079885151153771 0.005378925734686504 0.014189318123033668
2007ux CMFGEN 1.02 True 18981.768 64 0.0309 54444.917076761 0.07213338803921943 9.767841965996306e-11 1.0993866062537416e-12 0.5118073270129727 0.0039553481451292906 0.03865491382492817
2007ux CMFGEN 1.04 True 16271.198 64 0.0309 54450.19599666583 0.06460031199458172 1.783843219878158e-10 1.945629470402909e-12 0.7166782495180911 0.003878059009281838 0.03865491382492817
2007ux CMFGEN 1.4 True 20132.898 64 0.0309 54443.11465155066 0.06287674586928915 5.486931831973276e-11 6.423788079387191e-13 0.32528273575295114 0.004148607000462755 0.03865491382492817
2007ux CMFGEN 1.7 True 20634.586 64 0.0309 54449.015277293656 0.06817065768700559 1.9201344159372117e-10 2.306122447566954e-12 0.7510435806336757 0.004242624607916263 0.03865491382492817
2008C CMFGEN 1.02 True 8366.88 65 0.0166 54449.65255267037 0.07551003870685236 5.890661264944457e-10 5.34879108195495e-12 0.5884707651714643 0.0032000910623217636 0.07204778690206645
2008C CMFGEN 1.04 True 11868.127 65 0.0166 54454.055468912215 0.059031593809777405 1.0113178655891043e-09 9.60957684318365e-12 0.7631049640399616 0.0034222275172296705 0.07204778690206645
2008C CMFGEN 1.4 True 8289.839 65 0.0166 54447.81759190075 0.06787392737533082 3.7770160436762095e-10 3.439548537207072e-12 0.44776011622021317 0.0033311923929484127 0.07204778690206645
2008J CMFGEN 1.02 True 45077.867 39 0.0159 54414.49505079053 1.001307842489041 5.384963593136712e-08 2.7820313753293397e-09 1.4661244812154417 0.009184010307586303 0.019495907706164484
2008J CMFGEN 1.04 True 27239.295 39 0.0159 54476.891925788615 0.029667570393939968 1.7051526910062056e-08 1.1941070302475478e-10 1.7756114443075155 0.0027518196890458225 0.019495907706164484
2008J CMFGEN 1.4 True 43874.914 39 0.0159 54422.62316270902 0.41569793839153135 1.8522304550871295e-08 4.455826575888425e-10 1.2228422297346495 0.005428300349357009 0.019495907706164484
2008O CMFGEN 1.02 True 4597.5024 37 0.0389 54471.274498296465 0.0877125192710082 7.459217203193725e-11 1.0780619796156376e-12 0.5934058109512679 0.004875431076355993 0.07585233234567533
2008O CMFGEN 1.04 True 4223.171 37 0.0389 54475.52583063941 0.08202273116330616 1.198463098561636e-10 1.6833989708129427e-12 0.7524874709052023 0.004839902887987555 0.07585233234567533
2008O CMFGEN 1.4 True 4958.677 37 0.0389 54469.13244841432 0.09100706564640859 5.2146112995350186e-11 7.739625189815168e-13 0.4727202171454101 0.0050662202610755125 0.07585233234567533
2008O CMFGEN 1.7 True 5468.7305 37 0.0389 54474.72602457948 0.08180872431330499 1.204948972254129e-10 1.8201178351940992e-12 0.7623787832588549 0.005170288891091611 0.07585233234567533
2008R CMFGEN 1.02 True 65700.375 53 0.0135 54472.85964651711 0.03892043470477802 5.709853939127485e-10 4.32395692065503e-12 0.49024528966049935 0.0026852400143144678 0.06202084408502785
2008R CMFGEN 1.04 True 53750.594 53 0.0135 54478.16387299787 0.037691384663048666 1.2037364009670158e-09 8.245553226441264e-12 0.7351826088828295 0.002441073937849228 0.06202084408502785
2008R CMFGEN 1.4 True 65372.418 53 0.0135 54470.740647415936 0.03907142492607818 2.912293402428673e-10 2.1953030228211876e-12 0.2637053817623071 0.0026471333982811926 0.06202084408502785
2008R CMFGEN 1.7 True 66056.35 53 0.0135 54476.995162421976 0.039215705695824 1.5281884427442417e-09 1.1699822466405192e-11 0.8291154040458598 0.002677041371245689 0.06202084408502785
2008ae CMFGEN 1.02 True 2646.8342 42 0.03 54482.623735443856 0.13247298514397698 7.896531595864682e-10 1.0250888340105239e-11 1.4373846181868581 0.006475006247770568 0.02369781462470916
2008ae CMFGEN 1.04 True 4346.1475 42 0.03 54500.42960272781 0.1256999141551205 7.062385281949784e-10 1.1348389720784033e-11 1.5714900238601968 0.007533371009402388 0.02369781462470916
2008ae CMFGEN 1.4 True 2823.013 42 0.03 54497.99159880666 0.18540142827987438 2.2638468660394248e-10 3.2204449066242424e-12 1.143993396749468 0.007209929969952159 0.02369781462470916
2008ae CMFGEN 1.7 True 7639.385 42 0.03 54504.873226921925 0.0798084730085975 6.363413776190461e-10 1.010235986151918e-11 1.5098946948278438 0.007495271782854755 0.02369781462470916
2008ar CMFGEN 1.02 True 9201.171 55 0.0261 54516.73384207555 0.03701560886474908 1.6312016630425027e-10 1.5121786222811453e-12 0.3639263103462537 0.0031556659663102182 0.03165642704095217
2008ar CMFGEN 1.04 True 55689.613 55 0.0261 54494.94373669258 0.08306628582431586 9.982090380453067e-10 1.1570975561211037e-11 0.6594839721565816 0.0035899716384209706 0.03165642704095217
2008ar CMFGEN 1.4 True 7865.902 55 0.0261 54515.41632247086 0.039837906373577425 9.15116827354643e-11 8.610517251231028e-13 0.18442449021150137 0.0031992519550992655 0.03165642704095217
2008ar CMFGEN 1.7 True 20360.666 55 0.0261 54518.60702864989 0.03291764018285903 3.5010015513909216e-10 3.1869959051715042e-12 0.6029410249718282 0.0030709499345409766 0.03165642704095217
2008bc CMFGEN 1.02 True 37809.465 103 0.0151 54531.28914162707 0.0175405298032274 3.4729341839423825e-10 1.6131408845100331e-12 0.15026105379074176 0.0014839563574889515 0.22550709929515722
2008bc CMFGEN 1.04 True 52749.094 103 0.0151 54533.96389746271 0.015544581357971765 5.631867340742672e-10 2.6181310222603044e-12 0.2912218552684249 0.0014728981243463716 0.22550709929515722
2008bc CMFGEN 1.4 True 34000.59 103 0.0151 54529.94795245959 0.018531174020608887 2.495850099298415e-10 1.1385929354825689e-12 0.04614978881213056 0.0014545125052327483 0.22550709929515722
2008bc CMFGEN 1.7 True 73588.08 103 0.0151 54532.602558743296 0.01724826291319914 5.44861571079507e-10 2.636790831481216e-12 0.2930489177526769 0.001534560728397915 0.22550709929515722
2008bf CMFGEN 1.04 True 32919.99 86 0.0235 54539.77543872135 0.0177875946938002 2.980425920100359e-10 1.7086562052753568e-12 0.3759892481064384 0.00195211084458708 0.02971233782867539
2008bf CMFGEN 1.7 True 46158.156 86 0.0235 54538.91920546388 0.018630123042385094 3.064530262031616e-10 1.7836858468767175e-12 0.40502414132547276 0.001997284795288825 0.02971233782867539
