results/band_fits/u_g_r_Ydw.ecsv
# %ECSV 0.9
# ---
# datatype:
# - {name: object ID, datatype: string}
# - {name: model, datatype: string}
# - {name: version, datatype: string}
# - {name: success, datatype: bool}
# - {name: chisq, datatype: float32}
# - {name: ndof, datatype: int32}
# - {name: z, datatype: float64}
# - {name: t0, datatype: float64}
# - {name: t0_err, datatype: float64}
# - {name: x0, datatype: float64}
# - {name: x0_err, datatype: float64}
# - {name: hostebv, datatype: float64}
# - {name: hostebv_err, datatype: float64}
# - {name: mwebv, datatype: float64}
# meta:
#   bands: [csp_dr3_u, csp_dr3_g, csp_dr3_r, csp_dr3_Ydw]
# schema: astropy-2.0
"object ID" model version success chisq ndof z t0 t0_err x0 x0_err hostebv hostebv_err mwebv
2004ef CMFGEN 1.02 True 88623.49 131 0.031 53245.47845401174 0.010986373552441364 8.346260314096945e-11 3.2260981726368384e-13 0.3400237305302931 0.0012695105495498734 0.04722849348904677
2004ef CMFGEN 1.04 True 95409.66 131 0.031 53248.44864836045 0.009143774084805045 1.5845368680950242e-10 6.260761938372899e-13 0.5247123726954183 0.0012913214068239946 0.04722849348904677
2004ef CMFGEN 1.7 True 139829.9 131 0.031 53247.45629599047 0.009813731667236425 1.592229492409854e-10 6.657360870545935e-13 0.5425423531814844 0.0013724752610001743 0.04722849348904677
2004eo CMFGEN 1.02 True 138625.05 117 0.0157 53261.14501157021 0.004008418964076554 5.333354374557661e-10 1.1350892811587908e-12 0.43022683499369585 0.0007679619682770119 0.09289687254685808
2004eo CMFGEN 1.04 True 1909248.2 117 0.0157 53340.778225 4.445282684173435e-07 8.430888529303588e-08 3.2027333842884163e-10 -0.01721992811020889 0.0016870266803538133 0.09289687254685808
2004eo CMFGEN 1.4 True 141440.4 117 0.0157 53259.937409685495 0.004328730512497714 3.613940008238883e-10 8.085288562507542e-13 0.3183296024875532 0.0008105671135014382 0.09289687254685808
2004ey CMFGEN 1.02 True 440184.94 90 0.0158 53265.79933745738 0.047306808082794305 4.4421934758672795e-10 1.2214970808336357e-12 0.05783395307352683 0.0012045942527405579 0.11818709721249746
2004ey CMFGEN 1.4 True 51104.617 90 0.0158 53284.967081049406 0.01315119336504722 2.3682194998449984e-10 6.840391378490959e-13 0.038619470134053986 0.0009551923608472512 0.11818709721249746
2004gs CMFGEN 1.02 True 42259.297 132 0.0267 53335.40104961644 0.03948917733578128 1.204110430308833e-10 7.95866386901432e-13 0.5551264908276496 0.0023294647519205075 0.026477202576998395
2004gs CMFGEN 1.04 True 36509.42 132 0.0267 53339.85544708255 0.03209345703362487 2.57923044610333e-10 1.7531392146756325e-12 0.7842606609031151 0.002420971739501401 0.026477202576998395
2004gs CMFGEN 1.4 True 48553.74 132 0.0267 53333.56582774804 0.040840747900801944 6.832588753709382e-11 4.674977250211944e-13 0.38101561772268694 0.002386536357661249 0.026477202576998395
2004gs CMFGEN 1.7 True 52175.383 132 0.0267 53339.23235637925 0.0347680422673875 3.524068874810517e-10 2.749654749331883e-12 0.9051602775035121 0.002799126422175331 0.026477202576998395
2004gu CMFGEN 1.02 True 5856.1094 68 0.0459 53344.567356334286 0.04105154408534872 5.268931042087373e-11 4.4855828596180346e-13 0.2924880176465521 0.002967966029335128 0.022829520827045438
2004gu CMFGEN 1.04 True 13828.563 68 0.0459 53348.12081127788 0.033056174932426075 1.0318738948056315e-10 8.922283505952303e-13 0.4986279759581768 0.00299835978954378 0.022829520827045438
2004gu CMFGEN 1.4 True 4711.3477 68 0.0459 53342.58673813757 0.0451048553622968 3.1944233571312804e-11 2.733941394459481e-13 0.13257742374379408 0.0029737829607776223 0.022829520827045438
2004gu CMFGEN 1.7 True 19074.771 68 0.0459 53347.10334068919 0.034068768662109505 1.035745762667638e-10 9.57768689085306e-13 0.5128225906574883 0.0032114714425060917 0.022829520827045438
2005M CMFGEN 1.02 True 39227.3 170 0.022 53388.079241495245 0.017385797124006785 1.4020331135681733e-10 6.491569749235074e-13 0.1804879562429294 0.0014993109766018684 0.026828269304116723
2005M CMFGEN 1.04 True 60950.406 170 0.022 53390.78502144237 0.014532001514453441 2.3141707163775295e-10 1.077700270005087e-12 0.32162367037914574 0.0015015846311836173 0.026828269304116723
2005M CMFGEN 1.4 True 31863.576 170 0.022 53386.55427778354 0.01847955029006698 9.437640948257858e-11 4.290349323380008e-13 0.05922062555920205 0.001467143958940794 0.026828269304116723
2005M CMFGEN 1.7 True 86953.87 170 0.022 53389.79094983997 0.015727546473499388 2.294619644993148e-10 1.1132185953640464e-12 0.3325722097671959 0.001568279776427184 0.026828269304116723
2005al CMFGEN 1.02 True 77656.19 110 0.0124 53412.03959254627 0.03228383798341383 4.4309457568714713e-10 2.2639747060844805e-12 0.37165915218775736 0.0016022146822808505 0.04777394682567044
2005al CMFGEN 1.04 True 69849.07 110 0.0124 53414.966959524754 0.0330731010180898 1.0559478320194787e-09 5.146610521311285e-12 0.6164283717678548 0.0015487765057961929 0.04777394682567044
2005al CMFGEN 1.4 True 79802.04 110 0.0124 53410.95049922053 0.031201870489894645 2.446436169954654e-10 1.2198482431541944e-12 0.19462988856287453 0.0015571400484161086 0.04777394682567044
2005al CMFGEN 1.7 True 99532.92 110 0.0124 53413.534338888065 0.039570864977577 1.473223230997506e-09 8.19961927678354e-12 0.7392526237208815 0.0017015857346456852 0.04777394682567044
2005am CMFGEN 1.04 True 116714.555 98 0.0079 53420.30924095384 0.02779625598122948 5.320938488581484e-09 2.2660690947653055e-11 0.7719577111512219 0.0014092160374018568 0.046124031495588254
2005am CMFGEN 1.4 True 122133.695 98 0.0079 53415.39084744426 0.025617908544518286 1.230350633108246e-09 5.365041175179999e-12 0.34060815397297733 0.0013767093275447926 0.046124031495588254
2005am CMFGEN 1.7 True 157103.98 98 0.0079 53420.01374497095 0.03217126005984028 7.629030278016616e-09 3.712722936312934e-11 0.9194740138696805 0.001586447975600234 0.046124031495588254
2005el CMFGEN 1.02 True 51841.336 69 0.0149 53627.10971156935 0.026758489588246448 4.02603418234012e-10 2.0184658222827965e-12 0.32299521605628345 0.0016999690275596349 0.09808364969164196
2005el CMFGEN 1.04 True 56925.727 69 0.0149 53630.55523417238 0.021055326596979285 9.487838975509627e-10 4.5759232097799535e-12 0.5687849879737062 0.0016227909261071 0.09808364969164196
2005el CMFGEN 1.4 True 50223.89 69 0.0149 53625.89356429185 0.026959332422848092 2.1095526780444403e-10 1.0415065074108538e-12 0.12485836995032551 0.001648579806467328 0.09808364969164196
2005el CMFGEN 1.7 True 79357.78 69 0.0149 53629.893294062036 0.022801453593274346 1.18756102139757e-09 6.1543917398701675e-12 0.6663335661462205 0.0017444336171030708 0.09808364969164196
2005eq CMFGEN 1.02 True 12938.925 71 0.029 53637.17101876436 0.03425356927255052 1.0149034607113765e-10 6.733184170421996e-13 0.1883762383697012 0.00214523325897014 0.06362687563506927
2005eq CMFGEN 1.04 True 21493.492 71 0.029 53640.08295868322 0.030857865254802164 1.767382081496034e-10 1.1349285495186676e-12 0.3506334666273472 0.002059944708343469 0.06362687563506927
2005eq CMFGEN 1.4 True 11842.565 71 0.029 53635.76670492728 0.03487450055399677 6.366216555600171e-11 4.195744481230349e-13 0.04580675245797115 0.002142826392649557 0.06362687563506927
2005eq CMFGEN 1.7 True 30412.064 71 0.029 53639.11595003553 0.03137793556015822 1.7102795155399761e-10 1.1497057866850209e-12 0.3529277306346239 0.0021448515096134406 0.06362687563506927
2005gj CMFGEN 1.02 True 34852.082 73 0.0616 53631.577867462474 0.22024844947009115 6.418314125290872e-10 5.2514917448539184e-12 0.40637744365483763 0.0023064922740561127 0.10432937283711677
2005gj CMFGEN 1.04 True 91687.516 73 0.0616 53691.474303746756 0.02887842156633269 6.303250144887166e-10 5.75522044986717e-12 0.9744372614126562 0.003343287155407593 0.10432937283711677
2005gj CMFGEN 1.4 True 61739.996 73 0.0616 53687.80592500724 0.039413828555552755 1.9231773998173415e-10 1.312303033785632e-12 0.5954709680759012 0.002482614652411227 0.10432937283711677
2005gj CMFGEN 1.7 True 97206.72 73 0.0616 53690.76151189163 0.02960890396934701 6.374148085709547e-10 7.300234050191287e-12 0.984747221355604 0.00415600902854028 0.10432937283711677
2005hk CMFGEN 1.02 True 286208.78 71 0.013 53643.17229993426 0.031586324599629734 8.037099174034003e-10 4.867542643656763e-12 0.5216573648674481 0.0020557456401868977 0.020061264631809475
2005hk CMFGEN 1.04 True 302369.1 71 0.013 53642.250519896974 0.0498662799000158 1.8703360882147674e-09 1.2305885204713558e-11 0.6985441790856781 0.002049387646089109 0.020061264631809475
2005hk CMFGEN 1.4 True 57280.71 71 0.013 53665.92510637427 0.019219058198359562 3.902766820154718e-10 2.2320251120611215e-12 0.5117980300287821 0.0020304166480631276 0.020061264631809475
2005hk CMFGEN 1.7 True 310256.47 71 0.013 53627.504602470326 0.13587917425684282 8.50981999919133e-09 1.0863686615576506e-10 1.0664663933629337 0.0032113870883062174 0.020061264631809475
2005ke CMFGEN 1.02 True 106119.66 116 0.0049 53682.162334081404 0.012326312553341268 1.2597249890410102e-09 5.497950627453378e-12 0.6313753838722141 0.0014929661166632534 0.021125155887244045
2005ke CMFGEN 1.04 True 72022.31 116 0.0049 53684.91004600109 0.008937632170272991 3.2324412418453376e-09 1.419981473057354e-11 0.8780610146538743 0.0015001153046219047 0.021125155887244045
2005ke CMFGEN 1.4 True 122228.56 116 0.0049 53680.473675185545 0.013779950357275084 6.740238409426869e-10 2.850192368019478e-12 0.44855452776696075 0.0014348221533530868 0.021125155887244045
2005ke CMFGEN 1.7 True 76215.09 116 0.0049 53684.430578732914 0.009037934036314255 4.5485705487372016e-09 2.2544786895562668e-11 1.0015359698658823 0.001711542276320956 0.021125155887244045
2005ki CMFGEN 1.02 True 54988.23 122 0.0192 53687.270524111926 0.019547057996533113 2.0888304266864374e-10 1.2372084848459313e-12 0.3316924079365014 0.0020177922625592578 0.027486266648353123
2005ki CMFGEN 1.04 True 45603.12 122 0.0192 53690.005482249086 0.01571708975097863 4.3508859423983585e-10 2.5761389086160067e-12 0.5298434787647612 0.0020204412269172072 0.027486266648353123
2005ki CMFGEN 1.4 True 65207.707 122 0.0192 53685.753126907875 0.021988639353367034 1.1554888209379177e-10 6.871002897168613e-13 0.15532643798713558 0.0020081128343241643 0.027486266648353123
2005ki CMFGEN 1.7 True 65634.49 122 0.0192 53689.25940095286 0.01636624180537183 5.757288681296915e-10 3.600825936117993e-12 0.6405337226369585 0.0021524751179340354 0.027486266648353123
2005na CMFGEN 1.02 True 36734.05 70 0.0263 53721.96888795817 0.03505320287877112 1.647790656076949e-10 1.0742933007717366e-12 0.29857774427419204 0.002192834314323431 0.06681481625966589
2005na CMFGEN 1.04 True 45946.98 70 0.0263 53725.54621380535 0.03182942560306401 3.2535043272411624e-10 2.2001086045317777e-12 0.5032679861574975 0.0022503256411814145 0.06681481625966589
2005na CMFGEN 1.4 True 33292.258 70 0.0263 53720.62197128722 0.03464164479737519 9.168416878181767e-11 5.9751636700677e-13 0.11481975081568568 0.0021813590901972007 0.06681481625966589
2005na CMFGEN 1.7 True 68449.77 70 0.0263 53724.461288283805 0.03432606583010056 3.580810579520853e-10 2.661902892469278e-12 0.5518731050352794 0.0024527248590269055 0.06681481625966589
2006D CMFGEN 1.02 True 71458.71 113 0.0085 53738.774379417315 0.030474058905383572 1.2116812666398484e-09 4.864676981321566e-12 0.47805707015015686 0.0013748359193155855 0.039300265923908353
2006D CMFGEN 1.04 True 55714.88 113 0.0085 53741.82087624754 0.02555684906837996 2.8759246985948108e-09 1.1438350017571419e-11 0.7107868261307726 0.0013703770700960142 0.039300265923908353
2006D CMFGEN 1.4 True 90996.91 113 0.0085 53737.78202402777 0.03113120335547137 6.18070617486581e-10 2.5530728138946893e-12 0.28519594644686086 0.0013869187415585856 0.039300265923908353
2006D CMFGEN 1.7 True 78977.17 113 0.0085 53741.34717060335 0.025879788223392097 4.033886697123701e-09 1.710275865401764e-11 0.8410426114509373 0.001439758757393353 0.039300265923908353
2006X CMFGEN 1.02 True 50121.3 99 0.0052 53768.60586625312 0.009208204312017187 2.1052746562175196e-08 5.768380371152311e-11 1.406344020622411 0.0009762251381572071 0.022553426442264515
2006X CMFGEN 1.04 True 65819.39 99 0.0052 53770.97670079897 0.006846650743682403 4.873819754985208e-08 1.380048332615425e-10 1.6314992270928086 0.0010055990448071712 0.022553426442264515
2006X CMFGEN 1.4 True 464137.75 99 0.0052 53709.155414598696 0.37470038833271246 4.8803227488082685e-08 9.570322706232754e-10 1.293923687653868 0.003994237783793662 0.022553426442264515
2006X CMFGEN 1.7 False 1207344.0 99 0.0052 53759.027018585 92.23762613360304 1.905636541942494e-10 6.046394674908077e-14 0.1235333645341827 2.870297754127099e-05 0.022553426442264515
2006ax CMFGEN 1.02 True 32248.438 65 0.0167 53809.474713664844 0.011861355687869946 2.988996107382656e-10 1.4083052618331333e-12 0.21962429345639947 0.0015594996843870835 0.04323992187949964
2006ax CMFGEN 1.04 True 45984.016 65 0.0167 53811.38895531258 0.010138719921087613 6.208698502542741e-10 2.978656894554719e-12 0.41887219725936053 0.001587463832529331 0.04323992187949964
2006ax CMFGEN 1.4 True 27691.887 65 0.0167 53808.23663114849 0.013368370691750897 1.7848508312361023e-10 8.383010203107654e-13 0.06339268567159075 0.0015503948152833869 0.04323992187949964
2006ax CMFGEN 1.7 True 69625.63 65 0.0167 53810.66049303957 0.01139324001269415 6.996972204860325e-10 3.5903550953333366e-12 0.48127367413044425 0.0017116291261666807 0.04323992187949964
2006bh CMFGEN 1.02 True 71267.164 54 0.0109 53813.64424416847 0.03520879818825051 8.962946984320982e-10 4.140441054210388e-12 0.42057521579821777 0.0016664023098785553 0.022862200011365373
2006bh CMFGEN 1.04 True 66310.68 54 0.0109 53817.66641581343 0.03337079812627053 1.984327499056449e-09 9.541755502375487e-12 0.6600275090467507 0.0016770814580110564 0.022862200011365373
2006bh CMFGEN 1.4 True 71359.67 54 0.0109 53812.09298569214 0.03316693891247269 4.752427966969106e-10 2.199813560626972e-12 0.2190961388451548 0.0016513885905885706 0.022862200011365373
2006bh CMFGEN 1.7 True 84986.06 54 0.0109 53816.84129523764 0.032090392534882994 2.585574830651826e-09 1.249759180844931e-11 0.7715948689303462 0.0016778013404475248 0.022862200011365373
2006eq CMFGEN 1.02 True 2986.4678 29 0.0495 53956.62814453891 0.20040890249219956 4.7403636313308484e-11 8.952918825931213e-13 0.6323364758106673 0.007070696060954458 0.04124082407613607
2006eq CMFGEN 1.04 True 2257.9573 29 0.0495 53962.98462339553 0.15178840338194277 1.0739591087455618e-10 2.0339950357905004e-12 0.9302893447891991 0.006958464585732094 0.04124082407613607
2006eq CMFGEN 1.4 True 2864.9666 29 0.0495 53954.032013607546 0.17692469859321136 2.5947412054952368e-11 5.19393167269738e-13 0.4242414114624761 0.007562884123300494 0.04124082407613607
2006eq CMFGEN 1.7 True 2593.748 29 0.0495 53961.42864111583 0.1777372952310543 1.6172664232411592e-10 3.971921091087262e-12 1.0789718033602238 0.008924650559201903 0.04124082407613607
2006et CMFGEN 1.02 True 16537.705 66 0.0226 53976.098986391 0.021082095874589868 2.6076229322308863e-10 1.7478358961290999e-12 0.381771324606209 0.0022444666169372882 0.016484083652199933
2006et CMFGEN 1.04 True 164281.14 66 0.0226 53950.7893030377 0.07181617401874973 1.48513104234101e-09 1.4066151201036339e-11 0.6610108659562343 0.002838952056347011 0.016484083652199933
2006et CMFGEN 1.4 True 13470.302 66 0.0226 53974.6190555508 0.022299777905573137 1.6752551134050752e-10 1.097370012204521e-12 0.24616631892884028 0.002187803690310106 0.016484083652199933
2006et CMFGEN 1.7 True 40778.137 66 0.0226 53977.79181626044 0.019017550905118696 4.5108296475154253e-10 3.128607155480424e-12 0.5503135934132112 0.0023154370973645796 0.016484083652199933
2006gj CMFGEN 1.02 True 5864.39 44 0.0284 53979.85321753942 0.08663468835948152 6.845776752627625e-11 1.027185641952123e-12 0.43792617793384586 0.005111326067104181 0.07245814932372446
2006gj CMFGEN 1.4 True 7065.4585 44 0.0284 53977.62436703235 0.08864475427981233 4.3182855212129667e-11 6.445433044744455e-13 0.2888599340655836 0.005095384537008591 0.07245814932372446
2006gj CMFGEN 1.7 True 6822.3154 44 0.0284 53982.70296026869 0.07575442374582053 1.2764371570609248e-10 2.093295301931792e-12 0.6399152575577738 0.0056288275714674 0.07245814932372446
2006gt CMFGEN 1.02 True 5199.4707 34 0.0448 53982.05946842188 0.0985201243274787 2.3517220018291805e-11 4.1301509567147694e-13 0.2791356452639867 0.005713155369915137 0.03203576638201347
2006gt CMFGEN 1.04 True 4703.2207 34 0.0448 53986.59069619114 0.0833573617383081 4.0310180925677766e-11 7.09482667193379e-13 0.45789140953864543 0.0057941526278430565 0.03203576638201347
2006gt CMFGEN 1.4 True 5483.0493 34 0.0448 53979.90258635971 0.10121755098953145 1.514549817408309e-11 2.680378935490977e-13 0.1342767190156855 0.0057966157790305195 0.03203576638201347
