results/band_fits/u_g_r_Ydw.ecsv
# %ECSV 0.9
# ---
# datatype:
# - {name: object ID, datatype: string}
# - {name: model, datatype: string}
# - {name: version, datatype: string}
# - {name: success, datatype: bool}
# - {name: chisq, datatype: float32}
# - {name: ndof, datatype: int32}
# - {name: z, datatype: float64}
# - {name: t0, datatype: float64}
# - {name: t0_err, datatype: float64}
# - {name: x0, datatype: float64}
# - {name: x0_err, datatype: float64}
# - {name: hostebv, datatype: float64}
# - {name: hostebv_err, datatype: float64}
# - {name: mwebv, datatype: float64}
# meta:
#   bands: [csp_dr3_u, csp_dr3_g, csp_dr3_r, csp_dr3_Ydw]
# schema: astropy-2.0
"object ID" model version success chisq ndof z t0 t0_err x0 x0_err hostebv hostebv_err mwebv
[from data line 257]
2008fp CMFGEN 1.4 True 51375.875 100 0.0057 54711.64017043572 0.018971374483953696 3.3493333887579085e-09 7.785223068509404e-12 0.5836359947457179 0.0008937240288200192 0.16865355471544707
2008fp CMFGEN 1.7 True 139799.88 100 0.0057 54715.15069995687 0.0167761268785398 1.0751837445605e-08 2.5488466699343307e-11 0.9254728854803463 0.0008243420019700716 0.16865355471544707
2008fr CMFGEN 1.02 True 5095.395 51 0.0397 54717.78056075128 0.07852226964314468 6.819196820711104e-11 5.834929724790341e-13 0.3009694514929475 0.0031316389670084568 0.038677564969285
2008fr CMFGEN 1.04 True 11427.894 51 0.0397 54717.67992402849 0.12258337742969161 1.6790140993591817e-10 1.6053696856381042e-12 0.5205762371088378 0.0028769686071875374 0.038677564969285
2008fr CMFGEN 1.4 True 3709.079 51 0.0397 54717.01668602139 0.07715516764801578 3.875113648389424e-11 3.4319116620825613e-13 0.1351771036952966 0.003278663786182135 0.038677564969285
2008fr CMFGEN 1.7 True 18062.66 51 0.0397 54721.00626402751 0.13547885587468045 1.6535883799088057e-10 2.067790205445557e-12 0.6027742873413361 0.003374405115471363 0.038677564969285
2008fu CMFGEN 1.02 True 3193.529 38 0.052 54715.10378733098 0.14601584347110474 3.747027534728726e-11 6.638888677129966e-13 0.3966826352646702 0.006738985354302862 0.018833736613107027
2008fu CMFGEN 1.04 True 3882.3347 38 0.052 54718.01166271227 0.2300510605200543 8.890954999583311e-11 1.6860748076123845e-12 0.6499554296077684 0.006541035291076713 0.018833736613107027
2008fu CMFGEN 1.4 True 3331.0215 38 0.052 54713.761702579366 0.14516215594267123 2.0550101056025295e-11 3.9526366839131433e-13 0.21220000547755496 0.007375390572756919 0.018833736613107027
2008fu CMFGEN 1.7 True 5580.0264 38 0.052 54720.5244500671 0.15986209831680753 8.247828441923662e-11 1.725802293501848e-12 0.7004907078325795 0.0069667116079802395 0.018833736613107027
2008fw CMFGEN 1.02 True 27921.81 67 0.0085 54717.392875555786 0.042693248087743996 1.4978344555439034e-09 6.162328201733993e-12 0.43588411107803726 0.0013844364143906563 0.11159617552698833
2008fw CMFGEN 1.04 True 54821.31 67 0.0085 54715.39743227739 0.0375228868870181 3.983930449795703e-09 1.8072478407847402e-11 0.6430272641457145 0.001346726785451836 0.11159617552698833
2008fw CMFGEN 1.4 True 16683.422 67 0.0085 54717.12022261789 0.03425212147340062 8.190423214119324e-10 3.291438332705726e-12 0.26603013750462007 0.0014010736349417694 0.11159617552698833
2008fw CMFGEN 1.7 True 89592.99 67 0.0085 54711.126877129245 0.059979542333167046 8.529596512948874e-09 5.586413799104034e-11 0.8684047820777832 0.001725007079028177 0.11159617552698833
2008gg CMFGEN 1.02 True 18999.979 71 0.032 54733.35760747692 0.04982877938527963 1.2774244503908516e-10 6.305585385811393e-13 0.3627220221369716 0.00161121025277768 0.02120202873332347
2008gg CMFGEN 1.04 True 31891.908 71 0.032 54736.913718328244 0.05848379367671441 2.676638852565094e-10 1.4209913517633442e-12 0.5886206785211214 0.001649681672628155 0.02120202873332347
2008gg CMFGEN 1.4 True 14517.06 71 0.032 54732.330772665424 0.043055809092038544 7.560187913300274e-11 3.6723223326570306e-13 0.2065979603169201 0.0016580632715667354 0.02120202873332347
2008gg CMFGEN 1.7 True 44674.613 71 0.032 54736.158156779515 0.052075219824473606 2.7202021879371843e-10 1.5990556963739199e-12 0.6127410705832796 0.0017056836299251896 0.02120202873332347
2008hj CMFGEN 1.02 True 3108.917 45 0.0379 54782.98964829441 0.026408769459521864 4.8127285436116906e-11 3.014236616550577e-13 0.09781879329025783 0.0019756018384845214 0.03086168432817931
2008hj CMFGEN 1.04 True 7623.4233 45 0.0379 54786.05712921684 0.02165931213676231 7.82051083744371e-11 4.940213987505227e-13 0.246454334352968 0.0019831268918649963 0.03086168432817931
2008hj CMFGEN 1.4 True 2932.9421 45 0.0379 54781.3133046014 0.02887640250264667 3.431128921565803e-11 2.1384777120497903e-13 -0.009696068535097444 0.001966869921537299 0.03086168432817931
2008hj CMFGEN 1.7 True 8854.196 45 0.0379 54784.932224762386 0.022568717056856258 6.837491305905964e-11 4.415749640064832e-13 0.20924908661216002 0.002029900557604195 0.03086168432817931
2008hu CMFGEN 1.02 True 5474.115 34 0.0497 54784.716275093204 0.10440072647179477 3.047179217173466e-11 4.1322235860897974e-13 0.28343704518592333 0.004867246749215562 0.09234704414548399
2008hu CMFGEN 1.04 True 6389.102 34 0.0497 54790.02627747205 0.07882194273042842 6.057891167097374e-11 7.939022813922596e-13 0.5238146072921125 0.004475580011977372 0.09234704414548399
2008hu CMFGEN 1.4 True 5277.7124 34 0.0497 54782.67187085416 0.09464933629351435 1.680174508028048e-11 2.3853998687803935e-13 0.08732390604082915 0.005131555711383285 0.09234704414548399
2008hu CMFGEN 1.7 True 7293.251 34 0.0497 54789.03240109935 0.07652908342060982 5.765130519695379e-11 7.680357026187041e-13 0.5204905936668993 0.0044688312997242605 0.09234704414548399
2008hv CMFGEN 1.02 True 57191.92 70 0.0126 54799.23732240412 0.010069256390124792 3.6874185853805766e-10 1.6683031711797577e-12 0.2396544152349167 0.0014668865820868134 0.02743585979989673
2008hv CMFGEN 1.4 True 52240.996 70 0.0126 54797.85046937868 0.01048237759823678 2.3379201951240823e-10 1.008787435071292e-12 0.10165142584184103 0.0014029438736531856 0.02743585979989673
2008ia CMFGEN 1.02 True 17991.764 48 0.0219 54792.94883453176 0.04972415512384032 2.339351064218445e-10 1.3686590095410114e-12 0.36851980951826524 0.002122403100549003 0.19479143249257042
2008ia CMFGEN 1.04 True 26001.52 48 0.0219 54797.507419043875 0.03808578127063811 5.214369664182705e-10 3.2968554202761855e-12 0.6260300519191643 0.0023483175546854932 0.19479143249257042
2008ia CMFGEN 1.4 True 16435.98 48 0.0219 54791.168859956706 0.04979430314779165 1.421503224137828e-10 8.161722864188442e-13 0.20549901302693963 0.0020510078493404713 0.19479143249257042
2008ia CMFGEN 1.7 True 58681.81 48 0.0219 54796.236268766195 0.0458027237909846 7.07943531279449e-10 7.821850697049958e-12 0.7432212914812482 0.0041081711521616816 0.19479143249257042
2009D CMFGEN 1.02 True 25379.307 65 0.025 54822.820157986316 0.018682506462937454 1.5023549389207427e-10 6.36209670469048e-13 0.15349002660535147 0.00135407174160807 0.04553556357655682
2009D CMFGEN 1.04 True 48117.957 65 0.025 54826.020352338994 0.015699625339038903 2.7187530029401845e-10 1.154535340380951e-12 0.3320815344372064 0.001349802290666711 0.04553556357655682
2009D CMFGEN 1.4 True 17595.242 65 0.025 54821.22656246621 0.01942313586914679 9.918324768979163e-11 4.109541001172955e-13 0.022635879705845366 0.0013210938638886346 0.04553556357655682
2009D CMFGEN 1.7 True 66526.07 65 0.025 54824.86324422046 0.016640373349218862 2.5400536457685014e-10 1.1101048418210104e-12 0.32139648101308316 0.0013924031996927076 0.04553556357655682
2009F CMFGEN 1.02 True 44180.168 43 0.013 54823.22662179691 0.033980797248659655 2.0453819819257295e-10 1.6421942100035874e-12 0.59248764646112 0.00286694410851135 0.08942501844180814
2009F CMFGEN 1.04 True 35003.656 43 0.013 54827.369618503784 0.0231946528001572 3.776253776793204e-10 3.0491139304915636e-12 0.7713517384402597 0.002861175868115123 0.08942501844180814
2009F CMFGEN 1.4 True 61152.97 43 0.013 54804.76741819013 0.06719795074604917 1.7566625825897251e-10 1.5822820352716576e-12 0.36061126836612345 0.0035931925994160097 0.08942501844180814
2009F CMFGEN 1.7 True 39084.285 43 0.013 54826.28058344078 0.02506779564646422 3.3904558391668876e-10 2.7361034910753044e-12 0.7439238057260342 0.0028634299713582224 0.08942501844180814
2009Y CMFGEN 1.02 True 47147.31 87 0.0094 54858.50187139547 0.020394807994307484 1.5319034045004683e-09 5.906005435850347e-12 0.38047683599904575 0.0012348875056871105 0.08739267344609465
2009Y CMFGEN 1.04 True 74231.77 87 0.0094 54861.489880760455 0.017452148505981313 3.0876498296056467e-09 1.1892967326721125e-11 0.577546833656088 0.0012365750265821178 0.08739267344609465
2009Y CMFGEN 1.4 True 35948.152 87 0.0094 54856.89285907509 0.02209123331704177 9.623362645378284e-10 3.60553562113837e-12 0.24232241803099888 0.0011894119509915067 0.08739267344609465
2009Y CMFGEN 1.7 True 123139.37 87 0.0094 54860.520827888475 0.019184909906471148 3.301573126887558e-09 1.326381273746419e-11 0.6173055838429289 0.0012950894424178638 0.08739267344609465
2009aa CMFGEN 1.02 True 26946.584 63 0.0273 54860.06815101308 0.014582309417164652 8.25952575195338e-11 4.21456288705116e-13 0.14723261349999336 0.0016292571548795363 0.029208185622029807
2009aa CMFGEN 1.04 True 34112.61 63 0.0273 54862.598048148684 0.01208957920607645 1.3541404870999718e-10 7.088045607914423e-13 0.29011941057424145 0.0016662044845845284 0.029208185622029807
2009aa CMFGEN 1.4 True 221035.27 63 0.0273 54834.78492241514 0.06048696835205192 5.867508014254594e-11 4.1746008176437666e-13 -0.12304625442516647 0.002783616817939652 0.029208185622029807
2009aa CMFGEN 1.7 True 43905.45 63 0.0273 54861.56643179681 0.012835593963245628 1.2387716582152634e-10 6.489799448770229e-13 0.2727539300755878 0.0016696884731038613 0.029208185622029807
2009ag CMFGEN 1.02 True 29841.611 55 0.0086 54872.374112033656 0.03737284462476964 1.3977664487502526e-09 7.334397078507604e-12 0.5625269183928622 0.001792785117141617 0.21795939846193027
2009ag CMFGEN 1.04 True 41840.508 55 0.0086 54875.4488164398 0.041112674443866126 2.7852983809673055e-09 1.464952129703203e-11 0.7559120457299979 0.001711447747035439 0.21795939846193027
2009ag CMFGEN 1.4 True 23699.889 55 0.0086 54871.06882121171 0.03645974884784664 7.991229277896436e-10 3.966846654209511e-12 0.3890165128412387 0.0017324618212246105 0.21795939846193027
2009ag CMFGEN 1.7 True 62082.105 55 0.0086 54874.91617474411 0.048387597689725226 3.2684844346243714e-09 1.983627918811224e-11 0.8331155906378579 0.0018830664755746915 0.21795939846193027
2009cz CMFGEN 1.02 True 2764.8706 23 0.0211 54925.24113326132 0.03309238390647806 1.5536145881824225e-10 1.214392382457554e-12 0.14453503765825854 0.0026686442336709207 0.022280159832036444
2009cz CMFGEN 1.04 True 10454.017 23 0.0211 54928.21051433043 0.028597180506039876 2.728519336954393e-10 2.204234557396735e-12 0.3175711395105671 0.002741238465127034 0.022280159832036444
2009cz CMFGEN 1.4 True 1095.812 23 0.0211 54923.45610809083 0.03572117433213862 1.0785599928822492e-10 8.136592022129072e-13 0.028940690363201942 0.002578325750841852 0.022280159832036444
2009cz CMFGEN 1.7 True 11147.735 23 0.0211 54927.3650554875 0.02905774785540416 2.436398541005126e-10 1.9922372775356915e-12 0.2866945236194693 0.0027724130950901684 0.022280159832036444
2009dc CMFGEN 1.02 True 59035.227 31 0.0214 54908.6028789358 0.06858513215411222 4.402946327897563e-10 2.068893449825618e-12 -0.017575607422121498 0.0016341867342112954 0.0601626563528406
2009dc CMFGEN 1.04 True 55978.285 31 0.0214 54906.2835591723 0.0470129939239996 1.2079975206869682e-09 5.201605352788441e-12 0.20070741661683558 0.0015688175205567222 0.0601626563528406
2009dc CMFGEN 1.4 True 63302.582 31 0.0214 54907.80476930957 0.07793019603559515 2.3663688788181904e-10 1.1405876210848327e-12 -0.1975069741420061 0.0018009285068534657 0.0601626563528406
2009dc CMFGEN 1.7 True 64956.113 31 0.0214 54901.27373496208 0.09157292383679305 2.313942850134284e-09 1.319108896824539e-11 0.3806877046474256 0.0015419201114130216 0.0601626563528406
2009ds CMFGEN 1.02 True 239.1856 25 0.0193 54943.40806713499 0.04776475835387828 1.919073557059325e-10 2.1589788050489027e-12 0.13042271747970888 0.003237530861236579 0.03346943379780617
2009ds CMFGEN 1.04 True 7707.2397 25 0.0193 54906.55495223736 0.3096211838819727 7.787673372337862e-10 1.2175218816089175e-11 0.024119299125659858 0.00331879638583369 0.03346943379780617
2009ds CMFGEN 1.4 True 347.43066 25 0.0193 54942.09403120883 0.05000912026298465 1.5617638256721518e-10 1.7755131040053383e-12 0.06061978163357791 0.0032797638179799036 0.03346943379780617
2009ds CMFGEN 1.7 True 10145.675 25 0.0193 54911.87458530986 0.8057946952358179 8.383027325822229e-10 3.8339008259117936e-11 0.14702810390152785 0.00525645925956513 0.03346943379780617
