results/band_fits/u_g_r_Y.ecsv
# %ECSV 0.9
# ---
# datatype:
# - {name: object ID, datatype: string}
# - {name: model, datatype: string}
# - {name: version, datatype: string}
# - {name: success, datatype: bool}
# - {name: chisq, datatype: float32}
# - {name: ndof, datatype: int32}
# - {name: z, datatype: float64}
# - {name: t0, datatype: float64}
# - {name: t0_err, datatype: float64}
# - {name: x0, datatype: float64}
# - {name: x0_err, datatype: float64}
# - {name: hostebv, datatype: float64}
# - {name: hostebv_err, datatype: float64}
# - {name: mwebv, datatype: float64}
# meta:
#   bands: [csp_dr3_u, csp_dr3_g, csp_dr3_r, csp_dr3_Y]
# schema: astropy-2.0
"object ID" model version success chisq ndof z t0 t0_err x0 x0_err hostebv hostebv_err mwebv
[from data line 86]
2006gj CMFGEN 1.04 True 7161.9966 53 0.0284 53983.86289552414 0.07465549232438207 1.4979914434022064e-10 2.40621746356575e-12 0.6871544518197273 0.005625827087197558 0.07245814932372446
2006gj CMFGEN 1.4 True 8975.607 53 0.0284 53977.102741905124 0.0934327465001843 5.4847802709911535e-11 8.370847634067541e-13 0.3637062364501496 0.005338330804067347 0.07245814932372446
2006gj CMFGEN 1.7 True 9711.099 53 0.0284 53982.85202933273 0.07669034907303285 1.5522389488979795e-10 2.6324288290318028e-12 0.7067104917155781 0.005931443328866351 0.07245814932372446
2006gt CMFGEN 1.02 True 5212.378 35 0.0448 53982.25239887199 0.0956828148700879 2.2653519381478896e-11 4.192474725678985e-13 0.2691498018029555 0.00600524640706083 0.03203576638201347
2006gt CMFGEN 1.04 True 4486.2817 35 0.0448 53986.65136177347 0.07974352739620372 3.830841351274641e-11 6.894816957671034e-13 0.4422798553644307 0.005898454490320922 0.03203576638201347
2006gt CMFGEN 1.4 True 5573.114 35 0.0448 53980.07854490055 0.09884130399223068 1.4662762271933693e-11 2.771826178172298e-13 0.1257835235213809 0.00616165940771316 0.03203576638201347
2006gt CMFGEN 1.7 True 5590.797 35 0.0448 53985.20316665069 0.08285987932322314 3.87373268413182e-11 7.181579270041437e-13 0.4515824310804101 0.006052550552372679 0.03203576638201347
2006hb CMFGEN 1.02 True 38647.18 79 0.0153 53985.66364471221 0.048020218455349095 4.4860224511121495e-10 2.8352831005713687e-12 0.5773259156687905 0.0021250438459450285 0.023450809335250816
2006hb CMFGEN 1.04 True 30290.096 79 0.0153 53989.21120512995 0.0476019113084476 1.0137295395314212e-09 6.699910997996482e-12 0.8106688188501675 0.002138218626803422 0.023450809335250816
2006hb CMFGEN 1.4 True 43852.73 79 0.0153 53984.302833864014 0.0466491432634939 2.4200291506518783e-10 1.5729832322335897e-12 0.39274709947697034 0.0022245234188271136 0.023450809335250816
2006hb CMFGEN 1.7 True 37754.277 79 0.0153 53987.922498315005 0.04929928951605689 1.410278671758669e-09 1.074324817845273e-11 0.9306585161320583 0.002350211219422536 0.023450809335250816
2006is CMFGEN 1.02 True 14057.8545 68 0.031 53993.39953487783 0.046917978030251106 1.2225387803758238e-10 7.044357922427393e-13 0.26016890014382366 0.0019286609553315342 0.028965576049208273
2006is CMFGEN 1.04 True 33241.66 68 0.031 53996.19939970244 0.06933071745879715 2.373579894524634e-10 1.479151655735602e-12 0.44749991107257703 0.0019100235028388756 0.028965576049208273
2006is CMFGEN 1.4 True 11050.185 68 0.031 53992.39466141054 0.04220869386699633 6.964003645509496e-11 4.039358384683589e-13 0.09614085534905784 0.0019601692626536687 0.028965576049208273
2006is CMFGEN 1.7 True 50393.043 68 0.031 53995.51053856772 0.06456823251573951 2.446912155027359e-10 1.6104071720427568e-12 0.4756852781111433 0.001967109994400074 0.028965576049208273
2006kf CMFGEN 1.02 True 28382.895 66 0.0213 54020.354790432146 0.0423960505395371 1.8603496703178073e-10 1.4778980007495563e-12 0.35296964214823434 0.002817061324023698 0.2111548865539906
2006kf CMFGEN 1.04 True 27059.8 66 0.0213 54024.88418838552 0.030924890204914846 3.615658628705717e-10 2.9829826494835354e-12 0.5554708728270908 0.002919693714916812 0.2111548865539906
2006kf CMFGEN 1.4 True 29712.36 66 0.0213 54018.35377404667 0.0433062715237611 1.104786675914459e-10 8.811302505738757e-13 0.1850830229089498 0.002801673352535397 0.2111548865539906
2006kf CMFGEN 1.7 True 35052.3 66 0.0213 54023.94498233391 0.032004742803110275 4.041980116781259e-10 3.511925237562481e-12 0.6069293240893053 0.0030873978821955705 0.2111548865539906
2006lu CMFGEN 1.02 True 3484.4866 57 0.0534 54019.134622317266 0.0974165307234216 2.6584455784079633e-11 4.014271679830964e-13 0.1930070922316639 0.004854573466615264 0.09926190318509276
2006lu CMFGEN 1.04 True 4737.9443 57 0.0534 54023.310795660276 0.09422609139437554 4.8175731269170555e-11 7.085027229848573e-13 0.3816829413980108 0.004697754624588992 0.09926190318509276
2006lu CMFGEN 1.4 True 3408.3994 57 0.0534 54017.62947848143 0.08906862954609096 1.544626553712187e-11 2.3764782351502204e-13 0.02614819276550768 0.004956312046323935 0.09926190318509276
2006lu CMFGEN 1.7 True 7386.1753 57 0.0534 54021.80132481446 0.10024455610255245 5.0018563573872534e-11 7.68225945239566e-13 0.40148436138346727 0.004851092164772286 0.09926190318509276
2006mr CMFGEN 1.02 True 55513.36 94 0.0059 54030.044579232344 0.05074062130370294 9.867842899832232e-10 6.1889532693737906e-12 0.6707602812947995 0.002228887909054393 0.01798173198598729
2006mr CMFGEN 1.04 True 48034.58 94 0.0059 54035.15860786327 0.03130788744601887 2.3203229939706998e-09 1.4046898517286382e-11 0.9275869140054397 0.0021553591238116106 0.01798173198598729
2006mr CMFGEN 1.4 True 61133.016 94 0.0059 54027.22990808056 0.057980962159490446 5.882262034197679e-10 3.786662013016835e-12 0.503673986878787 0.002252517174951493 0.01798173198598729
2006mr CMFGEN 1.7 True 47342.945 94 0.0059 54034.96031748567 0.03285362274982617 3.2618576303630133e-09 2.2245260979373126e-11 1.0535310879414026 0.0024807019972884724 0.01798173198598729
2006ob CMFGEN 1.4 True 2871.8662 27 0.0592 54039.055440246004 0.12977139560098294 8.560109009952055e-12 2.312690603458205e-13 -0.01718648341258798 0.00889154614401839 0.028481219035194537
2006os CMFGEN 1.02 True 3818.644 45 0.0328 54044.968522954885 0.10727490234057768 1.3989206086482746e-10 1.704327561162833e-12 0.6424392081717542 0.004546978326024241 0.12540838006801724
2006os CMFGEN 1.04 True 6576.907 45 0.0328 54050.63217736249 0.07086806207007612 2.62904056277815e-10 3.496905466786306e-12 0.8622536328874235 0.004888607160066128 0.12540838006801724
2006os CMFGEN 1.4 True 3132.1372 45 0.0328 54042.958808680894 0.09786672168775112 8.44161257742622e-11 1.0320400798158233e-12 0.47483495523225583 0.004556493733976975 0.12540838006801724
2006ot CMFGEN 1.4 True 2548.3848 53 0.0531 54044.477688822306 0.12516714949015295 3.2295343356891606e-11 4.816431634093054e-13 0.30167420455065036 0.005357661355216536 0.015213385022200876
2006ot CMFGEN 1.7 True 9339.313 53 0.0531 54049.850844919565 0.095779809042142 6.874389768242754e-11 1.18054081786182e-12 0.563702598440814 0.005794870733481167 0.015213385022200876
2007A CMFGEN 1.02 True 3327.5854 34 0.0177 54095.151962664844 0.03669488530795206 2.5731580688656713e-10 2.2188480463492263e-12 0.27388187425048194 0.003107577967456059 0.06339063743510513
2007A CMFGEN 1.04 True 6183.6035 34 0.0177 54098.100224805894 0.02996523727051681 4.212946569740677e-10 4.08964438850563e-12 0.4269395975960522 0.0035121613882715306 0.06339063743510513
2007A CMFGEN 1.4 True 8431.605 34 0.0177 54049.21698557588 0.3244565998829785 2.588309007790071e-10 4.193300753368791e-12 -0.2744976925570365 0.0033004075242429485 0.06339063743510513
2007A CMFGEN 1.7 True 5884.835 34 0.0177 54097.211747392525 0.030270171475422103 3.627817543978533e-10 3.4763451258044407e-12 0.3805180919314792 0.0034535607090339393 0.06339063743510513
2007N CMFGEN 1.02 True 30597.191 61 0.0129 54102.99781018321 0.08245866375000332 4.231070635608973e-10 3.7215294414089024e-12 1.0660165910168855 0.0034288025299985393 0.03466644583272683
2007N CMFGEN 1.04 True 22314.748 61 0.0129 54107.51289372958 0.0663625888300885 9.654108661582732e-10 8.959053185254732e-12 1.327593721309985 0.003620838547786327 0.03466644583272683
2007N CMFGEN 1.4 True 35730.85 61 0.0129 54098.13391025621 0.2691989099912462 2.579194335096306e-10 2.4092356250976346e-12 0.8730384684296372 0.004524408637773495 0.03466644583272683
2007N CMFGEN 1.7 True 16284.428 61 0.0129 54106.24265591864 0.07455434748408152 1.6299561391248096e-09 1.6767873408571925e-11 1.5168760078065302 0.003836292724122066 0.03466644583272683
2007S CMFGEN 1.02 True 16643.396 66 0.0139 54126.61582440168 0.019032279422390275 7.762654319500815e-10 3.540107410035468e-12 0.6159618509920737 0.001637615944252586 0.023917370294342193
2007S CMFGEN 1.04 True 30118.578 66 0.0139 54128.97624718569 0.015551664982922375 1.5972082090761697e-09 7.367636612336123e-12 0.8105398854584331 0.0016371952272899969 0.023917370294342193
2007S CMFGEN 1.4 True 13726.186 66 0.0139 54125.20058928308 0.020469962706556544 4.899881492755312e-10 2.297330915987106e-12 0.4785423630476977 0.001684700021622602 0.023917370294342193
2007S CMFGEN 1.7 True 53004.66 66 0.0139 54128.15129204494 0.016388740623369813 1.5893109564240028e-09 7.706633969337758e-12 0.8260884863769853 0.0017065004669133894 0.023917370294342193
2007af CMFGEN 1.02 True 44552.34 112 0.0055 54156.88843109426 0.01568314208270749 4.134524048242257e-09 1.1345633087400549e-11 0.5292638862612238 0.0010517225973909327 0.03369874683150666
2007af CMFGEN 1.04 True 54073.598 112 0.0055 54159.72371601468 0.010690186220017495 9.654086455611e-09 2.7241706498102558e-11 0.7606352178474712 0.0010648716788350403 0.03369874683150666
2007af CMFGEN 1.4 True 46429.832 112 0.0055 54154.94859620815 0.018729142870142823 2.4804327762268548e-09 6.798160042015254e-12 0.3765504704796845 0.0010459770501938278 0.03369874683150666
2007af CMFGEN 1.7 True 105783.32 112 0.0055 54159.51653588954 0.010776136939966818 1.1564236839415602e-08 3.3305151235322704e-11 0.8429698464634892 0.001083097516675488 0.03369874683150666
2007ai CMFGEN 1.02 True 1982.1713 41 0.0317 54156.27181644548 0.09090330657636514 1.0647205361320026e-10 1.6332081849266726e-12 0.40825166876358415 0.005127911544330742 0.28493849738385585
2007ai CMFGEN 1.04 True 3226.4163 41 0.0317 54160.125338491234 0.07011850954586407 1.7908900940557905e-10 2.8568617800608354e-12 0.5697493704260205 0.005315283782864209 0.28493849738385585
2007ai CMFGEN 1.4 True 1680.742 41 0.0317 54154.4159784992 0.0951513446016179 6.935055579127188e-11 1.0782871219109114e-12 0.26988074268463824 0.005236980870004375 0.28493849738385585
2007ai CMFGEN 1.7 True 4205.505 41 0.0317 54159.02232057488 0.07491842182571418 1.738966730767828e-10 2.7733188683201412e-12 0.5704980468456253 0.005324408840074012 0.28493849738385585
2007al CMFGEN 1.02 True 15475.683 46 0.0122 54147.07138214882 0.27742438965287874 3.0113184839057024e-10 4.611029081469873e-12 0.8066731360837196 0.005025189456260478 0.03612839183245699
2007al CMFGEN 1.04 True 10993.433 46 0.0122 54154.55673797926 0.10096095825792872 6.523629194260286e-10 8.946836288133058e-12 1.0810944108186031 0.005526691945485166 0.03612839183245699
2007al CMFGEN 1.4 True 17324.773 46 0.0122 54143.34534874374 0.20174620556281297 1.8240934991156748e-10 2.6850350985157634e-12 0.6318246957946303 0.005159801835671383 0.03612839183245699
2007al CMFGEN 1.7 True 9242.037 46 0.0122 54152.97630787501 0.1136933739289816 1.385227562880834e-09 2.4070794338296934e-11 1.3545999580403334 0.0069200177416381715 0.03612839183245699
2007as CMFGEN 1.02 True 26083.416 62 0.0176 54163.03624869844 0.0392759447604476 3.772828770108059e-10 2.1959998511493685e-12 0.42583763299714356 0.0020225599500424208 0.12248805092706036
2007as CMFGEN 1.04 True 26443.756 62 0.0176 54166.76520569567 0.03534745274737361 7.040310520275179e-10 4.235222578242614e-12 0.608092543117091 0.00207218980834849 0.12248805092706036
2007as CMFGEN 1.4 True 29616.057 62 0.0176 54161.520797695375 0.03833753816434182 2.2200248130943561e-10 1.3232862850486858e-12 0.26303191528294045 0.002086232997778864 0.12248805092706036
2007as CMFGEN 1.7 True 43035.5 62 0.0176 54165.63960622486 0.03829687010511407 7.7179735448853e-10 4.667700832829586e-12 0.6524165888471858 0.0020540090706250087 0.12248805092706036
2007ax CMFGEN 1.02 True 32555.064 38 0.0069 54153.61543462193 0.06951260366986389 1.1510057305347122e-09 7.962523838508189e-12 0.7209273056837918 0.002795539097489276 0.046269740179905226
2007ax CMFGEN 1.04 True 29322.273 38 0.0069 54172.30111735833 0.039920567454828415 1.7808857692113733e-09 1.5037379537196102e-11 1.044799802702472 0.0032146725504625753 0.046269740179905226
2007ax CMFGEN 1.4 True 36737.76 38 0.0069 54153.62872399992 0.08046725078020245 6.494552095813473e-10 4.919744934165183e-12 0.5763297866768871 0.003053636952542087 0.046269740179905226
2007ax CMFGEN 1.7 True 27904.07 38 0.0069 54171.77162988235 0.04580277006243705 2.4663210621755164e-09 2.2649817476482446e-11 1.1732876102014638 0.0035190360638769694 0.046269740179905226
2007ba CMFGEN 1.02 True 8594.002 54 0.0385 54177.1619279393 0.06532394650639617 1.0705607196470087e-10 1.2461310953480042e-12 0.657950980418526 0.003925757088043508 0.03157813338813755
2007ba CMFGEN 1.04 True 8626.379 54 0.0385 54181.346601826786 0.051575666599092074 2.1508785948101314e-10 2.6422676065378906e-12 0.8730006408041017 0.0041025722064368594 0.03157813338813755
2007ba CMFGEN 1.4 True 7692.8354 54 0.0385 54175.30720408136 0.06542360285311588 7.110869617627848e-11 8.167185392495443e-13 0.5203863845741542 0.0038776686221563433 0.03157813338813755
2007ba CMFGEN 1.7 True 10707.437 54 0.0385 54180.163383621606 0.0548823136559804 2.0961690758940643e-10 2.660802383734148e-12 0.8777231024325245 0.004224335687981383 0.03157813338813755
2007bc CMFGEN 1.02 True 30878.467 45 0.0208 54181.23250430578 0.0390120551273867 2.427269460455401e-10 1.7875128133356913e-12 0.3919641197027321 0.00254813332348947 0.018619780482354808
2007bc CMFGEN 1.04 True 32583.566 45 0.0208 54185.06119985191 0.032433077660243725 4.279056774291721e-10 3.2482116772517857e-12 0.5650752967901357 0.002644963434630702 0.018619780482354808
2007bc CMFGEN 1.4 True 28820.258 45 0.0208 54179.35499175417 0.03989869656652445 1.5092059378872838e-10 1.110489003548028e-12 0.235308819337768 0.0025326294478954575 0.018619780482354808
2007bd CMFGEN 1.04 True 144632.77 49 0.0309 54258.686825 1.5961923054419458e-06 3.7666137035160595e-11 4.972427471918654e-13 -2.5851439959271323 0.004329725407546594 0.029214747850011574
2007bd CMFGEN 1.4 True 90494.664 49 0.0309 54133.96858501038 0.32287319644456147 1.6291591544552076e-10 2.8933179889187093e-12 0.04945087372906241 0.004068666812580771 0.029214747850011574
2007bd CMFGEN 1.7 True 145249.44 49 0.0309 54258.686825 2.7719797799363732e-06 1.4563711682060666e-10 2.0868786164955264e-12 -1.965476782266632 0.004850531546861159 0.029214747850011574
2007bm CMFGEN 1.02 True 25329.99 22 0.0062 54205.20894509817 0.04158636135616689 3.860291165229248e-09 2.1923353866513394e-11 0.7423197708128159 0.001938653878788228 0.03528625339363651
2007bm CMFGEN 1.04 True 27239.322 22 0.0062 54209.220427170345 0.06832528057566378 7.810682621460234e-09 4.656886328161175e-11 0.9578256002733 0.0018734438160243885 0.03528625339363651
2007bm CMFGEN 1.4 True 22062.693 22 0.0062 54203.6940003894 0.0395216780489136 2.2524595010547634e-09 1.2721613305043598e-11 0.5728752489116189 0.0019421620927064123 0.03528625339363651
2007bm CMFGEN 1.7 True 42582.54 22 0.0062 54207.1222162347 0.08635961555410177 9.544097875388846e-09 8.927944106692687e-11 1.0222519305373157 0.002217741013827768 0.03528625339363651
2007ca CMFGEN 1.02 True 10810.645 41 0.0141 54209.628107175464 0.01829683116375236 3.536231078080499e-10 1.7706038644979275e-12 0.42200597658204875 0.0017546560281229073 0.057476889787346504
2007ca CMFGEN 1.04 True 269772.44 41 0.0141 54258.869425 1.6839112504385412e-07 2.1701264955241994e-10 1.424706694492313e-12 -2.468134535134786 0.0022255601575200358 0.057476889787346504
2007ca CMFGEN 1.4 True 10638.914 41 0.0141 54208.206669978244 0.019534693547029747 2.358893740150346e-10 1.1686158759126211e-12 0.29543616159617314 0.001730579305324064 0.057476889787346504
2007ca CMFGEN 1.7 True 35090.004 41 0.0141 54211.19150867575 0.01613603034275002 5.405796210978604e-10 2.8881664974212957e-12 0.5517876665190037 0.0018611053663530853 0.057476889787346504
2007cg CMFGEN 1.02 True 757.949 19 0.0332 54209.90675252449 0.2820671328008757 1.8705823640043985e-10 4.014673900483413e-12 0.8168247895403167 0.008432377643131471 0.07048681940892096
2007cg CMFGEN 1.04 True 1474.6617 19 0.0332 54206.48282104849 0.2725158000175725 4.322461385893194e-10 9.165169530197568e-12 0.9377827360292349 0.007627130389347275 0.07048681940892096
