results/band_fits/u_g_r_Y_H.ecsv
# %ECSV 0.9
# ---
# datatype:
# - {name: object ID, datatype: string}
# - {name: model, datatype: string}
# - {name: version, datatype: string}
# - {name: success, datatype: bool}
# - {name: chisq, datatype: float32}
# - {name: ndof, datatype: int32}
# - {name: z, datatype: float64}
# - {name: t0, datatype: float64}
# - {name: t0_err, datatype: float64}
# - {name: x0, datatype: float64}
# - {name: x0_err, datatype: float64}
# - {name: hostebv, datatype: float64}
# - {name: hostebv_err, datatype: float64}
# - {name: mwebv, datatype: float64}
# meta:
#   bands: [csp_dr3_u, csp_dr3_g, csp_dr3_r, csp_dr3_Y, csp_dr3_H]
# schema: astropy-2.0
"object ID" model version success chisq ndof z t0 t0_err x0 x0_err hostebv hostebv_err mwebv
[from data line 257]
2008fu CMFGEN 1.4 True 2755.5862 47 0.052 54714.37731983955 0.15244112020081957 1.6480820777527454e-11 3.6438393229309687e-13 0.15071317782531 0.008165195359820358 0.018833736613107027
2008fu CMFGEN 1.7 True 3723.6194 47 0.052 54720.760565163175 0.14348352329034242 6.548874602357519e-11 1.3976494040209068e-12 0.6290233774911349 0.007116306296530049 0.018833736613107027
2008fw CMFGEN 1.02 True 31975.3 81 0.0085 54717.21422466174 0.045495593585656025 1.6542278417948257e-09 6.9772760116394055e-12 0.4666782481917662 0.0013610815587705508 0.11159617552698833
2008fw CMFGEN 1.04 True 60860.87 81 0.0085 54715.9595436656 0.029252233827719465 4.162929580473685e-09 1.6532561207990964e-11 0.6657923857567021 0.0013116718660978032 0.11159617552698833
2008fw CMFGEN 1.4 True 21409.291 81 0.0085 54717.37343813554 0.03595025329559576 8.683451785602046e-10 3.4249451297395053e-12 0.28906320306023614 0.0013611551745173157 0.11159617552698833
2008fw CMFGEN 1.7 True 96875.82 81 0.0085 54711.73098787705 0.051571608761150856 7.933464216598644e-09 4.197128046445492e-11 0.8524595955564864 0.0014499147644824945 0.11159617552698833
2008gg CMFGEN 1.02 True 17966.447 101 0.032 54734.09562148969 0.0435311308974633 1.587139799565887e-10 7.610556717969337e-13 0.4422729887406273 0.0017412776351191268 0.02120202873332347
2008gg CMFGEN 1.04 True 33201.574 101 0.032 54736.58392557822 0.0552168807698763 3.3236186616019646e-10 1.6905433243131207e-12 0.6531050388658339 0.0017427670613511432 0.02120202873332347
2008gg CMFGEN 1.4 True 15388.433 101 0.032 54732.92683371612 0.040883383648179006 9.30803364545933e-11 4.556725522027645e-13 0.2810198608629785 0.0017906985981102623 0.02120202873332347
2008gg CMFGEN 1.7 True 52094.375 101 0.032 54735.28614381958 0.06817495426003006 3.976580278337588e-10 2.647411680091802e-12 0.7230830383237868 0.0019553119726402877 0.02120202873332347
2008gl CMFGEN 1.02 True 27272.275 85 0.034 54747.75745468533 0.03522312387940474 6.565267777255162e-11 4.289297776121851e-13 0.23001693359525313 0.0021572650475039177 0.024346470870714523
2008gl CMFGEN 1.04 True 30448.668 85 0.034 54751.68675212526 0.029944233556307154 1.1921473175935327e-10 7.899526093242536e-13 0.4204884331676707 0.002192001720513117 0.024346470870714523
2008gl CMFGEN 1.4 True 25956.229 85 0.034 54745.94169642857 0.03611988226111862 4.218788736976249e-11 2.73322735883984e-13 0.0864173570000629 0.0021337947484961852 0.024346470870714523
2008gl CMFGEN 1.7 True 44764.027 85 0.034 54750.512782865415 0.031413182223332115 1.2487491367706813e-10 8.687466343770116e-13 0.44821611011366597 0.00230124550148898 0.024346470870714523
2008gp CMFGEN 1.02 True 111625.18 85 0.0334 54735.601661822606 0.0509472341145738 7.916763447196963e-11 5.109527493409171e-13 -0.05742054067213015 0.0021786672189616735 0.103694303991748
2008gp CMFGEN 1.04 True 27461.611 85 0.0334 54763.46080632725 0.017738048802129924 1.5190134388457027e-10 9.981115169669788e-13 0.36934437893228644 0.0021916800417466804 0.103694303991748
2008gp CMFGEN 1.4 True 12195.953 85 0.0334 54759.32406796892 0.018861459004256176 5.001232217672007e-11 3.136596935142159e-13 0.034954882119293575 0.002076025808842914 0.103694303991748
2008gp CMFGEN 1.7 True 38000.297 85 0.0334 54762.590650415936 0.01894033445205423 1.4190372775965205e-10 9.692371748365545e-13 0.3632184368872449 0.002280061627056755 0.103694303991748
2008ha CMFGEN 1.02 True 11541.989 50 0.0046 54760.235697197764 0.21454188270581653 1.0494962665998349e-10 1.5265652595475308e-12 0.6334478350734787 0.0060827846082528135 0.06357216573029255
2008ha CMFGEN 1.04 False 167119.77 50 0.0046 54806.33890560045 162.526711780607 3.245852932040948e-11 1.000019104750687 0.17121506888516194 1.000152495327718 0.06357216573029255
2008ha CMFGEN 1.4 True 9908.51 50 0.0046 54751.70316754105 0.14987411678157514 6.648173479103418e-11 9.735475418138449e-13 0.3683199375940822 0.005509582794639875 0.06357216573029255
2008hj CMFGEN 1.02 True 55247.51 67 0.0379 54760.303638599464 0.09555639532482019 4.897613758246731e-11 3.353654870953278e-13 -0.18321321407871585 0.002764812760484033 0.03086168432817931
2008hj CMFGEN 1.04 True 9722.465 67 0.0379 54786.07135371474 0.021338153230317403 8.36744738069397e-11 5.131823638164094e-13 0.2668530187375487 0.0019457856412655032 0.03086168432817931
2008hj CMFGEN 1.4 True 59682.168 67 0.0379 54759.53496142686 0.08077975124979275 2.4316437991340413e-11 1.7007838912520414e-13 -0.3867449511320718 0.002689672350524049 0.03086168432817931
2008hj CMFGEN 1.7 True 49034.156 67 0.0379 54752.491807602404 0.13515895133969025 2.638390838562983e-10 2.561076958532947e-12 0.20976734634626326 0.0022225226202664365 0.03086168432817931
2008hu CMFGEN 1.02 True 5673.6475 45 0.0497 54784.55232653725 0.09972744062542915 2.945828374777537e-11 4.069242168483912e-13 0.270016000546354 0.004949065172724975 0.09234704414548399
2008hu CMFGEN 1.04 True 6918.359 45 0.0497 54789.61234597505 0.0888778334192466 6.020482686406424e-11 8.235489776364618e-13 0.5157692079287562 0.004688772222685684 0.09234704414548399
2008hu CMFGEN 1.4 True 5338.054 45 0.0497 54782.60076327561 0.09413107062937343 1.6093821537789696e-11 2.302079564944914e-13 0.07233647132600185 0.005163411493156467 0.09234704414548399
2008hu CMFGEN 1.7 True 9006.45 45 0.0497 54788.77646625111 0.08335717841691803 5.7345348721251596e-11 8.329258141415656e-13 0.5151867241655282 0.004887777069451341 0.09234704414548399
2008hv CMFGEN 1.02 True 312618.3 120 0.0126 54752.75685406987 0.11652010610487196 1.1806448165284222e-09 7.573323957500887e-12 0.23949736525923657 0.0013710248685573478 0.02743585979989673
2008hv CMFGEN 1.04 True 72076.055 120 0.0126 54801.58548351542 0.008551187795092119 1.214535452525324e-09 3.946302805654003e-12 0.5832539846489327 0.0011411477053163538 0.02743585979989673
2008hv CMFGEN 1.4 True 313894.9 120 0.0126 54748.98844388739 0.14078380409773672 7.994169843415102e-10 5.533183247468063e-12 0.12785837627004945 0.0014447744496344115 0.02743585979989673
2008hv CMFGEN 1.7 True 103140.04 120 0.0126 54800.812502010966 0.009114873635553522 1.2205230515102616e-09 4.084427230794104e-12 0.6023507477519366 0.0011757420815633056 0.02743585979989673
2008ia CMFGEN 1.02 True 21302.398 85 0.0219 54793.258320682915 0.046434173062152695 2.253288714587371e-10 1.41948460556047e-12 0.36082016894602303 0.0023083107445751997 0.19479143249257042
2008ia CMFGEN 1.04 True 25731.525 85 0.0219 54797.59513406914 0.037101933114172425 4.872275799606733e-10 3.2295084955733227e-12 0.6055845818526215 0.0024201228620122804 0.19479143249257042
2008ia CMFGEN 1.4 True 20495.652 85 0.0219 54791.45407467773 0.04550664092312218 1.4115368247776661e-10 8.836224659833435e-13 0.2079199869567342 0.0022795652336135923 0.19479143249257042
2008ia CMFGEN 1.7 True 41999.684 85 0.0219 54796.45335047645 0.03894923932602978 4.658754590074915e-10 3.7113865384197316e-12 0.6002472470752367 0.002837679373384654 0.19479143249257042
2009D CMFGEN 1.04 True 64104.07 86 0.025 54826.189534223806 0.015358606473455438 3.2205015815299754e-10 1.3234876168952982e-12 0.3847652718334124 0.001335406311712429 0.04553556357655682
2009D CMFGEN 1.4 True 28176.701 86 0.025 54821.31539489525 0.019061679693550104 1.103169300861295e-10 4.174873023699324e-13 0.05580442336226088 0.0012300197239964673 0.04553556357655682
2009D CMFGEN 1.7 True 95369.66 86 0.025 54825.024508956405 0.01652814326371299 3.009728415283029e-10 1.3311479519128023e-12 0.3743549110907184 0.0014355361154481461 0.04553556357655682
2009F CMFGEN 1.02 True 65538.41 59 0.013 54804.9774624015 0.04048388002047432 5.493522129507521e-10 3.0079124904171773e-12 0.7161343092075722 0.002263364733497782 0.08942501844180814
2009F CMFGEN 1.04 True 77568.52 59 0.013 54827.947294491234 0.023459338626707904 1.0582225896962548e-09 1.128342800766264e-11 1.1468866495082415 0.004180030165542344 0.08942501844180814
2009F CMFGEN 1.4 True 73456.51 59 0.013 54805.12555158826 0.04621605691863806 3.236253238258826e-10 1.98566445007233e-12 0.590383186707961 0.002585583129248871 0.08942501844180814
2009F CMFGEN 1.7 True 86580.72 59 0.013 54827.345123263476 0.024654235647176392 1.028353310271044e-09 1.1356679616396553e-11 1.148357265223523 0.004347923252091483 0.08942501844180814
2009I CMFGEN 1.02 True 4212.694 27 0.0262 54798.00941108666 0.34239164322207216 1.9202070716419393e-10 2.9714677885953083e-12 0.31998224873758335 0.0032715006683400835 0.027127749805892682
2009I CMFGEN 1.04 True 4479.0293 27 0.0262 54800.9942506028 0.4704250098329794 4.959026041907592e-10 9.218767811134033e-12 0.5887340918198445 0.0030974424826881075 0.027127749805892682
2009I CMFGEN 1.4 True 3703.5195 27 0.0262 54796.24391735382 0.34575839739409275 1.1208980738427276e-10 1.8450910508688542e-12 0.15074692441513782 0.003563761708527385 0.027127749805892682
2009I CMFGEN 1.7 True 4074.104 27 0.0262 54806.75225435398 0.3064274167882104 1.0131068534777854e-09 1.1582560911360644e-11 0.9261100687258108 0.004239680560400626 0.027127749805892682
2009Y CMFGEN 1.02 True 76396.33 136 0.0094 54858.93920204672 0.0170502663931984 1.6898938517010883e-09 3.8075314266444464e-12 0.41467393918517176 0.0008068680517706395 0.08739267344609465
2009Y CMFGEN 1.04 True 99771.56 136 0.0094 54861.92268056581 0.01510616854284308 3.853870473643917e-09 8.85114891736068e-12 0.6493929010020912 0.0008214256345853019 0.08739267344609465
2009Y CMFGEN 1.4 True 68961.766 136 0.0094 54857.332953240955 0.018477664722013287 1.0481731557685472e-09 2.3492329344872177e-12 0.272391489548187 0.0008011604971213099 0.08739267344609465
2009Y CMFGEN 1.7 True 191557.72 136 0.0094 54861.04138704195 0.017643323775700992 4.2659556428137e-09 1.0548027339211158e-11 0.7007178259440073 0.0008728105465712702 0.08739267344609465
2009aa CMFGEN 1.02 True 248123.08 121 0.0273 54822.88916265493 0.13084987572801765 1.5904889306063548e-10 1.2984137006187212e-12 0.01194549149258963 0.0017942068469753668 0.029208185622029807
2009aa CMFGEN 1.04 True 64097.73 121 0.0273 54862.74851622987 0.011923914593353402 1.835707306322187e-10 9.700529795710786e-13 0.3847831431438992 0.0017483192969466532 0.029208185622029807
2009aa CMFGEN 1.4 True 259856.77 121 0.0273 54816.48080497553 0.1327713661994494 1.2085315410025972e-10 9.855687355134697e-13 -0.10211054082849444 0.0019242516766671434 0.029208185622029807
2009aa CMFGEN 1.7 True 86926.93 121 0.0273 54861.796642212525 0.012674442903517047 1.6524489755610253e-10 9.263417354191885e-13 0.3619607933383659 0.0018374960652932282 0.029208185622029807
2009ab CMFGEN 1.02 True 166261.89 55 0.0112 54826.05799140338 0.16228710741415853 9.63653714525813e-10 7.592764772204115e-12 0.06255152232956944 0.0013841069388596126 0.18405555183859043
2009ab CMFGEN 1.04 True 46107.242 55 0.0112 54868.24162236794 0.016113764417241327 1.422023421589778e-09 6.5456999082760925e-12 0.593459461192733 0.0017661312998117338 0.18405555183859043
2009ab CMFGEN 1.4 True 167340.88 55 0.0112 54822.561980791645 0.1301579330356617 6.261641539737735e-10 4.021513754832865e-12 -0.07273964000578569 0.0013698819092206357 0.18405555183859043
2009ab CMFGEN 1.7 True 59423.203 55 0.0112 54867.66397577781 0.01661550069184159 1.4009002179241778e-09 6.5755583284325376e-12 0.6016982806831528 0.001802442586490119 0.18405555183859043
2009ad CMFGEN 1.02 True 14973.197 72 0.0284 54868.47866715319 0.01964457394569763 8.999410102914261e-11 5.040513420929032e-13 0.10759556663784288 0.0018398030653278886 0.09604962160081496
2009ad CMFGEN 1.04 True 29693.45 72 0.0284 54871.18224510297 0.01713654133345699 1.625905105690996e-10 1.017509621718892e-12 0.28471790707401146 0.002047606321142162 0.09604962160081496
2009ad CMFGEN 1.4 True 11637.818 72 0.0284 54866.93372936639 0.021408524095022585 6.256974730935047e-11 3.409141761363321e-13 -0.0050612128912260485 0.001787146284161222 0.09604962160081496
2009ad CMFGEN 1.7 True 105562.97 72 0.0284 54827.67787522003 0.11570308812588337 6.872981531575929e-10 5.099961387225212e-12 0.2767119641254563 0.0019504739750835398 0.09604962160081496
2009ag CMFGEN 1.02 True 79516.71 114 0.0086 54871.97297326912 0.039633984975807834 1.9682560289036923e-09 4.21192976548514e-12 0.6771181385414885 0.0009548560544783923 0.21795939846193027
2009ag CMFGEN 1.04 True 74860.01 114 0.0086 54873.9807627604 0.027999847206956474 4.4623116673599566e-09 9.513226860758461e-12 0.8945427067961454 0.0008679299270216346 0.21795939846193027
2009ag CMFGEN 1.4 True 82594.47 114 0.0086 54870.94733441976 0.03887525157915661 1.2563919488889598e-09 2.6821708672926337e-12 0.5457050213593729 0.0010148712627509877 0.21795939846193027
2009ag CMFGEN 1.7 True 128608.61 114 0.0086 54869.694521102094 0.037084928142576246 5.867708507012883e-09 1.4825132649669656e-11 0.9527729038148696 0.0008209991485314288 0.21795939846193027
2009al CMFGEN 1.02 True 10329.41 63 0.0221 54879.77186509194 0.08125734868372092 3.024712625867685e-10 1.7802116015888888e-12 0.562034737457632 0.002473995499653031 0.021173943720526493
2009al CMFGEN 1.04 True 11326.838 63 0.0221 54884.15663350844 0.06368103750719456 5.858392377267495e-10 3.343495428236375e-12 0.7609970083199129 0.0023114252434569917 0.021173943720526493
2009al CMFGEN 1.4 True 10765.984 63 0.0221 54878.00392317581 0.06718308876588708 1.9799174281977602e-10 1.250162105897928e-12 0.42783250720641347 0.0025581186651247294 0.021173943720526493
2009al CMFGEN 1.7 True 16829.564 63 0.0221 54884.32276217766 0.04534632540890016 5.524085967233856e-10 3.324955316022436e-12 0.7795152754010871 0.0024297470185498807 0.021173943720526493
2009cz CMFGEN 1.02 True 37989.098 42 0.0211 54883.178251289864 0.399771401862381 3.5982386792745496e-10 6.92199386942139e-12 -0.0697681525938731 0.0030087255416101307 0.022280159832036444
2009cz CMFGEN 1.04 True 14948.765 42 0.0211 54928.42362730664 0.027233209078985965 3.5406678483286815e-10 2.607464045181646e-12 0.40405706774346306 0.0026172433273955733 0.022280159832036444
2009cz CMFGEN 1.4 True 38472.02 42 0.0211 54871.30268942962 0.5180767627134628 3.296272004439337e-10 7.218636339770067e-12 -0.15445750261569302 0.0035824866773894854 0.022280159832036444
2009cz CMFGEN 1.7 True 16684.527 42 0.0211 54927.71479835984 0.026941596675897017 3.1344113144228667e-10 2.307629774291254e-12 0.3699194128934698 0.002613079313868025 0.022280159832036444
2009dc CMFGEN 1.02 True 49250.008 61 0.0214 54930.34937208354 0.02325734267651569 5.909467100761544e-10 2.3905805566487792e-12 0.3543912995208735 0.0015480765538234125 0.0601626563528406
2009dc CMFGEN 1.04 True 345375.2 61 0.0214 54975.91395 1.0247822501696646e-06 6.03130948371752e-08 3.2420629243275687e-10 -0.5064134782290246 0.002433527775196905 0.0601626563528406
2009dc CMFGEN 1.4 True 41384.973 61 0.0214 54928.6661052663 0.025504319251922425 3.9185858119969997e-10 1.621628889546049e-12 0.22309501360094539 0.0015970273976861685 0.0601626563528406
2009dc CMFGEN 1.7 True 287473.75 61 0.0214 54975.91395 1.1089614417869598e-06 5.133795133033153e-08 3.89844957150073e-10 -0.49588331248273054 0.0033175406422217783 0.0601626563528406
2009ds CMFGEN 1.02 True 14092.737 47 0.0193 54904.44697173961 0.32335111315114773 2.0684765497278088e-10 3.083102330994029e-12 -0.338392079166091 0.0022039809456512417 0.03346943379780617
2009ds CMFGEN 1.04 True 44144.934 47 0.0193 54975.855525 8.563583833165467e-07 1.0248517911751918e-10 1.2483503979330609e-12 -2.987745393002185 0.0035176411483167696 0.03346943379780617
2009ds CMFGEN 1.4 True 14613.885 47 0.0193 54888.6661996284 0.5349365753027087 2.184961030184597e-10 4.533409947240855e-12 -0.41965824045781375 0.0031426783353089498 0.03346943379780617
2009ds CMFGEN 1.7 True 50087.15 47 0.0193 54975.855525 4.199901013635099e-06 2.6392723432733644e-10 4.517711691930841e-12 -2.510310473579692 0.005179995546656306 0.03346943379780617
2009le CMFGEN 1.02 True 80711.984 32 0.0178 55092.81952750322 0.23525711465845234 1.8861328131358446e-10 2.3564969436481485e-12 -0.3774330096946114 0.0025155951423020875 0.014164773316496019
