results/band_fits/u_g_r_H.ecsv
# %ECSV 0.9
# ---
# datatype:
# - {name: object ID, datatype: string}
# - {name: model, datatype: string}
# - {name: version, datatype: string}
# - {name: success, datatype: bool}
# - {name: chisq, datatype: float32}
# - {name: ndof, datatype: int32}
# - {name: z, datatype: float64}
# - {name: t0, datatype: float64}
# - {name: t0_err, datatype: float64}
# - {name: x0, datatype: float64}
# - {name: x0_err, datatype: float64}
# - {name: hostebv, datatype: float64}
# - {name: hostebv_err, datatype: float64}
# - {name: mwebv, datatype: float64}
# meta:
#   bands: [csp_dr3_u, csp_dr3_g, csp_dr3_r, csp_dr3_H]
# schema: astropy-2.0
"object ID" model version success chisq ndof z t0 t0_err x0 x0_err hostebv hostebv_err mwebv
[from data line 171]
2007ba CMFGEN 1.4 True 6744.146 39 0.0385 54175.26939795334 0.06639139628168778 5.815791111680281e-11 1.3337437683002574e-12 0.4593284270875784 0.007189373448314807 0.03157813338813755
2007bc CMFGEN 1.02 True 29892.242 42 0.0208 54181.20129132589 0.03912601756383083 2.1720906622917177e-10 1.7579327248445225e-12 0.3549463143081745 0.002757912703244018 0.018619780482354808
2007bc CMFGEN 1.04 True 30141.05 42 0.0208 54184.94247168404 0.03311920115083922 3.698724304347365e-10 2.934026959447313e-12 0.5160269002514503 0.0027225206697084627 0.018619780482354808
2007bc CMFGEN 1.4 True 27697.723 42 0.0208 54179.35698309045 0.03982266593811801 1.3429537023276097e-10 1.0774233606857855e-12 0.19687529674701726 0.002715737836287594 0.018619780482354808
2007bc CMFGEN 1.7 True 44765.28 42 0.0208 54183.80592922931 0.03585578263300704 4.504757430655118e-10 3.788080288046397e-12 0.6022090836217535 0.002908942714846209 0.018619780482354808
2007bd CMFGEN 1.02 True 89976.375 38 0.0309 54133.01003916638 0.5749798422475578 4.0494619204955216e-10 1.5942967353660294e-11 0.2957473330259131 0.00882428249811927 0.029214747850011574
2007bd CMFGEN 1.04 True 11467.794 38 0.0309 54191.04803674685 0.016822028253955068 1.1291704378072344e-10 1.0593462427158275e-12 0.33145312930357823 0.0030664522070270993 0.029214747850011574
2007bd CMFGEN 1.4 True 89209.664 38 0.0309 54132.385869529644 0.3844474324796465 2.0449466762943442e-10 5.15669934676379e-12 0.11233337208330811 0.006080517675081115 0.029214747850011574
2007bd CMFGEN 1.7 True 16639.184 38 0.0309 54190.11024501218 0.018311202475160826 1.1397234244656532e-10 1.1121538172194104e-12 0.35171266860132 0.0032024321636215207 0.029214747850011574
2007bm CMFGEN 1.02 True 32391.145 33 0.0062 54205.15026894169 0.0402197666662687 5.9879592906859064e-09 1.937841681811959e-11 0.8878405730614615 0.0012510492118437296 0.03528625339363651
2007bm CMFGEN 1.04 True 32818.58 33 0.0062 54208.78888234827 0.07125703743440681 1.0641685046616256e-08 3.59778654939226e-11 1.0526031002087186 0.001314122073796112 0.03528625339363651
2007bm CMFGEN 1.4 True 34923.527 33 0.0062 54203.72679717154 0.037567333441984374 3.895007773611439e-09 1.3356967064418498e-11 0.7573690557426013 0.0013180407316200715 0.03528625339363651
2007bm CMFGEN 1.7 True 64276.695 33 0.0062 54210.66901146745 0.04201500847921125 1.1619647518824686e-08 4.257317043271104e-11 1.1398400986020591 0.0016240921846533008 0.03528625339363651
2007ca CMFGEN 1.02 True 151977.95 43 0.0141 54144.97248517968 0.5663684144856234 4.998456952865751e-09 1.7408918186362896e-10 0.6392558909245557 0.007400444143252857 0.057476889787346504
2007ca CMFGEN 1.04 True 161344.27 43 0.0141 54162.699534412 0.29753250513385865 4.950169441216709e-09 1.0067034173128476e-10 0.6859404706750625 0.004282152995367524 0.057476889787346504
2007ca CMFGEN 1.4 True 150964.2 43 0.0141 54132.71302373546 0.6923514009577048 4.560852089892026e-09 1.82350440183718e-10 0.5775078012529704 0.008601912726208806 0.057476889787346504
2007ca CMFGEN 1.7 True 166559.8 43 0.0141 54143.520775552395 0.3492730886428035 3.27171123225552e-08 7.589069004398736e-10 1.1487012319090755 0.004969748070624233 0.057476889787346504
2007hj CMFGEN 1.02 True 91899.15 101 0.0141 54329.052621339855 0.04081039401717135 6.550412916464501e-10 3.56314263353901e-12 0.6521781342956788 0.0019602877156786043 0.0757651475075587
2007hj CMFGEN 1.04 True 64837.195 101 0.0141 54334.85724187352 0.02619398846218246 1.1846199747729385e-09 6.139247990943326e-12 0.8493784903454299 0.0018844429033194141 0.0757651475075587
2007hj CMFGEN 1.4 True 94462.664 101 0.0141 54326.67988005925 0.03512768428117852 3.422462047370444e-10 1.8526261720428283e-12 0.43437060914566367 0.0019697371148436164 0.0757651475075587
2007hj CMFGEN 1.7 True 74699.46 101 0.0141 54333.710371055524 0.028050351451383904 1.5597624341273751e-09 8.652379807164905e-12 0.9589507672945498 0.002007726310677907 0.0757651475075587
2007if CMFGEN 1.02 True 1780.6024 36 0.0742 54330.62084418047 0.3302217085365555 6.281967076130616e-11 9.039931283406526e-13 0.3155964436445389 0.00502891424548382 0.0710264807303712
2007if CMFGEN 1.04 True 4161.1504 36 0.0742 54327.85908959704 0.13220192496009986 1.497162180051051e-10 2.1077401135945846e-12 0.4732427109981054 0.003878097840519431 0.0710264807303712
2007if CMFGEN 1.4 True 810.298 36 0.0742 54330.16528581675 0.1569474531825108 3.785369410075046e-11 4.681721617371268e-13 0.17830187872189285 0.00503195144949105 0.0710264807303712
2007if CMFGEN 1.7 True 6613.494 36 0.0742 54336.60875071991 0.17688014039595146 8.441103546598511e-11 1.090798177078602e-12 0.47695101703787873 0.004076238244482748 0.0710264807303712
2007jg CMFGEN 1.04 True 5854.354 33 0.0371 54350.39907535634 0.041776102436415385 6.964031982995453e-11 8.348758720521814e-13 0.3586308357657085 0.003638057485217046 0.09127945747595989
2007jg CMFGEN 1.4 True 3245.6143 33 0.0371 54344.59220718757 0.05370744571337127 2.7536664183469176e-11 3.3460054776045355e-13 0.06205997812979493 0.0037247094343805767 0.09127945747595989
2007jg CMFGEN 1.7 True 7783.402 33 0.0371 54348.96509534685 0.045400381972285686 6.372555347566955e-11 7.874766367171261e-13 0.3356208759416784 0.0037576625398552535 0.09127945747595989
2007le CMFGEN 1.02 True 41009.223 98 0.0067 54382.13465416564 0.020559460288495757 6.585513992244408e-09 1.949301154444088e-11 0.831725675389316 0.0011561594636460399 0.02875745688753973
2007le CMFGEN 1.04 True 52414.293 98 0.0067 54384.95100298153 0.01521865519680432 1.1711155727221614e-08 3.38249926349739e-11 0.9742469317471093 0.0011039836013425417 0.02875745688753973
2007le CMFGEN 1.4 True 49261.215 98 0.0067 54380.27363182907 0.02408328350429656 4.277829846636732e-09 1.368355854640792e-11 0.705354866961508 0.0012540491432288783 0.02875745688753973
2007le CMFGEN 1.7 True 91263.17 98 0.0067 54384.466365223045 0.015366063329565804 1.2468029771061181e-08 3.492364753161688e-11 1.01535530133065 0.001067828796678253 0.02875745688753973
2007nq CMFGEN 1.02 True 12325.005 54 0.045 54379.22152806513 0.06665296619394212 4.181847916317254e-11 5.012623867220929e-13 0.30480807063630144 0.0040547128860825244 0.03048465300562326
2007nq CMFGEN 1.04 True 11804.239 54 0.045 54383.38996639156 0.06117669175728224 8.567808068033249e-11 1.0017561622901197e-12 0.5291426023284054 0.0038690284266013866 0.03048465300562326
2007nq CMFGEN 1.4 True 12447.226 54 0.045 54377.53182040433 0.06362187261765939 2.2052611984526578e-11 2.685398486717425e-13 0.1033017820145826 0.004141429798407839 0.03048465300562326
2007nq CMFGEN 1.7 True 14553.77 54 0.045 54382.3703520484 0.060878834665345494 9.115912354673327e-11 1.1083498313650346e-12 0.5631265104118456 0.003991344678165212 0.03048465300562326
2007on CMFGEN 1.02 True 170592.98 122 0.0065 54401.33081059126 0.02130999738437822 5.066654085554064e-09 1.731331753865802e-11 0.6539878226602865 0.0013150001699613403 0.00991579720241815
2007on CMFGEN 1.04 True 127288.75 122 0.0065 54404.76533487234 0.017231753565283725 1.0032135698692163e-08 2.9812030600329574e-11 0.8266630771245425 0.0011519530216155338 0.00991579720241815
2007on CMFGEN 1.4 True 204105.61 122 0.0065 54399.367852417745 0.024335399590199813 3.1556479858668704e-09 1.2638178858230562e-11 0.5197601301866152 0.0015327423705056866 0.00991579720241815
2007on CMFGEN 1.7 True 135270.39 122 0.0065 54405.29215887237 0.016014752567571122 1.554159866902302e-08 4.752102945147575e-11 1.0052566071534066 0.0012657520549336164 0.00991579720241815
2007so CMFGEN 1.02 True 1743.6528 23 0.0297 54424.52699289969 0.23624359939276474 1.9022704277417936e-10 3.821673142023286e-12 0.8046894323981408 0.00836011594905432 0.11558239602450404
2007so CMFGEN 1.04 True 1034.0244 23 0.0297 54422.95870188746 0.26957984792170464 4.95593511482391e-10 1.1267685273190529e-11 0.997286574898457 0.007184200653875699 0.11558239602450404
2007so CMFGEN 1.4 True 1796.5277 23 0.0297 54411.83624882963 0.20824889772484312 9.194139496704112e-11 1.9207963169957003e-12 0.3859484259860797 0.00756645766935976 0.11558239602450404
2007sr CMFGEN 1.02 True 47780.598 101 0.0055 54433.67997254036 0.03442663690293557 9.196297650103452e-09 2.0858206489857898e-11 0.6635931148725132 0.0008876160929451081 0.04047821787749507
2007sr CMFGEN 1.04 True 61276.5 101 0.0055 54434.69985892427 0.03893123066518456 1.7695286421996522e-08 3.808751580852558e-11 0.8035204532496073 0.0008440014964285797 0.04047821787749507
2007sr CMFGEN 1.4 True 58079.64 101 0.0055 54433.01274010458 0.03359439793348429 5.6910671526283434e-09 1.4141516696866085e-11 0.538892938739716 0.0009846019033410947 0.04047821787749507
2007sr CMFGEN 1.7 True 124480.93 101 0.0055 54433.87768479868 0.06626410369790392 2.0440479828388925e-08 5.254467816575093e-11 0.8656187264842541 0.0008759509724917117 0.04047821787749507
2007st CMFGEN 1.02 True 18166.098 45 0.0212 54435.52951181622 0.08160493111790856 4.312437317937804e-10 4.41113635525488e-12 0.5736853131760755 0.0034808727305577912 0.014189318123033668
2007st CMFGEN 1.4 True 16862.018 45 0.0212 54434.032896167875 0.0705806934638531 2.3528028063458975e-10 2.495602662847789e-12 0.3810324439325232 0.0037120965657654772 0.014189318123033668
2007ux CMFGEN 1.02 True 15171.871 54 0.0309 54443.98310880296 0.08049997720081592 7.141577233417766e-11 8.563343667007599e-13 0.39412215130451633 0.004098628830813173 0.03865491382492817
2007ux CMFGEN 1.04 True 12851.998 54 0.0309 54449.82289837619 0.06439679510367569 1.3073444567309852e-10 1.502049412081071e-12 0.6084949079995158 0.003948335016412227 0.03865491382492817
2007ux CMFGEN 1.4 True 15234.724 54 0.0309 54442.23746874414 0.06873016814279254 3.9858216267144773e-11 4.805614593923426e-13 0.2071046090235295 0.004163002597399539 0.03865491382492817
2008C CMFGEN 1.02 True 6918.203 51 0.0166 54449.17271995852 0.08860623871078133 5.139463721595923e-10 6.139384104176289e-12 0.5348648010370789 0.004260187184215602 0.07204778690206645
2008C CMFGEN 1.04 True 9131.815 51 0.0166 54453.713714467034 0.0692558429800556 8.473726664885443e-10 1.0623819883772915e-11 0.697527677640953 0.004462567940414574 0.07204778690206645
2008C CMFGEN 1.4 True 7145.726 51 0.0166 54447.455696769124 0.08111730065138545 3.128819515433931e-10 3.858533050884677e-12 0.37788307487587325 0.004445749049429557 0.07204778690206645
2008C CMFGEN 1.7 True 14572.818 51 0.0166 54452.679548857646 0.06845573337341193 8.477479460575764e-10 1.2159722926227624e-11 0.7089132029677255 0.005026012071588802 0.07204778690206645
2008J CMFGEN 1.02 True 16256.082 28 0.0159 54396.50478827387 0.6013998176167661 1.0829232363985493e-07 3.427465469505607e-09 1.5527287205721807 0.0064338533236542395 0.019495907706164484
2008J CMFGEN 1.04 True 17720.4 28 0.0159 54476.566437399495 0.032835064514074475 1.2965508756810264e-08 1.3654441006327045e-10 1.6771949145871448 0.0038776568116138436 0.019495907706164484
2008J CMFGEN 1.4 True 15281.609 28 0.0159 54388.937366614526 0.6422308297769632 7.75039796539565e-08 2.6017191510241746e-09 1.446187307083828 0.007162812923888766 0.019495907706164484
2008J CMFGEN 1.7 True 17714.395 28 0.0159 54475.70072931625 0.033392987614206504 1.135096025795108e-08 1.1666162018783813e-10 1.634799312621297 0.0037752295894681502 0.019495907706164484
2008O CMFGEN 1.02 True 3131.6453 32 0.0389 54469.58368182991 0.12686417705117492 5.4818295583277875e-11 8.978592665130765e-13 0.4737923407406036 0.005511818510653852 0.07585233234567533
2008O CMFGEN 1.04 True 2969.7825 32 0.0389 54474.77249731666 0.09877722549572354 8.769418161096246e-11 1.40294249192267e-12 0.6438690121063153 0.005422546746159308 0.07585233234567533
2008O CMFGEN 1.4 True 3106.1462 32 0.0389 54466.89906418351 0.138447067947709 3.659798484740365e-11 6.102686377130502e-13 0.33095195496690466 0.005909549627348876 0.07585233234567533
2008O CMFGEN 1.7 True 3586.5425 32 0.0389 54473.25029800655 0.1051827151204634 8.459148010627437e-11 1.385570108139723e-12 0.6333489854004727 0.005470318665410974 0.07585233234567533
2008R CMFGEN 1.02 True 58150.195 39 0.0135 54472.23325051688 0.041013523707079 4.5820708801381127e-10 3.4870749088505333e-12 0.40560210498133215 0.0026169065659140873 0.06202084408502785
2008R CMFGEN 1.04 True 48953.47 39 0.0135 54477.43185038685 0.04108410848493804 9.895769891527653e-10 7.113509002592485e-12 0.6581612974844757 0.0025006452975890677 0.06202084408502785
2008R CMFGEN 1.4 True 56032.77 39 0.0135 54470.3556528953 0.03980878579750424 2.3742976408646283e-10 1.7520004984994092e-12 0.1890088023618967 0.002522250448632007 0.06202084408502785
2008R CMFGEN 1.7 True 57968.344 39 0.0135 54476.400180707635 0.040936473531473894 1.2570869622538266e-09 9.84265505998028e-12 0.7535749198233955 0.0026710841578676528 0.06202084408502785
2008ae CMFGEN 1.02 True 1413.9595 22 0.03 54377.09729086786 1.3332625712246227 2.7525199606972928e-08 9.801939911324025e-10 1.5195012765829228 0.009587469075706456 0.02369781462470916
2008ae CMFGEN 1.04 True 1392.6897 22 0.03 54522.87852299633 0.20353886848897673 9.804371392223581e-11 2.5185446060147143e-12 -2.111052123398814 0.010481923708249548 0.02369781462470916
2008ae CMFGEN 1.4 True 955.88763 22 0.03 54493.61951647991 0.24410672248632181 2.3693725267346393e-10 6.0967817699369176e-12 1.1613096160814258 0.010692341537709728 0.02369781462470916
2008ae CMFGEN 1.7 False 1144.8972 22 0.03 54521.33774372948 233.78074924974135 1.224065772636853e-10 1.0000026808467206 -1.9189469118494689 1.0000026953399264 0.02369781462470916
2008ar CMFGEN 1.02 True 8866.133 48 0.0261 54516.71343602441 0.03749551451619482 1.5279409015253918e-10 1.4979628149496986e-12 0.34223359350195603 0.0033091414383025677 0.03165642704095217
2008ar CMFGEN 1.04 True 54726.832 48 0.0261 54495.668567531015 0.07638724567004829 8.723816589394071e-10 1.0496964255757133e-11 0.622664509499132 0.0037350397548113873 0.03165642704095217
2008ar CMFGEN 1.4 True 7015.304 48 0.0261 54515.403618682845 0.04030933383546653 8.435027432811035e-11 8.124363854794229e-13 0.1576672248721577 0.0032462034353101933 0.03165642704095217
2008ar CMFGEN 1.7 True 20226.48 48 0.0261 54518.568441839896 0.032904881660215324 3.4402866015400627e-10 3.4945958855236572e-12 0.5967205104439856 0.003405248473320149 0.03165642704095217
2008bc CMFGEN 1.02 True 29819.445 82 0.0151 54531.214787022145 0.017587522859685123 3.1511544470569035e-10 1.4804777483789654e-12 0.12022260990669095 0.001482569288348268 0.22550709929515722
2008bc CMFGEN 1.04 True 42976.383 82 0.0151 54533.84911968157 0.015600309812725754 5.124256262146365e-10 2.3955202538823294e-12 0.26242083648911835 0.0014644617215535138 0.22550709929515722
2008bc CMFGEN 1.4 True 26649.113 82 0.0151 54529.91137583103 0.01860662484614295 2.2682019295859082e-10 1.0456507117725646e-12 0.01669781133637274 0.0014518690884730357 0.22550709929515722
2008bc CMFGEN 1.7 True 62036.953 82 0.0151 54532.4765492143 0.01739110561175039 4.989242147396185e-10 2.435646591463052e-12 0.266025903198563 0.0015320362587562383 0.22550709929515722
2008bf CMFGEN 1.02 True 19313.918 76 0.0235 54536.75225252919 0.022389256137103075 1.347422370080778e-10 8.190170897060942e-13 0.14243342079264845 0.0020384362359688775 0.02971233782867539
2008bf CMFGEN 1.04 True 26582.754 76 0.0235 54539.6430436071 0.018407670740998583 2.456793544990358e-10 1.4560369206324227e-12 0.3125013334757197 0.0019694868917637196 0.02971233782867539
2008bf CMFGEN 1.4 True 19231.758 76 0.0235 54535.16870801226 0.02442330852863961 8.084812062647694e-11 4.824308303938117e-13 -0.015254944421381518 0.0019916785344557845 0.02971233782867539
2008bf CMFGEN 1.7 True 41126.727 76 0.0235 54538.68869650795 0.019572712888475507 2.5092084206649886e-10 1.5591337471640139e-12 0.33810036196399074 0.0020797170123434236 0.02971233782867539
2008bi CMFGEN 1.02 True 8359.78 29 0.0134 54513.764312322404 0.13474882418449852 6.619446583554699e-10 9.945048115419942e-12 0.9452907901950859 0.006641501100084323 0.037379980331966524
