results/band_fits/u_g_r.ecsv
# %ECSV 0.9
# ---
# datatype:
# - {name: object ID, datatype: string}
# - {name: model, datatype: string}
# - {name: version, datatype: string}
# - {name: success, datatype: bool}
# - {name: chisq, datatype: float32}
# - {name: ndof, datatype: int32}
# - {name: z, datatype: float64}
# - {name: t0, datatype: float64}
# - {name: t0_err, datatype: float64}
# - {name: x0, datatype: float64}
# - {name: x0_err, datatype: float64}
# - {name: hostebv, datatype: float64}
# - {name: hostebv_err, datatype: float64}
# - {name: mwebv, datatype: float64}
# meta:
#   bands: [csp_dr3_u, csp_dr3_g, csp_dr3_r]
# schema: astropy-2.0
"object ID" model version success chisq ndof z t0 t0_err x0 x0_err hostebv hostebv_err mwebv
2004dt CMFGEN 1.02 True 49803.273 131 0.0197 53222.92047193865 0.042480826770770364 5.779813394667416e-10 2.7026119351634452e-12 0.509775802623625 0.0014391440722192322 0.022824935269777816
2004dt CMFGEN 1.04 True 65269.992 131 0.0197 53223.171605737654 0.04478818314964883 1.758272636108715e-09 8.613918946997039e-12 0.7948083673237042 0.0013897379033872407 0.022824935269777816
2004dt CMFGEN 1.4 True 31052.11 131 0.0197 53222.819445410365 0.038195985598576954 2.841743926266261e-10 1.1938092052676068e-12 0.3085328492320531 0.0013921687618080824 0.022824935269777816
2004dt CMFGEN 1.7 True 106391.42 131 0.0197 53222.754798858616 0.06525542255985783 2.292456050628253e-09 1.7049987861628065e-11 0.9091675611393247 0.001818531288525627 0.022824935269777816
2004ef CMFGEN 1.02 True 87509.62 125 0.031 53245.479956495634 0.010979820472130086 8.206556510552285e-11 3.1988616169082083e-13 0.3346857829569385 0.0012771046274473847 0.04722849348904677
2004ef CMFGEN 1.04 True 93313.88 125 0.031 53248.44653815429 0.009139912141108653 1.552716382060502e-10 6.150032647033056e-13 0.518302225684961 0.0012914572221974837 0.04722849348904677
2004ef CMFGEN 1.4 True 78227.32 125 0.031 53243.857988941025 0.011893010774656432 5.3825419311972695e-11 2.0394340941998593e-13 0.20220958835337463 0.001238401914128778 0.04722849348904677
2004ef CMFGEN 1.7 True 137056.88 125 0.031 53247.43715023713 0.0098387833313609 1.5549532704489673e-10 6.512674390387242e-13 0.5350262542273335 0.0013724137151145653 0.04722849348904677
2004eo CMFGEN 1.02 True 116246.73 102 0.0157 53261.105278979645 0.004060804978507804 4.2204186879649846e-10 1.1947286380697929e-12 0.3523787734574042 0.00096474783104663 0.09289687254685808
2004eo CMFGEN 1.04 True 147824.53 102 0.0157 53262.87657872855 0.0034087636922777165 7.752453732502708e-10 2.1615428516774214e-12 0.5096108033976077 0.0009395787910440015 0.09289687254685808
2004eo CMFGEN 1.4 True 108582.97 102 0.0157 53259.94489306838 0.0044008235599903855 2.6405495463195615e-10 7.387077553336927e-13 0.21324365527146372 0.0009536255283356086 0.09289687254685808
2004eo CMFGEN 1.7 True 200760.11 102 0.0157 53262.20161660681 0.0038810364276287146 8.041365135663487e-10 2.3626894072871643e-12 0.5391927334499304 0.0009943520377748817 0.09289687254685808
2004ey CMFGEN 1.02 True 44466.34 80 0.0158 53286.354089707645 0.012389981719024945 2.938411504391342e-10 1.0350356884051094e-12 0.10549137737303226 0.0011255494052267725 0.11818709721249746
2004ey CMFGEN 1.04 True 66177.01 80 0.0158 53288.824475653695 0.010628253872710047 4.999295175426453e-10 1.7590684638113872e-12 0.25961880546898547 0.0011225002069406424 0.11818709721249746
2004ey CMFGEN 1.4 True 37560.39 80 0.0158 53284.98237323092 0.013361364995944314 2.037075362480256e-10 7.063929721655514e-13 -0.00781549537156685 0.0011042578511385492 0.11818709721249746
2004ey CMFGEN 1.7 True 100058.13 80 0.0158 53287.83772362094 0.011379930292605422 5.004985996323712e-10 1.8108059215998702e-12 0.2722728114327002 0.0011584036365505463 0.11818709721249746
2004gc CMFGEN 1.02 True 12074.893 51 0.0321 53307.605783880965 0.07126975594292162 1.7648476882712603e-10 1.6881703830337624e-12 0.5556924923220117 0.003261561567573756 0.17722747045321013
2004gc CMFGEN 1.04 True 16504.578 51 0.0321 53313.36304811251 0.06872033918625675 3.0169522821424393e-10 2.8170964148608855e-12 0.747410454542798 0.003294203649772355 0.17722747045321013
2004gc CMFGEN 1.4 True 9960.733 51 0.0321 53306.34999029114 0.06057040047380724 9.535563650183246e-11 8.98345333614712e-13 0.36158014704840896 0.003290276520369221 0.17722747045321013
2004gc CMFGEN 1.7 True 21916.049 51 0.0321 53312.463176755926 0.06485952406364959 3.386849268610676e-10 3.2682277610902924e-12 0.8030728201374663 0.003297561631854221 0.17722747045321013
2004gs CMFGEN 1.02 True 38677.312 115 0.0267 53335.67290601416 0.03863897690462181 9.366673333586766e-11 7.386360220798507e-13 0.47356239770088115 0.0026811851066711823 0.026477202576998395
2004gs CMFGEN 1.04 True 31000.684 115 0.0267 53339.930618830185 0.03288871544646099 1.938890325252905e-10 1.4815101213145627e-12 0.6893849790710133 0.0026284413663857815 0.026477202576998395
2004gs CMFGEN 1.4 True 43763.31 115 0.0267 53333.89246401649 0.03960996055684518 5.14738016988513e-11 4.0681085506715157e-13 0.289441351937721 0.0026601296354919826 0.026477202576998395
2004gs CMFGEN 1.7 True 41307.66 115 0.0267 53339.00978346979 0.03469699673951254 2.437682261198726e-10 1.9555778402948567e-12 0.7783717977359278 0.002775881759826733 0.026477202576998395
2004gu CMFGEN 1.02 True 5416.3867 62 0.0459 53344.52729044711 0.041244479314627824 5.261574609094777e-11 4.778728644648908e-13 0.29169524590745 0.0031427441795391195 0.022829520827045438
2004gu CMFGEN 1.04 True 13274.427 62 0.0459 53348.10361004169 0.03342707972115022 9.991744668516991e-11 9.009498741130992e-13 0.48783447521255147 0.003119462514148918 0.022829520827045438
2004gu CMFGEN 1.4 True 4267.63 62 0.0459 53342.54962586609 0.045352892273513135 3.172748120286197e-11 2.8840767389390877e-13 0.13001167052469725 0.0031332474637356562 0.022829520827045438
2004gu CMFGEN 1.7 True 17440.55 62 0.0459 53347.08447230589 0.0341496837863815 9.846846184580653e-11 9.11558963575777e-13 0.49585828038957913 0.0031977210674808882 0.022829520827045438
2005A CMFGEN 1.02 True 5670.6265 58 0.0191 53361.148696994576 0.05073917406480177 8.21711794285282e-10 8.338955247563218e-12 1.2319032112210873 0.0037084404814220553 0.025963983749210877
2005A CMFGEN 1.04 True 12651.28 58 0.0191 53365.27600316207 0.039709691860480234 1.4099276809206772e-09 1.432979736035428e-11 1.3961768782946709 0.003715540108702825 0.025963983749210877
2005A CMFGEN 1.4 True 3205.2856 58 0.0191 53359.0949738473 0.05512154874304542 4.949470927215237e-10 4.970746563249626e-12 1.0645624714023496 0.0036592944787587397 0.025963983749210877
2005A CMFGEN 1.7 True 17660.893 58 0.0191 53364.41059734246 0.0411466578807449 1.5072109987827885e-09 1.567278131865596e-11 1.4315139150892486 0.0037970858280651277 0.025963983749210877
2005M CMFGEN 1.02 True 37810.37 150 0.022 53388.0721689148 0.0174094838766905 1.3629395536797777e-10 6.389170781987123e-13 0.17166768617511244 0.0015116622311519157 0.026828269304116723
2005M CMFGEN 1.04 True 58383.766 150 0.022 53390.77139185134 0.01472900144290179 2.2446594973852066e-10 1.0486419976518146e-12 0.3121461027857369 0.0014999392955713797 0.026828269304116723
2005M CMFGEN 1.4 True 30678.955 150 0.022 53386.554801464255 0.01850302307138918 9.189121375530924e-11 4.2353184990078793e-13 0.050946272930857406 0.0014812523314127546 0.026828269304116723
2005M CMFGEN 1.7 True 82988.086 150 0.022 53389.77164490133 0.015753335886984132 2.2331128816735952e-10 1.0870257829892297e-12 0.3240580239650909 0.0015686348612398955 0.026828269304116723
2005W CMFGEN 1.02 True 1401.4181 54 0.0089 53394.67472116464 0.022167368733789772 8.898966338662864e-10 5.381998874428798e-12 0.24007176139021738 0.0020313877457899723 0.061501320800981016
2005W CMFGEN 1.04 True 1784.5944 54 0.0089 53396.91987807969 0.01847076720514451 1.2855496401206257e-09 7.99857646501084e-12 0.35183416308710586 0.0020901886203348345 0.061501320800981016
2005W CMFGEN 1.4 True 1927.0454 54 0.0089 53393.26644915207 0.024405801039392827 7.129249666535809e-10 4.272990451548864e-12 0.16958876244799626 0.0020142470732709573 0.061501320800981016
2005W CMFGEN 1.7 True 1958.4534 54 0.0089 53396.03576070011 0.019199778933398193 1.1445837824572156e-09 7.0911361918304685e-12 0.3188118346066236 0.002077613514676794 0.061501320800981016
2005ag CMFGEN 1.02 True 5392.8413 82 0.0797 53395.35695266803 0.06910012274602195 1.1911784295223832e-11 1.5518778986697394e-13 0.1534797613658369 0.004106889751700164 0.034360773647186676
2005ag CMFGEN 1.04 True 5611.9946 82 0.0797 53399.4767923767 0.05776271708600689 1.8027528498337896e-11 2.2536064071997855e-13 0.2889141783248642 0.003959544672723989 0.034360773647186676
2005ag CMFGEN 1.4 True 5646.177 82 0.0797 53393.43637176278 0.06866175333561841 8.171634184450925e-12 1.119639234861407e-13 0.03313709833630647 0.004307370301587846 0.034360773647186676
2005ag CMFGEN 1.7 True 8364.326 82 0.0797 53398.022896033704 0.061219550279929535 1.7802676836621774e-11 2.2416233684759465e-13 0.29216047108989757 0.003983224911406137 0.034360773647186676
2005al CMFGEN 1.02 True 75538.4 102 0.0124 53412.123090324996 0.03238433659862494 4.11163264273732e-10 2.2087897919820642e-12 0.3491961562046749 0.0016673743796759156 0.04777394682567044
2005al CMFGEN 1.04 True 67490.336 102 0.0124 53415.015113194924 0.03285708273324417 9.825478612745719e-10 4.991953612617943e-12 0.5946547455962573 0.0015994166818173938 0.04777394682567044
2005al CMFGEN 1.4 True 76840.125 102 0.0124 53411.097287514945 0.03145425392722245 2.2510416728282289e-10 1.159985243835322e-12 0.17028610015646903 0.0015910644605557338 0.04777394682567044
2005al CMFGEN 1.7 True 92141.32 102 0.0124 53413.71935570781 0.03850330985733308 1.373181788043155e-09 7.7644938999336e-12 0.7192601769278518 0.0017392371411143503 0.04777394682567044
2005am CMFGEN 1.02 True 123828.76 89 0.0079 53416.56646893238 0.02729290961724473 2.065291072202791e-09 9.74846591489241e-12 0.4977053225067032 0.001485172208849781 0.046124031495588254
2005am CMFGEN 1.04 True 113344.23 89 0.0079 53420.586354234525 0.027875337797013344 4.900212768750141e-09 2.164844271555331e-11 0.7497334970338917 0.0014408557485322908 0.046124031495588254
2005am CMFGEN 1.4 True 117793.18 89 0.0079 53415.680906581416 0.025709342076879693 1.117921053956523e-09 5.015502974099518e-12 0.314037217943239 0.001398478480040155 0.046124031495588254
2005am CMFGEN 1.7 True 147296.86 89 0.0079 53420.07906024726 0.03150307167379651 6.84746276296379e-09 3.328872984071727e-11 0.8861604328131694 0.0015694450108778393 0.046124031495588254
2005be CMFGEN 1.02 True 11802.006 28 0.035 53442.71229656663 0.08967093560568173 7.21335793309147e-11 7.20217713737726e-13 0.3609711317911445 0.0034900747087958533 0.029242486471586407
2005be CMFGEN 1.04 True 11612.482 28 0.035 53448.49927503837 0.07242410072285566 1.2145581693752064e-10 1.1930230153211932e-12 0.5593506299276279 0.00310763645194063 0.029242486471586407
2005be CMFGEN 1.4 True 9942.78 28 0.035 53440.53642322534 0.07421092288132058 3.811526814836419e-11 3.818054912632982e-13 0.1482105451056034 0.0037171131246093118 0.029242486471586407
2005be CMFGEN 1.7 True 14245.347 28 0.035 53447.58252100259 0.06316396164766047 1.210708332465534e-10 1.2344645996853634e-12 0.5736126388021521 0.0032342191430782164 0.029242486471586407
2005bg CMFGEN 1.02 True 3726.2773 42 0.0231 53451.871518702654 0.06482599019727786 1.0707678806506733e-10 8.273558450031091e-13 0.09155590047887655 0.002544621149347813 0.027611791203993992
2005bg CMFGEN 1.04 True 5721.361 42 0.0231 53456.018542483835 0.06381430648252717 1.77089623605609e-10 1.32364011204605e-12 0.26137781432958335 0.0023063070664025936 0.027611791203993992
2005bg CMFGEN 1.4 True 3349.891 42 0.0231 53450.32933285759 0.06356237872023485 7.006249818104358e-11 5.447143641012364e-13 -0.04159397174588144 0.0026894239654612516 0.027611791203993992
2005bg CMFGEN 1.7 True 6784.0684 42 0.0231 53454.95667117601 0.055722554730891716 1.6378440757786242e-10 1.2630543693529879e-12 0.24233515454526766 0.002346456513326649 0.027611791203993992
2005bl CMFGEN 1.02 True 9553.967 26 0.0241 53511.801925 3.814459341811016e-05 6.29900210996315e-11 1.5852710207040562e-12 -2.653147101820525 0.007553675341883263 0.024886241252491212
2005bl CMFGEN 1.04 True 3518.885 26 0.0241 53467.436034862156 0.053255405902746134 8.2385036948651e-11 1.9399703285208483e-12 0.7461461023188517 0.007345660473792326 0.024886241252491212
2005bl CMFGEN 1.4 True 8027.841 26 0.0241 53394.32640913388 1.8439294540476112 1.1556710205153143e-10 1.1618509451992665e-11 0.1882706935143153 0.02078166694913702 0.024886241252491212
2005bl CMFGEN 1.7 True 4221.264 26 0.0241 53466.26401536209 0.05872420001105638 6.97106048001975e-11 1.6548917914278866e-12 0.703154051921753 0.007394312843245188 0.024886241252491212
2005bo CMFGEN 1.02 True 1161.4147 23 0.0139 53458.60294962625 0.09544480332624516 3.579104567029366e-10 3.6903988386130105e-12 0.3401502459628427 0.003533263540425233 0.0395320056783408
2005bo CMFGEN 1.04 True 2066.2283 23 0.0139 53463.217551708185 0.05979385472164722 5.939593707082432e-10 5.817928196283879e-12 0.5189367070578267 0.003058148395605743 0.0395320056783408
2005bo CMFGEN 1.4 True 816.6459 23 0.0139 53456.22778754005 0.09853825583923026 2.3748067494974547e-10 2.511472544669936e-12 0.20130923095781642 0.003822452198355163 0.0395320056783408
2005bo CMFGEN 1.7 True 1867.3832 23 0.0139 53461.58729337641 0.06834024847557885 5.458479263134027e-10 5.473822568266402e-12 0.4885262254183572 0.0031911862890505074 0.0395320056783408
2005el CMFGEN 1.02 True 50719.625 65 0.0149 53627.03988977197 0.026845475782465655 3.7865664887612204e-10 2.039445338618847e-12 0.30243082786329667 0.001808726709022976 0.09808364969164196
2005el CMFGEN 1.04 True 55722.668 65 0.0149 53630.49530273046 0.021475415378517937 8.961899640729219e-10 4.6599383026755075e-12 0.5498952971980159 0.0017391739762390457 0.09808364969164196
2005el CMFGEN 1.4 True 48245.383 65 0.0149 53625.84235088345 0.026962099258525996 1.954316520061009e-10 1.0148510449352483e-12 0.0997872728090478 0.0017160342063104897 0.09808364969164196
2005el CMFGEN 1.7 True 74916.484 65 0.0149 53629.880279414276 0.02313383395812707 1.1223778098957947e-09 6.233724385494796e-12 0.6479354593846456 0.0018624493836163546 0.09808364969164196
2005eq CMFGEN 1.02 True 12873.242 70 0.029 53637.16344955564 0.03432835131752654 1.0032004532918289e-10 6.796986032408644e-13 0.18470355639100658 0.002186599006195316 0.06362687563506927
2005eq CMFGEN 1.04 True 21328.598 70 0.029 53640.06239945922 0.031183549228444463 1.739937409360529e-10 1.1415599466662616e-12 0.345598492052147 0.002091605373109491 0.06362687563506927
2005eq CMFGEN 1.4 True 11682.145 70 0.029 53635.765263841815 0.034916594333481044 6.263796764250893e-11 4.1936991707991847e-13 0.040777461981474465 0.0021704871506185498 0.06362687563506927
2005eq CMFGEN 1.7 True 30356.467 70 0.029 53639.09776616272 0.03157736759749241 1.6918562458511315e-10 1.161333835108194e-12 0.34939127425143235 0.0021895548527103756 0.06362687563506927
2005gj CMFGEN 1.02 True 9372.22 56 0.0616 53519.2431362852 0.183854859580606 4.734583232033362e-07 7.814089931553772e-09 1.8610710928485092 0.0052212805827949954 0.10432937283711677
2005gj CMFGEN 1.04 True 8736.374 56 0.0616 53525.59783904766 0.22238939525777823 1.7630321494023901e-06 3.074384057094074e-08 2.2689585475068705 0.005485882080975278 0.10432937283711677
2005gj CMFGEN 1.4 True 23360.043 56 0.0616 53633.780064696875 0.37856877263402566 2.655387979831768e-10 5.913789222560931e-12 0.17443699852759528 0.005174141754158784 0.10432937283711677
2005gj CMFGEN 1.7 True 8352.487 56 0.0616 53527.04856392684 0.2310466765629826 2.218149233568502e-06 3.920041568153203e-08 2.3401280735432275 0.005561433813333795 0.10432937283711677
2005hc CMFGEN 1.02 True 7763.9077 53 0.0459 53648.66486671477 0.03766296164394589 3.332285820523962e-11 2.6946992515282775e-13 0.1339846285567378 0.0025478558570212672 0.02814121741934405
2005hc CMFGEN 1.04 True 13564.363 53 0.0459 53651.883887116994 0.03138387894796324 5.264718909557745e-11 4.2307920009785797e-13 0.2757606030424251 0.002513693540274019 0.02814121741934405
2005hc CMFGEN 1.4 True 6276.7183 53 0.0459 53646.97811478952 0.039882878631033236 2.346940494003048e-11 1.905966568812446e-13 0.02202367176141094 0.002558496514900944 0.02814121741934405
2005hc CMFGEN 1.7 True 19988.557 53 0.0459 53650.56866525547 0.033228519507247256 4.8641378793164283e-11 4.0664788828379683e-13 0.25905872645579797 0.0026238642297363294 0.02814121741934405
2005hj CMFGEN 1.02 True 1211.1218 34 0.0574 53655.876216805074 0.07243475090581342 2.2310318996856108e-11 3.852723001260049e-13 0.10665887206654318 0.005324522893179784 0.03331170812174909
