results/band_fits/u_g_r_H.ecsv
# %ECSV 0.9
# ---
# datatype:
# - {name: object ID, datatype: string}
# - {name: model, datatype: string}
# - {name: version, datatype: string}
# - {name: success, datatype: bool}
# - {name: chisq, datatype: float32}
# - {name: ndof, datatype: int32}
# - {name: z, datatype: float64}
# - {name: t0, datatype: float64}
# - {name: t0_err, datatype: float64}
# - {name: x0, datatype: float64}
# - {name: x0_err, datatype: float64}
# - {name: hostebv, datatype: float64}
# - {name: hostebv_err, datatype: float64}
# - {name: mwebv, datatype: float64}
# meta:
#   bands: [csp_dr3_u, csp_dr3_g, csp_dr3_r, csp_dr3_H]
# schema: astropy-2.0
"object ID" model version success chisq ndof z t0 t0_err x0 x0_err hostebv hostebv_err mwebv
[from data line 257]
2008bi CMFGEN 1.4 True 9616.55 29 0.0134 54513.93217729201 0.17463113429039367 4.065130065522554e-10 7.718525717810768e-12 0.8300712954338417 0.008249203574116407 0.037379980331966524
2008bi CMFGEN 1.7 True 5066.3335 29 0.0134 54528.63602840425 0.13459544826764613 1.7729599756977898e-09 2.7967354723097267e-11 1.4425027316042502 0.0062980937467232365 0.037379980331966524
2008bq CMFGEN 1.02 True 6153.2393 48 0.034 54545.18044533146 0.04131200806295965 8.220269465597709e-11 5.301973543506013e-13 0.2434124585752343 0.00213792531944147 0.07776435723852901
2008bq CMFGEN 1.4 True 3789.4392 48 0.034 54543.27225568288 0.044233493452338735 5.454378732762884e-11 3.5178142357599576e-13 0.10831974192665357 0.002213910321423819 0.07776435723852901
2008bt CMFGEN 1.02 True 19520.969 34 0.0154 54549.103364385126 0.06632576635820442 2.6919615055425167e-10 3.0922371790471558e-12 0.58318952515594 0.0038808662118291685 0.04805916611950687
2008bt CMFGEN 1.4 True 21155.523 34 0.0154 54547.161537715234 0.0629295052276575 1.500510182117417e-10 1.7072430029951954e-12 0.3945429478119925 0.0038465220703855505 0.04805916611950687
2008cc CMFGEN 1.02 True 36773.125 71 0.0104 54560.02054367249 0.06824074064570596 1.235605120786854e-09 6.508426412083918e-12 0.558351225514087 0.001886716855276025 0.03586503715546102
2008cc CMFGEN 1.04 True 32619.92 71 0.0104 54565.27141671741 0.058721590154164005 2.4240479171667463e-09 1.2290183302369394e-11 0.7797740548774845 0.0017434359902875037 0.03586503715546102
2008cc CMFGEN 1.4 True 42335.375 71 0.0104 54558.51624261409 0.0502728949613811 6.823112700432429e-10 3.491805306270461e-12 0.3828901552968073 0.0019058656208129105 0.03586503715546102
2008cc CMFGEN 1.7 False 622881.6 71 0.0104 54585.43180563646 91.29847612027515 1.2013272500081303e-10 7.878589640755985e-14 0.13350183477079566 2.31846923797392e-05 0.03586503715546102
2008cf CMFGEN 1.02 True 8202.749 39 0.046 54577.35008330701 0.056377080971287796 3.614848463910284e-11 3.252866873893997e-13 0.10141749686832605 0.002918581771237002 0.05759850795422031
2008cf CMFGEN 1.04 True 13402.766 39 0.046 54581.39589263695 0.05003694615152199 6.395306310978697e-11 5.822055175063026e-13 0.2850148328732296 0.0029456070311471537 0.05759850795422031
2008cf CMFGEN 1.4 True 7496.392 39 0.046 54575.635390215044 0.055653361578151817 2.3751584853460446e-11 2.137374967833309e-13 -0.03399240605456059 0.0028939449891738763 0.05759850795422031
2008cf CMFGEN 1.7 True 19036.582 39 0.046 54580.11551404954 0.05051498147440725 6.244569714988158e-11 5.821645239422942e-13 0.2863230057616135 0.003012584188465459 0.05759850795422031
2008ff CMFGEN 1.02 True 7115.2114 92 0.0193 54691.74476784704 0.052414070545637514 7.661233699016668e-10 3.018700991670521e-12 0.6588929899288102 0.0016651547535155957 0.04350702296194606
2008ff CMFGEN 1.04 True 13648.996 92 0.0193 54694.757695778055 0.045818434955435805 1.7243376841058368e-09 6.1507545310348226e-12 0.8763425623429083 0.0014444766001054294 0.04350702296194606
2008ff CMFGEN 1.4 True 6216.6187 92 0.0193 54691.117227218565 0.04980464028994902 4.0170794793033576e-10 1.770028243304096e-12 0.4719012590912684 0.0017525114807136883 0.04350702296194606
2008ff CMFGEN 1.7 True 61380.773 92 0.0193 54710.60293193171 0.03413034990808228 1.3858220019920597e-09 6.350404687919691e-12 1.0979701732194367 0.0016827980919215486 0.04350702296194606
2008fl CMFGEN 1.02 True 54114.62 78 0.0199 54701.91342990693 0.038629062444670126 3.630095791329502e-10 1.9441585339127875e-12 0.46376195218606914 0.0019173767471995671 0.15710973562674108
2008fl CMFGEN 1.04 True 57251.664 78 0.0199 54706.479328334004 0.060917767532373546 6.903739848648724e-10 3.5860834174477065e-12 0.667167207137004 0.001836125920673916 0.15710973562674108
2008fl CMFGEN 1.4 True 55972.973 78 0.0199 54700.769285607705 0.035313438667799346 1.9025836720266454e-10 1.0385905010981966e-12 0.26407176187857 0.0019757233300427496 0.15710973562674108
2008fl CMFGEN 1.7 True 73970.82 78 0.0199 54706.01672974699 0.0513803032663418 7.854336748125468e-10 4.368727506414081e-12 0.7320823106028338 0.001881268442603076 0.15710973562674108
2008fp CMFGEN 1.02 True 68159.55 123 0.0057 54713.836015197194 0.0174366041283065 9.830715711922205e-09 1.8822114663926067e-11 0.9376795358161186 0.0007773726672161667 0.16865355471544707
2008fp CMFGEN 1.04 True 76988.09 123 0.0057 54716.95167224038 0.013806084272800945 1.7010236983651947e-08 3.1582474259846836e-11 1.0694479954244225 0.0007202340380820561 0.16865355471544707
2008fp CMFGEN 1.4 True 87473.11 123 0.0057 54712.02119641148 0.019802141621767078 6.5458568839847165e-09 1.3155365498292991e-11 0.8219714911286263 0.0008265540404956836 0.16865355471544707
2008fp CMFGEN 1.7 True 138559.34 123 0.0057 54716.19646011638 0.014465724252659129 1.7622141157495016e-08 3.261545275878002e-11 1.099437705778168 0.0007135103591066082 0.16865355471544707
2008fr CMFGEN 1.02 True 5613.6377 51 0.0397 54718.14476009242 0.09199353783333208 7.176409745069591e-11 7.542706001171129e-13 0.3233241061411126 0.003621189778572755 0.038677564969285
2008fr CMFGEN 1.04 True 11717.8955 51 0.0397 54716.655765093645 0.13058770247153006 1.9518570083402548e-10 2.6974107348503454e-12 0.5534623980422284 0.003573119124901669 0.038677564969285
2008fr CMFGEN 1.4 True 4287.2886 51 0.0397 54717.492992593565 0.08131132238122518 3.88319814884506e-11 4.0166108517427235e-13 0.1427811120804774 0.00370515459259012 0.038677564969285
2008fr CMFGEN 1.7 True 16834.709 51 0.0397 54721.779181437385 0.11003691913720104 1.5000870978913827e-10 1.7834660183596101e-12 0.5825026626453766 0.0035876341494395815 0.038677564969285
2008fu CMFGEN 1.02 True 2732.919 37 0.052 54716.22552166322 0.16535972130077425 2.930230451639728e-11 6.281088975223992e-13 0.33544691123013987 0.0077649078132553786 0.018833736613107027
2008fu CMFGEN 1.4 True 2611.6616 37 0.052 54714.329272655275 0.15147895980771864 1.52842377683698e-11 3.5306816038775193e-13 0.12587591957176034 0.00843359776246663 0.018833736613107027
2008fu CMFGEN 1.7 True 3523.1062 37 0.052 54720.74851971681 0.1419267345481785 6.113501136702149e-11 1.343403658884089e-12 0.6066561157249605 0.007326619325640203 0.018833736613107027
2008fw CMFGEN 1.02 True 29371.115 71 0.0085 54717.25163113567 0.04655820930929622 1.5436402459643048e-09 7.220708460054374e-12 0.4440333902656492 0.0014644462727488171 0.11159617552698833
2008fw CMFGEN 1.04 True 55433.996 71 0.0085 54715.229116571834 0.03730624866147991 4.200928355974325e-09 2.0808105106524085e-11 0.6582219597568761 0.0014717731614808827 0.11159617552698833
2008fw CMFGEN 1.4 True 18090.465 71 0.0085 54717.35051523784 0.0354814568272559 8.051764849393405e-10 3.4097183395122344e-12 0.2635318398596689 0.0014393835754431376 0.11159617552698833
2008fw CMFGEN 1.7 True 89300.28 71 0.0085 54711.64989856184 0.05849976759782294 7.933812980296277e-09 5.3895727287592325e-11 0.8513625020614771 0.0017912341472985421 0.11159617552698833
2008gg CMFGEN 1.02 True 16174.849 81 0.032 54733.641363058465 0.046641233308037044 1.676552834433905e-10 1.0027617172734287e-12 0.453825582759049 0.002031549106929116 0.02120202873332347
2008gg CMFGEN 1.04 True 31407.328 81 0.032 54736.27956664353 0.06567867562262109 3.2190029492746346e-10 2.030335461521602e-12 0.6382059902188221 0.0019144709388634982 0.02120202873332347
2008gg CMFGEN 1.4 True 13956.576 81 0.032 54732.702505557645 0.0423862517636735 9.417719961767793e-11 5.56705376137646e-13 0.2818765146526628 0.0020630625627648504 0.02120202873332347
2008gg CMFGEN 1.7 True 44574.234 81 0.032 54736.07712432018 0.05822447183163604 3.290564211087469e-10 2.2057160974612973e-12 0.6728293190945563 0.002030770939722031 0.02120202873332347
2008gl CMFGEN 1.02 True 26810.744 65 0.034 54747.735180343625 0.03546525762430974 6.37935768554124e-11 4.43315369780224e-13 0.22084016787698335 0.0022739798792738037 0.024346470870714523
2008gl CMFGEN 1.04 True 29315.635 65 0.034 54751.630119423135 0.029746593143499922 1.124690913344481e-10 7.651404739689107e-13 0.4018787725800072 0.0022322274850098346 0.024346470870714523
2008gl CMFGEN 1.4 True 25475.496 65 0.034 54745.91200814881 0.0364577130167163 4.116622047418018e-11 2.844476080879831e-13 0.0785239122078738 0.0022552245631454622 0.024346470870714523
2008gl CMFGEN 1.7 True 42489.6 65 0.034 54750.445402009325 0.03176283174252603 1.1784945221670502e-10 8.413012191930106e-13 0.4294895190395683 0.002348153910340001 0.024346470870714523
2008gp CMFGEN 1.02 True 105866.57 65 0.0334 54735.814289182345 0.050752657236444065 7.092438656050433e-11 5.655127768313404e-13 -0.0892710706804995 0.002569219368512577 0.103694303991748
2008gp CMFGEN 1.04 True 22144.32 65 0.0334 54763.35242646671 0.01809743571357103 1.2398138858650277e-10 9.039800623675636e-13 0.305430143374279 0.002349863239155335 0.103694303991748
2008gp CMFGEN 1.4 True 8323.492 65 0.0334 54759.406269874045 0.0186009571843897 4.1345544161135233e-11 2.919155516691275e-13 -0.02403363537961261 0.002257377169607056 0.103694303991748
2008gp CMFGEN 1.7 True 29717.062 65 0.0334 54762.45076725364 0.01943518463667715 1.1843873794010955e-10 9.082920263595351e-13 0.3058935622974876 0.0024816564553797314 0.103694303991748
2008ha CMFGEN 1.02 True 10566.129 43 0.0046 54760.47646137904 0.16952264732753974 9.52928240432874e-11 1.410419492475025e-12 0.6039933394070204 0.005773646803213898 0.06357216573029255
2008ha CMFGEN 1.04 True 7798.029 43 0.0046 54767.62545007583 0.06938289780373452 1.6197059605810077e-10 2.310806606685425e-12 0.8141242815330781 0.005272586801196411 0.06357216573029255
2008ha CMFGEN 1.4 True 9268.601 43 0.0046 54753.136163396324 0.20442632517733728 5.893575087030644e-11 9.118844028485514e-13 0.3510362825142194 0.005781180094031454 0.06357216573029255
2008ha CMFGEN 1.7 True 46899.285 43 0.0046 54809.79654999998 1.0947987902909517e-05 2.6572468191673914e-10 5.194713745634738e-12 -1.5546738819644117 0.007091648315847467 0.06357216573029255
2008hj CMFGEN 1.04 True 7548.4507 49 0.0379 54786.0392946167 0.021703771366446745 7.6548399613443e-11 4.906164360584557e-13 0.24001867556670026 0.002005114838144166 0.03086168432817931
2008hj CMFGEN 1.4 True 55971.227 49 0.0379 54759.95809492382 0.07473739774650312 2.2381067189514478e-11 1.6789251166794954e-13 -0.40560910411408496 0.0027940434676909888 0.03086168432817931
2008hj CMFGEN 1.7 True 47305.28 49 0.0379 54753.62344003032 0.13565362435474526 2.33527577230307e-10 2.6567060095268504e-12 0.18509943593278436 0.002582684997504481 0.03086168432817931
2008hu CMFGEN 1.02 True 5168.0103 35 0.0497 54784.541871251124 0.1026576315271086 2.6883164452356674e-11 3.8847916134196254e-13 0.24016428012695398 0.005108637182991447 0.09234704414548399
2008hu CMFGEN 1.04 True 6095.5703 35 0.0497 54789.78363057631 0.0869340510944312 5.423364164613557e-11 7.510473436859107e-13 0.4843711010095428 0.004697803275832995 0.09234704414548399
2008hu CMFGEN 1.4 True 4671.551 35 0.0497 54782.560212525255 0.09638183629431296 1.4581196542286848e-11 2.1597081524451096e-13 0.039871210895325915 0.005284424613692779 0.09234704414548399
2008hu CMFGEN 1.7 True 7314.1274 35 0.0497 54788.81542973644 0.0814044620929053 5.2281027732576926e-11 7.555926454987708e-13 0.48560510843077215 0.004832776265355166 0.09234704414548399
2008hv CMFGEN 1.02 True 297251.84 89 0.0126 54750.9673092819 0.14945580820494797 1.5129922120434152e-09 1.610533071772741e-11 0.3032505806045701 0.0024391215905893693 0.02743585979989673
2008hv CMFGEN 1.04 True 66057.95 89 0.0126 54801.45979883682 0.009025129897054285 9.79578685846609e-10 4.8513706085623615e-12 0.5148914329529921 0.0016175470302346043 0.02743585979989673
2008hv CMFGEN 1.4 True 296530.12 89 0.0126 54745.397118837565 0.17688823928619968 1.2214264612040294e-09 1.3436203394089544e-11 0.23645574026106775 0.0025174894674308062 0.02743585979989673
2008hv CMFGEN 1.7 True 89314.79 89 0.0126 54800.6645368653 0.00987788692509639 9.963120660683607e-10 5.295816680225758e-12 0.5374346270538674 0.0017405313277950836 0.02743585979989673
2008ia CMFGEN 1.02 True 20643.518 66 0.0219 54793.13632057161 0.04880093328029034 2.020445564163806e-10 1.917633857831318e-12 0.3234832040914859 0.0032982546834028313 0.19479143249257042
2008ia CMFGEN 1.04 True 24190.787 66 0.0219 54797.3065426025 0.040229949132481124 3.8004528745235744e-10 3.641708630659842e-12 0.5208701714533768 0.0033155447847027482 0.19479143249257042
2008ia CMFGEN 1.4 True 19620.09 66 0.0219 54791.36492128621 0.0481751878724026 1.2685489812268224e-10 1.177805525307134e-12 0.17182295544961407 0.0031951554723111905 0.19479143249257042
2008ia CMFGEN 1.7 True 36340.195 66 0.0219 54795.90695138943 0.04318067802887526 3.0844767367518685e-10 3.2255316120723408e-12 0.4600548118617854 0.0035270247637827924 0.19479143249257042
2009D CMFGEN 1.02 True 30785.57 73 0.025 54822.83963888894 0.018717476155870827 1.526437770358543e-10 6.652567099779641e-13 0.1585972483800559 0.0013942920100609628 0.04553556357655682
2009D CMFGEN 1.04 True 53076.82 73 0.025 54826.02874119504 0.015785100473294733 2.753736524466724e-10 1.1995113832429931e-12 0.3361518795997659 0.0013851656762485093 0.04553556357655682
2009D CMFGEN 1.4 True 23010.883 73 0.025 54821.243194266666 0.019419352371187415 1.00272479391819e-10 4.2535243234796285e-13 0.02619888149011225 0.001352338304362382 0.04553556357655682
2009D CMFGEN 1.7 True 72731.164 73 0.025 54824.87301410403 0.016829229964059778 2.574318919692907e-10 1.1642690202593268e-12 0.32566264616005863 0.001441571303123878 0.04553556357655682
2009F CMFGEN 1.02 True 63087.94 49 0.013 54805.071790158225 0.04808741854867549 3.925705318292544e-10 3.766121448141269e-12 0.5955507929218272 0.003591528687730592 0.08942501844180814
2009F CMFGEN 1.04 True 41737.453 49 0.013 54827.177068464975 0.024038975821895292 3.623897799337911e-10 3.1725959350165527e-12 0.7590313246943359 0.003078752119876741 0.08942501844180814
2009F CMFGEN 1.4 True 67058.17 49 0.013 54806.004944224536 0.06735239784757141 1.807188287717549e-10 1.8001231016584381e-12 0.39204955983680195 0.003764357320687387 0.08942501844180814
2009F CMFGEN 1.7 True 46731.004 49 0.013 54826.03840395993 0.026565024389128666 3.2233862903855354e-10 2.861271228086527e-12 0.7282472908545514 0.003119247455049494 0.08942501844180814
2009I CMFGEN 1.02 True 2213.5007 17 0.0262 54767.92813961167 3.587718175818736 2.051780667808616e-09 4.286989496717106e-10 0.8504889313002858 0.0426458023156441 0.027127749805892682
2009I CMFGEN 1.04 True 1999.491 17 0.0262 54794.57508413397 0.9737241782531783 1.3785826565751944e-09 7.67910788033188e-11 0.8535628460765299 0.009644905099159965 0.027127749805892682
2009I CMFGEN 1.4 True 2496.1448 17 0.0262 54783.4216085998 2.888454048996209 3.5164678855897526e-10 5.7157588583570516e-11 0.4249941385940968 0.033034333010609165 0.027127749805892682
2009I CMFGEN 1.7 True 2301.496 17 0.0262 54781.736368749844 1.2165851432800991 5.7420527567272826e-09 4.4564994006974864e-10 1.2163215985027287 0.014438776414605841 0.027127749805892682
2009Y CMFGEN 1.02 True 64173.273 107 0.0094 54858.694747911024 0.020121466270211386 1.9838210336240434e-09 7.360397851829085e-12 0.4629135011030762 0.0012364152165249224 0.08739267344609465
2009Y CMFGEN 1.04 True 87562.07 107 0.0094 54861.82810586669 0.01696067017110181 3.919622411220225e-09 1.4011402653410137e-11 0.6540261021445507 0.0011892525490813256 0.08739267344609465
2009Y CMFGEN 1.4 True 56175.31 107 0.0094 54856.93918238396 0.022158485520776594 1.2481871632412212e-09 4.6471735715683264e-12 0.3240449313206024 0.0012305902264088111 0.08739267344609465
2009Y CMFGEN 1.7 True 142490.77 107 0.0094 54861.04117453494 0.018288071965798736 4.327816883966735e-09 1.643518539908522e-11 0.7052352232717448 0.001270624544038098 0.08739267344609465
2009aa CMFGEN 1.02 True 230298.2 89 0.0273 54823.190786740925 0.1268037856752926 1.5169363857768274e-10 1.84889279598652e-12 8.879284861171809e-07 0.002985368360754691 0.029208185622029807
