results/band_fits/u_g_r_Y_J_H.ecsv
# %ECSV 0.9
# ---
# datatype:
# - {name: object ID, datatype: string}
# - {name: model, datatype: string}
# - {name: version, datatype: string}
# - {name: success, datatype: bool}
# - {name: chisq, datatype: float32}
# - {name: ndof, datatype: int32}
# - {name: z, datatype: float64}
# - {name: t0, datatype: float64}
# - {name: t0_err, datatype: float64}
# - {name: x0, datatype: float64}
# - {name: x0_err, datatype: float64}
# - {name: hostebv, datatype: float64}
# - {name: hostebv_err, datatype: float64}
# - {name: mwebv, datatype: float64}
# meta:
#   bands: [csp_dr3_u, csp_dr3_g, csp_dr3_r, csp_dr3_Y, csp_dr3_J, csp_dr3_H]
# schema: astropy-2.0
"object ID" model version success chisq ndof z t0 t0_err x0 x0_err hostebv hostebv_err mwebv
2005el CMFGEN 1.02 True 71711.63 158 0.0149 53627.38301662982 0.021677055599866435 5.960753658588425e-10 1.8137167748721035e-12 0.4565843041927171 0.0011326452856520444 0.09808364969164196
2005el CMFGEN 1.04 True 71436.43 158 0.0149 53630.528342454025 0.017677769508736674 1.316489856938189e-09 3.894249575191734e-12 0.675835020994502 0.0010594975613203179 0.09808364969164196
2005el CMFGEN 1.4 True 83014.81 158 0.0149 53625.80844518266 0.02370397949925973 3.473287925329653e-10 1.1319663255843332e-12 0.28983609816512185 0.0012169863034902774 0.09808364969164196
2005el CMFGEN 1.7 True 119555.58 158 0.0149 53629.88946512544 0.021777592173748417 1.4692268236051794e-09 4.611293419421944e-12 0.7363297722530361 0.001085003469757681 0.09808364969164196
2005eq CMFGEN 1.02 True 19909.453 127 0.029 53637.1835817591 0.03291105233802227 1.1919683638431757e-10 6.628883754813079e-13 0.23901992420020146 0.0018602541921774953 0.06362687563506927
2005eq CMFGEN 1.04 True 30981.943 127 0.029 53640.05409501321 0.03021753887151135 2.2226562497106305e-10 1.3002671213613513e-12 0.4219554658361808 0.0019343002835665736 0.06362687563506927
2005eq CMFGEN 1.4 True 19197.004 127 0.029 53635.79747712012 0.03375279937608866 7.498999550499852e-11 4.1813214376284223e-13 0.09745085446913553 0.0018743840338829548 0.06362687563506927
2005eq CMFGEN 1.7 True 45357.094 127 0.029 53639.158924476826 0.030684453107824083 2.1471626695699375e-10 1.334311589908314e-12 0.4247367977430952 0.0020426745942754786 0.06362687563506927
2005gj CMFGEN 1.02 True 103740.055 139 0.0616 53689.83314113576 0.03287357330555096 3.93507127589112e-10 2.3272618512432e-12 0.8282172314255536 0.0022930617742392724 0.10432937283711677
2005gj CMFGEN 1.4 True 82456.2 139 0.0616 53637.95264361241 0.2306330916690058 3.244500857978441e-10 3.436679448690759e-12 0.2694022779892041 0.002559680211139896 0.10432937283711677
2005hc CMFGEN 1.02 True 9371.555 92 0.0459 53648.78119519616 0.036861632419459056 3.658055273933393e-11 2.766498987008681e-13 0.1627241206947943 0.002411976841793273 0.02814121741934405
2005hc CMFGEN 1.04 True 16300.228 92 0.0459 53652.034103302016 0.03077409621255356 5.934155686892327e-11 4.62685567112484e-13 0.3123795017230152 0.002470642929378021 0.02814121741934405
2005hc CMFGEN 1.4 True 7850.8726 92 0.0459 53647.068456315916 0.039047697118803626 2.5589739041139263e-11 1.932992554706704e-13 0.04860403645789566 0.002408228752125086 0.02814121741934405
2005hc CMFGEN 1.7 True 23665.295 92 0.0459 53650.754648285256 0.03247304229080328 5.476273265252929e-11 4.4388595545893107e-13 0.2956647713009103 0.0025740389877162676 0.02814121741934405
2005hk CMFGEN 1.02 False 425392.62 163 0.013 53654.62852761034 65.43715667107972 1.650251271843909e-10 3.337838907873086e-14 0.14427598567882308 2.9116738522181835e-05 0.020061264631809475
2005hk CMFGEN 1.04 True 150982.75 163 0.013 53671.722864468094 0.016699215229891706 1.1002575960917351e-09 4.497755762693593e-12 0.8283494028172582 0.001553967382542793 0.020061264631809475
2005hk CMFGEN 1.4 True 104846.73 163 0.013 53666.93832738059 0.020625062999897636 4.635846325016506e-10 1.748579031195348e-12 0.5799933101266231 0.0014641140875172665 0.020061264631809475
2005hk CMFGEN 1.7 True 202773.27 163 0.013 53671.17117423645 0.021603369030344766 9.964961505852125e-10 4.956042649329892e-12 0.816582594827476 0.0018971693952924437 0.020061264631809475
2005iq CMFGEN 1.04 True 17490.688 96 0.034 53671.761693811764 0.024153975944500417 7.674999585570644e-11 6.010075817369209e-13 0.2630723344766142 0.0025059284834100565 0.01900663001980604
2005iq CMFGEN 1.4 True 14047.23 96 0.034 53666.793702607065 0.03190183393235202 2.9806433479273986e-11 2.3139825912208065e-13 -0.0248170258409276 0.002508071025692911 0.01900663001980604
2005iq CMFGEN 1.7 True 62014.535 96 0.034 53649.64870092293 0.10383070038005826 1.950425032522741e-10 2.239794667547197e-12 0.29799678867002194 0.003036912448487661 0.01900663001980604
2005kc CMFGEN 1.02 True 150289.1 83 0.0151 53618.90298207982 0.39105478299825336 2.097442441999706e-09 3.9004450857028596e-11 0.3977674016574716 0.003356510508866576 0.11361467365635353
2005kc CMFGEN 1.04 True 26840.926 83 0.0151 53682.4898926642 0.014266520305682207 1.2103406825476965e-09 6.542759526373187e-12 0.7484749672490473 0.0020415935042001885 0.11361467365635353
2005kc CMFGEN 1.4 True 145944.5 83 0.0151 53623.61791643961 0.2523305521644943 8.910347956090734e-10 1.079673056851104e-11 0.192538438089077 0.002565948769275844 0.11361467365635353
2005kc CMFGEN 1.7 True 35015.062 83 0.0151 53681.79957092562 0.014546644692018162 1.095214709497085e-09 5.99009326456164e-12 0.7244747441286024 0.0020538123353793284 0.11361467365635353
2005ke CMFGEN 1.02 True 568494.44 240 0.0049 53618.58677324554 0.17624851908840355 1.8251093978974024e-08 1.581970852974703e-10 1.0216962348235765 0.0018370613933322646 0.021125155887244045
2005ke CMFGEN 1.04 False 906719.25 240 0.0049 53677.62625518354 95.16554799647565 2.4805473742816706e-10 7.745648725406935e-14 0.1325770057836002 1.393665859563699e-05 0.021125155887244045
2005ke CMFGEN 1.4 True 568386.4 240 0.0049 53614.73661358826 0.25017940082398127 1.1665451053727767e-08 1.32428292662718e-10 0.9053656461284385 0.0022103460635433054 0.021125155887244045
2005ke CMFGEN 1.7 False 1031195.8 240 0.0049 53671.862036682796 100.66667288603276 2.3954031032517945e-10 8.222585723596194e-14 0.13284648540480107 1.5667567499645683e-05 0.021125155887244045
2005ki CMFGEN 1.02 True 261936.34 175 0.0192 53663.83620340407 0.04169680396444164 3.877508347525239e-10 1.6537439697713248e-12 0.3769007436844887 0.0014295575927127915 0.027486266648353123
2005ki CMFGEN 1.04 True 54606.324 175 0.0192 53690.166791888434 0.015185852527793031 5.648142873768035e-10 2.636160036702129e-12 0.6182663682270579 0.0016672221493485063 0.027486266648353123
2005ki CMFGEN 1.4 True 78584.42 175 0.0192 53685.65754291493 0.021132456269697286 1.6578962632043212e-10 8.391758287380474e-13 0.2755509136728025 0.0017950588812525778 0.027486266648353123
2005ki CMFGEN 1.7 True 76209.74 175 0.0192 53689.530322699364 0.015720732902991585 6.293284281186741e-10 2.7742942758335694e-12 0.6726532042889455 0.0015816596666077746 0.027486266648353123
2005na CMFGEN 1.02 True 38694.137 85 0.0263 53721.89980856963 0.03603991333875456 1.561577855619105e-10 1.1372168751385e-12 0.28080650709421945 0.002409166067274371 0.06681481625966589
2005na CMFGEN 1.04 True 46390.137 85 0.0263 53725.51385387915 0.03275968716479838 2.942887925630138e-10 2.1139854015452486e-12 0.4711635622172263 0.0023592393606480335 0.06681481625966589
2005na CMFGEN 1.4 True 34986.684 85 0.0263 53720.58836946203 0.035064629482803866 8.603007641545752e-11 6.196904774493459e-13 0.09437509691045701 0.002374845123354615 0.06681481625966589
2005na CMFGEN 1.7 True 65051.84 85 0.0263 53724.527973474775 0.033879936891025864 3.1787111586725236e-10 2.4099650306353756e-12 0.5146342766273374 0.002477208061381224 0.06681481625966589
2006D CMFGEN 1.02 True 85509.59 169 0.0085 53738.90809001039 0.029232850214611972 1.5237119534477427e-09 5.249158198396856e-12 0.5575591712605892 0.0012122115554790488 0.039300265923908353
2006D CMFGEN 1.04 True 67156.54 169 0.0085 53741.91804480924 0.02456946929669357 3.548604940703138e-09 1.1796303043818994e-11 0.7831139115299787 0.0011863628259731556 0.039300265923908353
2006D CMFGEN 1.4 True 109369.47 169 0.0085 53737.8041953728 0.029551080653618556 8.158869310472115e-10 3.006628414281341e-12 0.37991473933889564 0.0012799455620300872 0.039300265923908353
2006D CMFGEN 1.7 True 104428.35 169 0.0085 53741.54845549494 0.02567766553693218 5.886979247006999e-09 2.3396524933350392e-11 0.9729044969637418 0.0013940014749517504 0.039300265923908353
2006X CMFGEN 1.02 True 59331.906 188 0.0052 53768.85253165055 0.008897332554624882 2.160839461025783e-08 4.470458483818076e-11 1.4155503285379494 0.0007720039043625784 0.022553426442264515
2006X CMFGEN 1.04 True 91727.05 188 0.0052 53771.219394607 0.007192046206910163 4.204064280090151e-08 8.575828363103082e-11 1.5831529182659247 0.000748980971240407 0.022553426442264515
2006X CMFGEN 1.4 True 51495.902 188 0.0052 53767.30703735722 0.00993597360138665 1.4071018940467098e-08 2.979283346793118e-11 1.2944772959277069 0.000794747390706334 0.022553426442264515
2006X CMFGEN 1.7 True 188674.55 188 0.0052 53770.62754964619 0.007824825650459388 4.274949912517194e-08 9.464823969076439e-11 1.604007596024531 0.0008024806568550056 0.022553426442264515
2006ax CMFGEN 1.02 True 428909.8 154 0.0167 53780.75683212093 0.03553339002610301 6.20846169114079e-10 2.2595109212094833e-12 0.3110214949033008 0.0014356326274092665 0.04323992187949964
2006ax CMFGEN 1.04 True 72813.26 154 0.0167 53811.63240958523 0.009724901974550448 9.4564463526889e-10 2.9196232347968e-12 0.5577188270340632 0.0011400174593715936 0.04323992187949964
2006ax CMFGEN 1.4 True 410236.7 154 0.0167 53760.055277878404 0.11657795344217448 7.005015977819473e-10 4.352291410023296e-12 0.18801087623412768 0.0014969545821397077 0.04323992187949964
2006ax CMFGEN 1.7 True 116720.32 154 0.0167 53811.114151415415 0.011472802252683323 9.959992295071308e-10 3.1788481151541137e-12 0.6006300127317427 0.0011796593165054289 0.04323992187949964
2006bh CMFGEN 1.02 True 84827.69 111 0.0109 53813.89509971537 0.03286006348571391 1.2011882738829227e-09 4.837844394385031e-12 0.526298135150492 0.0014906289788278455 0.022862200011365373
2006bh CMFGEN 1.04 True 75671.1 111 0.0109 53817.82295451443 0.02629417963908054 2.5180738244904602e-09 9.946421282573716e-12 0.7450471484956982 0.0014288287312675789 0.022862200011365373
2006bh CMFGEN 1.4 True 91709.23 111 0.0109 53812.19875295003 0.032258086212095805 6.681300267221482e-10 2.875725088265419e-12 0.33940727799272813 0.0015791342512703652 0.022862200011365373
2006bh CMFGEN 1.7 True 106162.945 111 0.0109 53816.829128693345 0.0317110245632648 3.1979703137856353e-09 1.4099036097193485e-11 0.8455965015488783 0.0014642405922546565 0.022862200011365373
2006bt CMFGEN 1.02 True 29973.084 55 0.0322 53823.31964359019 0.0792504697383265 1.0639611497058872e-10 9.052611219094983e-13 0.147801712123386 0.0031034896716276824 0.04305211789801481
2006bt CMFGEN 1.04 True 31086.516 55 0.0322 53822.19255138756 0.07147692286525853 2.877264387815249e-10 2.366181729582942e-12 0.3701870298202644 0.0026998607881548974 0.04305211789801481
2006bt CMFGEN 1.4 True 7163.7065 55 0.0322 53838.60060127495 0.046895273317204555 6.355270954635014e-11 5.537853144410903e-13 0.20711702342590185 0.003025962895819547 0.04305211789801481
2006bt CMFGEN 1.7 True 37209.477 55 0.0322 53815.17568914945 0.18246599570920807 5.76268580007475e-10 8.286768916501958e-12 0.538286445822854 0.003381910970540464 0.04305211789801481
2006ej CMFGEN 1.02 True 14991.612 30 0.0205 53957.47535665662 0.06875913887051865 3.123160322101685e-10 4.434077396945137e-12 0.5056509903676901 0.004563492253566232 0.030216198315927072
2006ej CMFGEN 1.04 True 13750.117 30 0.0205 53960.9726826389 0.06800871190716862 7.18661304030537e-10 9.68322853754339e-12 0.7484073166304239 0.004234683201757123 0.030216198315927072
2006ej CMFGEN 1.4 True 14475.132 30 0.0205 53956.13152317273 0.07185292493522866 1.6035420474851307e-10 2.4771853449560885e-12 0.29391645373582703 0.00494971382800683 0.030216198315927072
2006eq CMFGEN 1.02 True 3086.5996 52 0.0495 53956.97038653155 0.17876322924348642 6.293283438979524e-11 1.1858109997274383e-12 0.7358030478846698 0.007616970986665109 0.04124082407613607
2006eq CMFGEN 1.04 True 2482.3948 52 0.0495 53962.2838998021 0.1815093076620542 1.481512389070312e-10 2.8725765163269118e-12 1.0305930106572374 0.007551479430342594 0.04124082407613607
2006eq CMFGEN 1.4 True 3232.5881 52 0.0495 53954.39958333294 0.16726601897607907 3.489284901878394e-11 7.0587478170001e-13 0.5328715769783656 0.008127944307684933 0.04124082407613607
2006eq CMFGEN 1.7 True 3067.3232 52 0.0495 53961.34655993064 0.180465222485509 1.762935408307572e-10 4.146860422028603e-12 1.1084570598898613 0.007982809724091678 0.04124082407613607
2006et CMFGEN 1.02 True 198309.5 163 0.0226 53952.68527234371 0.0520168217299215 4.416292285639948e-10 2.007074358750834e-12 0.3776954109499614 0.0016531523652050983 0.016484083652199933
2006et CMFGEN 1.04 True 43263.156 163 0.0226 53978.99956678942 0.01618966427486157 6.722574457673712e-10 3.298836265588088e-12 0.6658487057027959 0.0017439994661367095 0.016484083652199933
2006et CMFGEN 1.4 True 25294.416 163 0.0226 53974.90588262125 0.02079686347860843 2.3043058714691046e-10 1.0659010593894539e-12 0.352286818329822 0.0016460797017445528 0.016484083652199933
2006et CMFGEN 1.7 True 67494.695 163 0.0226 53978.21165988747 0.017071404992748285 6.59046410903452e-10 3.375428911737399e-12 0.6768323101622437 0.0018113424884605256 0.016484083652199933
2006gj CMFGEN 1.02 True 8510.897 69 0.0284 53979.39871472222 0.09057765589750488 9.307236004848067e-11 1.429544469548888e-12 0.5371616992766658 0.005389749263049078 0.07245814932372446
2006gj CMFGEN 1.04 True 7896.198 69 0.0284 53983.943189250116 0.07416164245660184 1.621912913484171e-10 2.6349538088658207e-12 0.7150583040675551 0.005738873897170157 0.07245814932372446
2006gj CMFGEN 1.4 True 9746.74 69 0.0284 53977.20981577426 0.09221290815912653 5.864067235424351e-11 8.951243801628475e-13 0.38764878381489726 0.0053824162375808145 0.07245814932372446
2006gj CMFGEN 1.7 True 10622.124 69 0.0284 53982.9726510671 0.07584880931244697 1.680377339231003e-10 2.903779892541115e-12 0.7348975591333567 0.006096288869939339 0.07245814932372446
2006gt CMFGEN 1.02 True 6252.5474 47 0.0448 53982.33950754072 0.09880260466889013 2.4369578735625536e-11 4.5464881273601543e-13 0.29325581865348244 0.0060978952160225895 0.03203576638201347
2006gt CMFGEN 1.04 True 5574.883 47 0.0448 53986.87117579087 0.08201582900437643 4.107266805963667e-11 7.473486633763129e-13 0.46638525797921127 0.00602366620201418 0.03203576638201347
2006gt CMFGEN 1.4 True 6587.847 47 0.0448 53980.14608735646 0.10122612220948213 1.5829932557785227e-11 3.0109760292978187e-13 0.15075678637857168 0.006243496722879224 0.03203576638201347
2006gt CMFGEN 1.7 True 6753.3047 47 0.0448 53985.34820696216 0.08445313111224095 4.1328611249334946e-11 7.743392779817407e-13 0.47357994223084443 0.006168367591674209 0.03203576638201347
2006hb CMFGEN 1.02 True 41978.973 106 0.0153 53985.43904886804 0.04760407244611997 4.9892221804066e-10 2.9869794743028515e-12 0.6101734024610053 0.0020046128501028113 0.023450809335250816
2006hb CMFGEN 1.04 True 32719.834 106 0.0153 53988.58683939352 0.0475923720478022 1.1215316065549697e-09 6.945240561680128e-12 0.8348963347893811 0.001965586321702645 0.023450809335250816
2006hb CMFGEN 1.4 True 48635.062 106 0.0153 53984.20100878618 0.04674268302551354 2.730660846399174e-10 1.7005695691628268e-12 0.43230773263767586 0.002143031905575342 0.023450809335250816
2006hb CMFGEN 1.7 True 40389.266 106 0.0153 53987.53530750194 0.05009255350523745 1.5560009620468662e-09 1.118521547820844e-11 0.9580826249060586 0.002164870576586827 0.023450809335250816
2006is CMFGEN 1.02 True 16790.793 86 0.031 53993.55207773833 0.04581466968738823 1.29066623004282e-10 7.106395031937163e-13 0.2796005023990358 0.0018360624516824053 0.028965576049208273
2006is CMFGEN 1.04 True 36666.152 86 0.031 53996.43973872181 0.061733288479445037 2.4834843170919483e-10 1.4451039051342618e-12 0.4651857094653008 0.001821265544267068 0.028965576049208273
2006is CMFGEN 1.4 True 14140.366 86 0.031 53992.50411190368 0.04102600376063492 7.496980024972154e-11 4.1797842471737676e-13 0.12132161458194123 0.0019008400541052743 0.028965576049208273
2006is CMFGEN 1.7 True 57101.348 86 0.031 53995.57910722789 0.06333753567014355 2.550815461235204e-10 1.6432968258146603e-12 0.48996280514643065 0.001904727561502014 0.028965576049208273
2006kf CMFGEN 1.02 True 37453.49 111 0.0213 54021.04404859092 0.03835907377288095 2.7198274880880726e-10 1.865544627414628e-12 0.49211297799863296 0.0025431566491427144 0.2111548865539906
