results/band_fits/u_g_r_Ydw_H.ecsv
# %ECSV 0.9
# ---
# datatype:
# - {name: object ID, datatype: string}
# - {name: model, datatype: string}
# - {name: version, datatype: string}
# - {name: success, datatype: bool}
# - {name: chisq, datatype: float32}
# - {name: ndof, datatype: int32}
# - {name: z, datatype: float64}
# - {name: t0, datatype: float64}
# - {name: t0_err, datatype: float64}
# - {name: x0, datatype: float64}
# - {name: x0_err, datatype: float64}
# - {name: hostebv, datatype: float64}
# - {name: hostebv_err, datatype: float64}
# - {name: mwebv, datatype: float64}
# meta:
#   bands: [csp_dr3_u, csp_dr3_g, csp_dr3_r, csp_dr3_Ydw, csp_dr3_H]
# schema: astropy-2.0
"object ID" model version success chisq ndof z t0 t0_err x0 x0_err hostebv hostebv_err mwebv
[from data line 86]
2006gt CMFGEN 1.02 True 5302.334 36 0.0448 53982.05218146211 0.09872473685027217 2.365360952592067e-11 4.1578393945811263e-13 0.2809148870893933 0.005719919888317621 0.03203576638201347
2006gt CMFGEN 1.04 True 4806.7036 36 0.0448 53986.59623297444 0.08348127598219435 4.0548146119784226e-11 7.143246041891538e-13 0.45983404388225196 0.005803179477733893 0.03203576638201347
2006gt CMFGEN 1.4 True 5585.524 36 0.0448 53979.8911635072 0.10140710540872533 1.5232776333574145e-11 2.697201576335923e-13 0.13599819324805326 0.005801273823737599 0.03203576638201347
2006gt CMFGEN 1.7 True 6272.674 36 0.0448 53985.09152165337 0.08398941653285874 4.1349973750641e-11 7.720211858275253e-13 0.47138985418420026 0.006117294384467095 0.03203576638201347
2006hx CMFGEN 1.02 True 1860.8767 36 0.0455 54003.59918555879 0.07924042799641029 6.89650460551444e-11 1.16224062059565e-12 0.46076057363705064 0.006095185388871643 0.02579641377817784
2006hx CMFGEN 1.04 True 2703.1663 36 0.0455 54005.96143188116 0.07122208421424148 1.3715751141228446e-10 2.330926500970528e-12 0.6523215691510497 0.006095664417515573 0.02579641377817784
2006hx CMFGEN 1.4 True 1737.9619 36 0.0455 54002.07440319647 0.07801384782214882 4.296364274984341e-11 7.380252011409254e-13 0.31336238229928914 0.006152644232312365 0.02579641377817784
2006hx CMFGEN 1.7 True 4758.2524 36 0.0455 54005.7520098188 0.08630790812821942 1.4228101122163552e-10 2.9135386654311615e-12 0.693887684627564 0.0075167195648062 0.02579641377817784
2006is CMFGEN 1.02 True 16947.908 78 0.031 53993.52679061687 0.04649475947371684 1.411842211928148e-10 7.473402100089759e-13 0.308294998628165 0.0018027638220040455 0.028965576049208273
2006is CMFGEN 1.04 True 38332.25 78 0.031 53996.16225313679 0.0696465512010036 2.8831049131535223e-10 1.7155978272869246e-12 0.5097264564958554 0.0018697128452577576 0.028965576049208273
2006is CMFGEN 1.4 True 14972.57 78 0.031 53992.46629384428 0.041403518538572825 8.126013863166333e-11 4.342237413437281e-13 0.1468921131356543 0.0018578744443853376 0.028965576049208273
2006is CMFGEN 1.7 True 58039.41 78 0.031 53985.46638840051 0.06337634493320365 7.164687232865915e-10 5.865364620335263e-12 0.6865526018555587 0.0022878522630181736 0.028965576049208273
2006kf CMFGEN 1.02 True 29419.717 70 0.0213 54020.44600508992 0.042585036611853866 1.7769243270749783e-10 1.5003937904598253e-12 0.33843782488495056 0.0029695769426709923 0.2111548865539906
2006kf CMFGEN 1.04 True 26674.553 70 0.0213 54024.962500681155 0.030153347903251415 3.410526483895123e-10 2.902905287670377e-12 0.536463936057016 0.002988674215790412 0.2111548865539906
2006kf CMFGEN 1.7 True 33326.633 70 0.0213 54023.94153618329 0.03194847249687882 3.743846140130376e-10 3.263534441198005e-12 0.5810265423875458 0.003074052901076301 0.2111548865539906
2006mr CMFGEN 1.02 True 56502.64 90 0.0059 54030.008903081834 0.053274158264684957 1.075571653029977e-09 9.425947516873995e-12 0.7004024518036738 0.0030944806426937113 0.01798173198598729
2006mr CMFGEN 1.04 True 47312.477 90 0.0059 54035.167353895566 0.032708225371607114 2.606068898299461e-09 2.1511551427846446e-11 0.9674800541348989 0.0029065237303769432 0.01798173198598729
2006mr CMFGEN 1.4 True 62240.37 90 0.0059 54027.36314065831 0.05675905076350318 6.232933094948625e-10 5.5682556755241565e-12 0.5254308711857562 0.0031018787604083654 0.01798173198598729
2006mr CMFGEN 1.7 True 45513.977 90 0.0059 54034.71905423156 0.03363856163196033 3.5150613789646135e-09 3.3911990087820745e-11 1.079304558785667 0.0034568994369922586 0.01798173198598729
2006ob CMFGEN 1.02 True 3153.367 24 0.0592 54041.29561240392 0.12529542553966166 1.4836452053296198e-11 3.7315858355638486e-13 0.16408454383422338 0.00834753826487718 0.028481219035194537
2006ob CMFGEN 1.04 True 3489.8315 24 0.0592 54046.16434343929 0.09954632304652478 3.0174752257642256e-11 7.393888749316262e-13 0.40027083876358327 0.008145980837960804 0.028481219035194537
2006ob CMFGEN 1.4 True 2933.0159 24 0.0592 54039.21934231493 0.12788509676101967 8.780118910796786e-12 2.3299812962127107e-13 -0.007437936468311736 0.008752262543263488 0.028481219035194537
2006ob CMFGEN 1.7 True 4201.4043 24 0.0592 54044.998907626046 0.10203736653420492 2.953737140065491e-11 7.409757902513077e-13 0.40257649588585115 0.008299620377290432 0.028481219035194537
2006os CMFGEN 1.02 True 3651.0647 41 0.0328 54044.78433689463 0.11604278638696996 1.2425691615803495e-10 1.4442721685024388e-12 0.5994308234928993 0.004196656658015884 0.12540838006801724
2006os CMFGEN 1.04 True 5644.5244 41 0.0328 54050.752839620356 0.06601741093982127 2.2929109726244515e-10 2.762648122479392e-12 0.8158730764976933 0.00432405521204238 0.12540838006801724
2006os CMFGEN 1.4 True 2949.3499 41 0.0328 54042.81472535765 0.10384699299902422 7.601199477565558e-11 8.883135221311478e-13 0.43711297629504353 0.004245872063264843 0.12540838006801724
2006os CMFGEN 1.7 True 7469.2446 41 0.0328 54049.45964101327 0.06882529484209954 2.3079656228702915e-10 2.8208651954632568e-12 0.8265947672656089 0.004320026831514042 0.12540838006801724
2006ot CMFGEN 1.02 True 3922.0852 38 0.0531 54035.262853172026 0.22949352405339596 4.301377104202874e-11 7.070212283059757e-13 0.22600138697246328 0.007585355786831595 0.015213385022200876
2006ot CMFGEN 1.04 True 4384.967 38 0.0531 54032.63332170543 0.16773482675125706 1.0754174176057833e-10 1.4286938416340096e-12 0.3990435333206809 0.004946308214663625 0.015213385022200876
2006ot CMFGEN 1.4 True 2196.0308 38 0.0531 54044.64014304318 0.12512710961527773 2.8679115458861143e-11 4.4087169718868274e-13 0.26531185994862544 0.005420891579359475 0.015213385022200876
2006ot CMFGEN 1.7 True 6222.832 38 0.0531 54050.26444570585 0.08612437211559154 6.452049762587919e-11 1.041620009818564e-12 0.5471289730749787 0.005415413288467575 0.015213385022200876
2007N CMFGEN 1.02 True 36952.348 64 0.0129 54088.165706870466 0.0568170067454048 4.381213351095514e-10 2.5920691533097586e-12 0.8745552247131314 0.002534132379017828 0.03466644583272683
2007N CMFGEN 1.04 True 39509.477 64 0.0129 54107.6848020075 0.0506739142438164 6.722506797448311e-10 4.8790874060905285e-12 1.2039880210897054 0.0027516917865971304 0.03466644583272683
2007N CMFGEN 1.4 True 44423.098 64 0.0129 54086.98608005169 0.062261362887511496 2.527011993565614e-10 1.619696082103402e-12 0.7257750954537328 0.0027001485708386852 0.03466644583272683
2007N CMFGEN 1.7 True 23245.396 64 0.0129 54107.462454031294 0.06344067736063153 1.5652708200404122e-09 1.1532110198325812e-11 1.521316710926912 0.002983004336487847 0.03466644583272683
2007S CMFGEN 1.02 True 167255.06 84 0.0139 54099.73590553964 0.04484094507279224 1.2078549684992253e-09 6.247394800768073e-12 0.5614089385447125 0.0019883576383067903 0.023917370294342193
2007S CMFGEN 1.04 True 32055.2 84 0.0139 54128.998541595065 0.016041366532590473 1.8762731813318124e-09 9.569492120506523e-12 0.8648760701527363 0.0018188948528825727 0.023917370294342193
2007S CMFGEN 1.4 True 170824.47 84 0.0139 54098.30320417464 0.057616546720964834 7.058374672204956e-10 3.833897754723663e-12 0.41197304466577134 0.0021117170399778304 0.023917370294342193
2007S CMFGEN 1.7 True 50337.656 84 0.0139 54128.365091170854 0.01734017538910848 1.8817052121956824e-09 9.999727025472649e-12 0.8840381578498818 0.0018912517206272437 0.023917370294342193
2007af CMFGEN 1.02 True 63324.895 132 0.0055 54156.640057895886 0.018670658875635127 6.40844877058744e-09 1.85172528344828e-11 0.6796942448941635 0.0011334605429737812 0.03369874683150666
2007af CMFGEN 1.04 True 59969.625 132 0.0055 54159.52932750059 0.012898847773612943 1.2263543979199036e-08 3.359366214647891e-11 0.8421462928672906 0.0010544355022159082 0.03369874683150666
2007af CMFGEN 1.4 True 77801.375 132 0.0055 54154.58613559125 0.022328472306980984 4.103559861235986e-09 1.2734317963049951e-11 0.5506226482539545 0.0012103183882340364 0.03369874683150666
2007af CMFGEN 1.7 True 100121.055 132 0.0055 54159.08808367425 0.013154972064512549 1.2886048714164614e-08 3.420999844838493e-11 0.8775121251142063 0.001011454910845291 0.03369874683150666
2007ai CMFGEN 1.02 True 3207.724 45 0.0317 54156.57242251504 0.09001354852807708 1.2330056130136145e-10 1.7547936802984375e-12 0.45886254150504185 0.004802903069474355 0.28493849738385585
2007ai CMFGEN 1.04 True 4401.133 45 0.0317 54160.43389054371 0.06981792615624727 2.0812757705859745e-10 3.0499286384606795e-12 0.6216754974807881 0.004917660715277592 0.28493849738385585
2007ai CMFGEN 1.4 True 3046.8977 45 0.0317 54154.71073660132 0.09420646309808944 8.20819365287458e-11 1.2023054790694784e-12 0.3274377326167357 0.005030346545734087 0.28493849738385585
2007ai CMFGEN 1.7 True 5246.244 45 0.0317 54159.32823167039 0.07348329090018524 1.9254864635163448e-10 2.7462001854026862e-12 0.6068083763912021 0.004727080945987078 0.28493849738385585
2007al CMFGEN 1.02 True 15116.672 48 0.0122 54149.91053274614 0.11314469474746147 3.983375447485278e-10 7.63361711957214e-12 0.9524759120011652 0.007228913533335715 0.03612839183245699
2007al CMFGEN 1.04 True 9693.963 48 0.0122 54155.168966903984 0.09483842948975507 8.751635736622106e-10 1.600994583572969e-11 1.1994691047659956 0.007165442413707931 0.03612839183245699
2007al CMFGEN 1.4 True 18270.404 48 0.0122 54146.99907648716 0.12095553681865567 2.128455120518666e-10 4.381902984808466e-12 0.7406917860658996 0.007679347025456572 0.03612839183245699
2007al CMFGEN 1.7 True 7751.5522 48 0.0122 54153.84181950206 0.09977184270246653 1.2541824311103863e-09 2.2202080314565737e-11 1.3316477566776597 0.006780410046692394 0.03612839183245699
2007as CMFGEN 1.02 True 26541.578 61 0.0176 54163.08388099756 0.04003374277453986 3.649560741453576e-10 2.4492507380841772e-12 0.4154659710318983 0.0022826638971971402 0.12248805092706036
2007as CMFGEN 1.04 True 26007.666 61 0.0176 54166.763260397776 0.03584935461549321 6.686541430249874e-10 4.53459617611362e-12 0.5910566040529285 0.00230510301274536 0.12248805092706036
2007as CMFGEN 1.4 True 29489.44 61 0.0176 54161.670696684894 0.03933734294696478 2.0405806913188545e-10 1.352068289616454e-12 0.23665950603309652 0.0022680155585238135 0.12248805092706036
2007as CMFGEN 1.7 True 41350.47 61 0.0176 54165.54330047875 0.03857057100685779 8.255582448956504e-10 6.129050904817687e-12 0.6739805623523895 0.002511397745884376 0.12248805092706036
2007ax CMFGEN 1.02 True 22249.207 34 0.0069 54168.27664132316 0.05572267099705641 5.924413568606819e-10 6.295184352073771e-12 0.6946435468908227 0.003785231629939718 0.046269740179905226
2007ax CMFGEN 1.04 True 12217.863 34 0.0069 54172.46666066804 0.03921355848797248 1.2319136248079984e-09 1.317706041403186e-11 0.9170699337268706 0.0038516899991418536 0.046269740179905226
2007ax CMFGEN 1.4 True 25860.188 34 0.0069 54164.60228721733 0.08339775566128083 3.6237483726725495e-10 3.9070349954907035e-12 0.519971863642862 0.0038195060151899906 0.046269740179905226
2007ax CMFGEN 1.7 True 12186.403 34 0.0069 54171.38292270929 0.04264701005013194 1.5114336246774659e-09 1.761419215214022e-11 0.9937870024218148 0.004225815271543144 0.046269740179905226
2007ba CMFGEN 1.02 True 7707.4453 44 0.0385 54176.93738175162 0.06416616206843173 7.762298956031668e-11 1.3227351315449502e-12 0.5585543864170355 0.005401342465739436 0.03157813338813755
2007ba CMFGEN 1.4 True 7042.252 44 0.0385 54175.126677070715 0.06521076830904349 5.024820873310454e-11 8.280347450624044e-13 0.4141297397323386 0.005201894422722992 0.03157813338813755
2007ba CMFGEN 1.7 True 9159.532 44 0.0385 54179.773744607155 0.057311022690555546 1.6341582639033247e-10 3.5826700845390102e-12 0.7977745525077053 0.006992514400270876 0.03157813338813755
2007bc CMFGEN 1.02 True 29983.82 46 0.0208 54181.205771449895 0.03910912515129894 2.2004703874624891e-10 1.7596552530960434e-12 0.3592676039077418 0.002730038789907931 0.018619780482354808
2007bc CMFGEN 1.04 True 30487.117 46 0.0208 54184.95863661944 0.03309818460184033 3.7694870883910135e-10 3.000385716969255e-12 0.5223846248143604 0.002734662946172635 0.018619780482354808
2007bc CMFGEN 1.4 True 27756.166 46 0.0208 54179.35782245215 0.03981108455627691 1.3567494277448228e-10 1.0728599976687927e-12 0.20023874460854024 0.0026810485957794827 0.018619780482354808
2007bc CMFGEN 1.7 True 45411.31 46 0.0208 54183.82135668181 0.03590319350041682 4.598495773002532e-10 3.871614031173096e-12 0.6091714668433938 0.0029183306751620845 0.018619780482354808
2007bd CMFGEN 1.02 True 90080.36 41 0.0309 54134.46077663458 0.4686760072763718 3.592801347686835e-10 1.0588131560335951e-11 0.26787211051055576 0.006444959203806822 0.029214747850011574
2007bd CMFGEN 1.04 True 12258.076 41 0.0309 54191.02757442691 0.016863340464624343 1.1900896478636215e-10 1.1079153532339163e-12 0.34807269197494645 0.003061706338909165 0.029214747850011574
2007bd CMFGEN 1.4 True 89296.484 41 0.0309 54132.73065411523 0.35546229527244577 1.9707067033478534e-10 4.295447419203958e-12 0.10267161952109646 0.005180787580073338 0.029214747850011574
2007bd CMFGEN 1.7 True 17958.104 41 0.0309 54190.12339743108 0.01830156912546954 1.2053122605822325e-10 1.1783995290467574e-12 0.36951496553496666 0.0032269931566235297 0.029214747850011574
2007ca CMFGEN 1.02 True 158815.89 51 0.0141 54136.29556864427 0.23508310927354614 7.48973034955923e-09 9.143837081403604e-11 0.7076543823305959 0.0025867574438465614 0.057476889787346504
2007ca CMFGEN 1.04 True 168941.06 51 0.0141 54146.98807018634 0.21290045509886113 1.339315303962704e-08 1.6621694067294448e-10 0.88420438143906 0.002682653266165355 0.057476889787346504
2007ca CMFGEN 1.4 True 157042.1 51 0.0141 54127.04327161811 0.2453187871396949 5.5704620260481065e-09 6.717506769793852e-11 0.6034356965175874 0.0025811931227607003 0.057476889787346504
2007ca CMFGEN 1.7 True 170110.31 51 0.0141 54155.846446838106 0.16262449275745894 1.3171625491499426e-08 1.1829579574534242e-10 0.9545384542275558 0.0019208106267094792 0.057476889787346504
2007hj CMFGEN 1.02 True 98883.82 115 0.0141 54327.5774064228 0.04099376327576465 6.924811772258568e-10 3.130947748745162e-12 0.6508258107441323 0.0017247940420698326 0.0757651475075587
2007hj CMFGEN 1.04 True 79591.12 115 0.0141 54334.25864091158 0.03222739264674601 1.3324755728574775e-09 6.568409828925057e-12 0.8816363953223206 0.0018033936593698674 0.0757651475075587
2007hj CMFGEN 1.4 True 102441.78 115 0.0141 54325.716030141375 0.0350094847199216 3.6145137451929547e-10 1.6770488017241363e-12 0.44063333380338005 0.0017341213705520909 0.0757651475075587
2007hj CMFGEN 1.7 True 88160.63 115 0.0141 54333.586263733036 0.02868268506063032 1.737300041803285e-09 8.908525665086175e-12 0.9954926173146502 0.0018875670141411543 0.0757651475075587
2007if CMFGEN 1.02 True 2092.9111 46 0.0742 54327.78812373269 0.11435427168908063 7.394868739446788e-11 6.792907269485963e-13 0.32081076488020255 0.004176293176059596 0.0710264807303712
2007if CMFGEN 1.04 True 4351.8936 46 0.0742 54327.49906843035 0.08904893410363002 1.5613315977201687e-10 1.2541595069977877e-12 0.48102999598661944 0.003174212961206485 0.0710264807303712
2007if CMFGEN 1.4 True 1772.4464 46 0.0742 54328.07274802746 0.1480241456301883 4.660755866550326e-11 4.866882583635908e-13 0.21276710726226922 0.0050636130598692075 0.0710264807303712
2007if CMFGEN 1.7 True 9267.56 46 0.0742 54324.7886481586 0.248924525865732 2.3202352866316945e-10 3.3428294318349444e-12 0.6055710522265193 0.0033703825079996943 0.0710264807303712
2007jg CMFGEN 1.02 True 5597.765 40 0.0371 54346.374871783475 0.052879407186992466 5.2786860193998866e-11 5.439742049385199e-13 0.26681539789409797 0.0032257891310447226 0.09127945747595989
2007jg CMFGEN 1.04 True 8282.7705 40 0.0371 54350.651350031825 0.03828028103816905 9.156971516493869e-11 9.832752404986197e-13 0.4415970147346994 0.003339952500476542 0.09127945747595989
