results/band_fits/u_g_r_Y_J.ecsv
# %ECSV 0.9
# ---
# datatype:
# - {name: object ID, datatype: string}
# - {name: model, datatype: string}
# - {name: version, datatype: string}
# - {name: success, datatype: bool}
# - {name: chisq, datatype: float32}
# - {name: ndof, datatype: int32}
# - {name: z, datatype: float64}
# - {name: t0, datatype: float64}
# - {name: t0_err, datatype: float64}
# - {name: x0, datatype: float64}
# - {name: x0_err, datatype: float64}
# - {name: hostebv, datatype: float64}
# - {name: hostebv_err, datatype: float64}
# - {name: mwebv, datatype: float64}
# meta:
#   bands: [csp_dr3_u, csp_dr3_g, csp_dr3_r, csp_dr3_Y, csp_dr3_J]
# schema: astropy-2.0
"object ID" model version success chisq ndof z t0 t0_err x0 x0_err hostebv hostebv_err mwebv
[from data line 172]
2007jg CMFGEN 1.4 True 6575.0244 48 0.0371 54344.90297815447 0.049669676343910396 3.8403316422602807e-11 3.88012244939471e-13 0.16445200399616608 0.003211782850679847 0.09127945747595989
2007jg CMFGEN 1.7 True 14766.221 48 0.0371 54349.28726856612 0.041434272407059325 9.441644628152629e-11 1.0849298651357303e-12 0.455860373946528 0.0036106620061923263 0.09127945747595989
2007le CMFGEN 1.02 True 55347.91 124 0.0067 54382.121333264666 0.014307373192423256 4.222089686477593e-09 9.555676928421253e-12 0.6755939014584448 0.0008890643290188695 0.02875745688753973
2007le CMFGEN 1.04 True 74573.65 124 0.0067 54384.76826431648 0.009629596992454026 8.934499298741988e-09 2.0584754944131404e-11 0.877605880069428 0.0009002833837179391 0.02875745688753973
2007le CMFGEN 1.4 True 53396.484 124 0.0067 54380.383530552404 0.017587842528882902 2.694010650056644e-09 6.281698787508546e-12 0.541777515542237 0.000917424379865227 0.02875745688753973
2007le CMFGEN 1.7 True 150545.72 124 0.0067 54384.14940617285 0.01055940847072634 8.914723472366725e-09 2.0692210751086944e-11 0.8972381086614831 0.0008912906485136658 0.02875745688753973
2007nq CMFGEN 1.02 True 14007.618 87 0.045 54379.06602760317 0.06462601282692049 4.990258210140699e-11 5.373152011636885e-13 0.35968714084216447 0.0037131600509139294 0.03048465300562326
2007nq CMFGEN 1.04 True 14078.844 87 0.045 54383.21583604762 0.06189507079398027 1.0483648137946347e-10 1.1541147320451677e-12 0.5917786700617467 0.003710899974922681 0.03048465300562326
2007nq CMFGEN 1.4 True 14675.385 87 0.045 54377.46379976727 0.06329937819828046 2.6792285132721588e-11 2.995095926356734e-13 0.16490725875191029 0.003877299686354887 0.03048465300562326
2007nq CMFGEN 1.7 True 19017.72 87 0.045 54382.3483111048 0.06185457657556981 1.0991098341548781e-10 1.3091394131312998e-12 0.6234842555838672 0.003968022408421094 0.03048465300562326
2007on CMFGEN 1.02 True 193643.69 160 0.0065 54401.67607669415 0.018978552980115637 3.453708826004059e-09 8.572048127776541e-12 0.5189459201877865 0.0009999171728489321 0.00991579720241815
2007on CMFGEN 1.04 True 158584.62 160 0.0065 54405.69828955594 0.014175590687955264 8.244859962528831e-09 2.0005989202720967e-11 0.7678737336157564 0.001016166986959199 0.00991579720241815
2007on CMFGEN 1.4 True 222324.1 160 0.0065 54399.288119286044 0.021615001547615975 2.0378446080149974e-09 5.360051032481057e-12 0.35797181567388975 0.001023935789550177 0.00991579720241815
2007on CMFGEN 1.7 True 216148.33 160 0.0065 54406.45837946612 0.011786509854573524 1.2596959322402493e-08 3.5792173648821254e-11 0.9443965359414275 0.0012028094206288102 0.00991579720241815
2007so CMFGEN 1.02 True 3567.6023 29 0.0297 54412.338015154324 0.12880837126795086 3.034580673877444e-10 3.29735691445921e-12 0.7715070407004255 0.004480758461269648 0.11558239602450404
2007so CMFGEN 1.04 True 3019.2256 29 0.0297 54417.335459961476 0.1270225746666256 7.548232314185867e-10 7.81085637849252e-12 1.051137840428485 0.00430993053322257 0.11558239602450404
2007so CMFGEN 1.4 True 4348.6113 29 0.0297 54409.88600614081 0.13043526061301236 1.781275275132538e-10 2.126220964612056e-12 0.5972635426245012 0.0048066939094502615 0.11558239602450404
2007so CMFGEN 1.7 True 6135.198 29 0.0297 54412.29785651207 0.7638204792783654 1.899582911440615e-09 3.48776648251857e-11 1.3369339289299276 0.008400502601629485 0.11558239602450404
2007sr CMFGEN 1.02 True 65463.9 128 0.0055 54433.89643740053 0.022798564830736723 5.404383957558726e-09 1.2215295362606607e-11 0.4888273926796986 0.0007410892532676009 0.04047821787749507
2007sr CMFGEN 1.04 True 91981.375 128 0.0055 54435.41190713551 0.03540721163517446 1.289096798420891e-08 3.1858226070602144e-11 0.7093735187677083 0.0007346689705880221 0.04047821787749507
2007sr CMFGEN 1.4 True 56613.656 128 0.0055 54433.14988995279 0.02447464947908884 3.063605804555744e-09 7.0135693740311954e-12 0.3307442005645829 0.0007537047420656524 0.04047821787749507
2007sr CMFGEN 1.7 True 187591.2 128 0.0055 54434.01678940842 0.03811101483370294 1.5469033798959415e-08 4.65461483982568e-11 0.7776085034482632 0.0007839158044738103 0.04047821787749507
2007st CMFGEN 1.02 True 18466.016 67 0.0212 54434.87978231682 0.06443287832007627 4.626905313430625e-10 2.7805648744042373e-12 0.5843179079889287 0.002372624068582044 0.014189318123033668
2007st CMFGEN 1.04 True 19946.602 67 0.0212 54437.92252584996 0.06431656710265088 1.104024017916626e-09 6.764923803188474e-12 0.8343208566322468 0.0022780275102176287 0.014189318123033668
2007st CMFGEN 1.4 True 17149.633 67 0.0212 54433.40781112642 0.06267245373965125 2.704747238865986e-10 1.6621958151677517e-12 0.4138173691932552 0.0025170204354599186 0.014189318123033668
2007st CMFGEN 1.7 True 34232.555 67 0.0212 54438.12553338225 0.08056463353932486 1.4359986751635752e-09 1.2437976900590973e-11 0.9574236955806906 0.0025511105392867855 0.014189318123033668
2007ux CMFGEN 1.02 True 18672.654 63 0.0309 54444.28289526277 0.0698567104554968 9.865715126904804e-11 9.40624766269633e-13 0.5055928633082398 0.003487880428716728 0.03865491382492817
2007ux CMFGEN 1.04 True 17483.824 63 0.0309 54449.62518330891 0.07278777861210983 1.964724583120486e-10 1.980438290712508e-12 0.7409000757981706 0.0036617565969148205 0.03865491382492817
2007ux CMFGEN 1.4 True 19718.715 63 0.0309 54442.60574396833 0.06295157453496358 5.6079511441105614e-11 5.530396831994013e-13 0.32498281697210313 0.0036006670437498285 0.03865491382492817
2007ux CMFGEN 1.7 True 22653.77 63 0.0309 54448.86163474984 0.07036236466956325 2.2161741670618657e-10 2.5054763319500174e-12 0.7971368092247351 0.004031105691418971 0.03865491382492817
2008C CMFGEN 1.02 True 6643.3896 56 0.0166 54449.5725396089 0.07148297907406231 4.650265188887777e-10 4.711063298452875e-12 0.5053881171253661 0.0035810162153682534 0.07204778690206645
2008C CMFGEN 1.04 True 9721.699 56 0.0166 54453.89887584408 0.06491292015198269 7.97184606359318e-10 8.587286466512e-12 0.6783904528766225 0.0037846174087812256 0.07204778690206645
2008C CMFGEN 1.4 True 6164.7 56 0.0166 54447.72914741809 0.06869290643953718 2.8974167754145716e-10 2.938438165822637e-12 0.3544520584848674 0.003675231576646814 0.07204778690206645
2008C CMFGEN 1.7 True 16893.75 56 0.0166 54452.853332682396 0.06658785187755711 7.885059917472306e-10 9.706371567271359e-12 0.6859079868326087 0.004219850846713086 0.07204778690206645
2008J CMFGEN 1.02 False 283960.16 46 0.0159 54333.50469956993 159.7501111563979 1.6558763523512027e-09 1.0189949825105455 -0.1578692528526877 1.018994982658564 0.019495907706164484
2008J CMFGEN 1.04 True 31964.049 46 0.0159 54476.72540956204 0.02988461281711352 1.8738190909323118e-08 1.0954707534464529e-10 1.8097710692818225 0.0023970370632094666 0.019495907706164484
2008J CMFGEN 1.4 True 15864.769 46 0.0159 54473.22652161196 0.04039352056133794 7.358335026505598e-09 3.876221646099205e-11 1.4937528436660943 0.0021212868982331086 0.019495907706164484
2008O CMFGEN 1.02 True 4295.5127 48 0.0389 54471.173717103615 0.085399866959051 7.559657457439731e-11 9.373366252263181e-13 0.5964428013088626 0.004269447660664596 0.07585233234567533
2008O CMFGEN 1.04 True 4395.4243 48 0.0389 54475.45790241667 0.07952775275771273 1.3103119467086562e-10 1.6747280098263914e-12 0.7808510257608806 0.004457196330086911 0.07585233234567533
2008O CMFGEN 1.4 True 4627.7256 48 0.0389 54469.02907439453 0.08929657969201799 5.1238587056550165e-11 6.365417865246325e-13 0.4656035881240343 0.004345946767079057 0.07585233234567533
2008O CMFGEN 1.7 True 6580.893 48 0.0389 54474.795032672504 0.08025260351132601 1.3356180175745896e-10 1.8924965549121433e-12 0.796656883817566 0.004878024713752623 0.07585233234567533
2008R CMFGEN 1.02 True 67525.51 59 0.0135 54472.70063812863 0.039232347313372884 7.020251201676024e-10 2.9694348588257382e-12 0.5590473226673903 0.0016251457176214984 0.06202084408502785
2008R CMFGEN 1.04 True 59518.55 59 0.0135 54478.01832252791 0.03601423864165554 1.5770789250309948e-09 6.664228778705603e-12 0.8261578004191776 0.0016205604269444742 0.06202084408502785
2008R CMFGEN 1.4 True 68451.46 59 0.0135 54470.346350456195 0.03997934381914092 4.11696385415222e-10 1.8000337437456065e-12 0.37726061800381433 0.0016946508575934162 0.06202084408502785
2008R CMFGEN 1.7 True 87253.98 59 0.0135 54475.87294752866 0.046342378576810006 2.976265753386467e-09 1.6562554697001125e-11 1.0499267951511295 0.001984940451262799 0.06202084408502785
2008ae CMFGEN 1.02 True 5629.4624 43 0.03 54502.479285383 0.09293913639339735 2.91640707049359e-10 3.0648582727488204e-12 1.2143085954298973 0.006309539639558632 0.02369781462470916
2008ae CMFGEN 1.04 True 8054.8916 43 0.03 54506.49348979485 0.048433261799800675 6.647205296158962e-10 6.857192354063393e-12 1.4986907731912662 0.006136747552100525 0.02369781462470916
2008ae CMFGEN 1.4 True 4864.423 43 0.03 54500.104999919546 0.12079729812103324 1.9328442472243023e-10 2.0724270686824527e-12 1.0677946909185156 0.006445650197425105 0.02369781462470916
2008ae CMFGEN 1.7 True 17662.36 43 0.03 54512.19082153451 0.0706429266174382 3.694501626660557e-10 5.1866401101211835e-12 1.1160718506896745 0.010423390161380728 0.02369781462470916
2008ar CMFGEN 1.02 True 9666.698 64 0.0261 54516.67113206281 0.03614838970315759 1.5769379645696778e-10 1.010068496680982e-12 0.3520825330762019 0.0022646776508625202 0.03165642704095217
2008ar CMFGEN 1.04 True 14566.101 64 0.0261 54519.2939787964 0.030930878136132378 3.333955343187195e-10 2.196139782255574e-12 0.5620811513410959 0.002293079636885778 0.03165642704095217
2008ar CMFGEN 1.4 True 8427.471 64 0.0261 54515.2762853839 0.03878256201278418 9.62286430746352e-11 6.440434737265721e-13 0.1991651908028636 0.00236888383771901 0.03165642704095217
2008ar CMFGEN 1.7 True 24772.84 64 0.0261 54518.61959791607 0.033405966034479206 3.3899764017058677e-10 2.249069678652195e-12 0.5925517647169529 0.0022962801356635394 0.03165642704095217
2008bc CMFGEN 1.02 True 43997.293 99 0.0151 54531.353239374694 0.017534615009935806 3.980205021760045e-10 1.6520233158160073e-12 0.19248475925789513 0.001358895624808844 0.22550709929515722
2008bc CMFGEN 1.04 True 67086.95 99 0.0151 54534.13336199211 0.015255400354362791 6.717801649070407e-10 2.9416752823254955e-12 0.3453415179497738 0.001424798833650765 0.22550709929515722
2008bc CMFGEN 1.4 True 37875.293 99 0.0151 54529.96117389337 0.018503785664506722 2.7823752596662114e-10 1.116112530325525e-12 0.07961242643998956 0.0013088889782570095 0.22550709929515722
2008bc CMFGEN 1.7 True 100089.06 99 0.0151 54532.68605579405 0.017436221616662806 6.255957626753839e-10 2.8914707409983177e-12 0.3355185999029909 0.0014926371160435983 0.22550709929515722
2008bf CMFGEN 1.02 True 27704.742 91 0.0235 54536.93413149288 0.02115439065528335 1.795295045978878e-10 9.137182807178006e-13 0.2376088016881259 0.0017842217921130244 0.02971233782867539
2008bf CMFGEN 1.04 True 36435.402 91 0.0235 54539.84172381541 0.01744497684921953 3.319666421680081e-10 1.6989793882709375e-12 0.4116838444741173 0.0017804415866013558 0.02971233782867539
2008bf CMFGEN 1.4 True 31167.98 91 0.0235 54535.28661535953 0.02327811817303882 1.114496551429392e-10 5.934365420925638e-13 0.09037103050547811 0.0018595405894604 0.02971233782867539
2008bf CMFGEN 1.7 True 53644.566 91 0.0235 54538.95841312853 0.018354550848016515 3.259454585740395e-10 1.6689582095919542e-12 0.4255119803707562 0.0017864950130929765 0.02971233782867539
2008bi CMFGEN 1.02 True 16473.188 34 0.0134 54510.93552547929 0.058453488134546205 1.519108090668669e-09 1.0763182353284326e-11 1.236136846354755 0.0036714616781003554 0.037379980331966524
2008bi CMFGEN 1.04 True 7517.9985 34 0.0134 54533.624434563855 0.0903555872173456 1.553103564158895e-09 1.2023343908818945e-11 1.4625256792327908 0.0030998010626826673 0.037379980331966524
2008bi CMFGEN 1.4 True 18828.307 34 0.0134 54507.71405764379 0.061589190270751715 9.998746718759725e-10 7.277331107128615e-12 1.1136961246419717 0.0038363355597882264 0.037379980331966524
2008bq CMFGEN 1.02 True 7317.2397 60 0.034 54545.17676736501 0.04083073793299263 8.740329737973219e-11 5.314213563451988e-13 0.2626989260043308 0.002041693327409003 0.07776435723852901
2008bq CMFGEN 1.4 True 4871.372 60 0.034 54543.317524931364 0.04347541513197939 5.785626865024178e-11 3.5065308389223307e-13 0.12744197654234743 0.0021079724650471 0.07776435723852901
2008bq CMFGEN 1.7 True 24926.188 60 0.034 54547.87482847311 0.035028026468353346 1.3374458077888262e-10 8.706956541730228e-13 0.41074032000784755 0.002122648552508583 0.07776435723852901
2008bt CMFGEN 1.04 False 263183.62 39 0.0154 54558.99205679921 36.36897209032759 9.615965226846644e-11 8.745904454069097e-15 1.2345473093890296 9.99593990157975e-05 0.04805916611950687
2008bt CMFGEN 1.4 True 22011.875 39 0.0154 54547.14674521307 0.06192441383609548 1.7182925859371872e-10 1.6287237208334639e-12 0.4385976103477897 0.0032786585593386815 0.04805916611950687
2008cc CMFGEN 1.02 True 55609.742 87 0.0104 54555.56427819728 0.043166723124159034 1.5755779859555306e-09 5.768515389630322e-12 0.5778266866559303 0.0013524789711724188 0.03586503715546102
2008cc CMFGEN 1.04 True 47671.332 87 0.0104 54557.263543779285 0.03301899463258451 4.0414208771107194e-09 1.3844998617565335e-11 0.8198542711398146 0.0013266064895990385 0.03586503715546102
2008cc CMFGEN 1.4 True 65390.81 87 0.0104 54555.57636226108 0.05173094997735461 8.31071126298778e-10 3.2656057628736706e-12 0.4105697537977599 0.0013638392272836016 0.03586503715546102
2008cc CMFGEN 1.7 True 87130.54 87 0.0104 54563.747219509125 0.10404190222834586 4.584935475847904e-09 3.269654060766489e-11 0.9968027376631694 0.0018228429557255936 0.03586503715546102
2008cf CMFGEN 1.02 True 7935.3315 39 0.046 54577.46779079696 0.054901320287171984 3.7542622902708395e-11 3.1474376572872477e-13 0.11378765819332107 0.002731764228271686 0.05759850795422031
2008cf CMFGEN 1.04 True 13893.617 39 0.046 54581.55436112726 0.04746158192210714 6.793037805790321e-11 5.884913966630068e-13 0.30417591685617473 0.0028135925364543256 0.05759850795422031
2008cf CMFGEN 1.4 True 7084.217 39 0.046 54575.743887208824 0.054416943043179344 2.462600075907175e-11 2.0600431714703752e-13 -0.022227311329499358 0.0027052837613766537 0.05759850795422031
2008cf CMFGEN 1.7 True 21307.184 39 0.046 54580.18089849339 0.04899744208159973 6.506311305639017e-11 5.851634672823391e-13 0.29918871052475843 0.0029118613972473287 0.05759850795422031
2008ff CMFGEN 1.02 True 13978.955 113 0.0193 54693.23086902814 0.03773028952127788 6.513397996390036e-10 1.7683599374051217e-12 0.6258922745492489 0.001240888509356184 0.04350702296194606
2008ff CMFGEN 1.04 True 20546.994 113 0.0193 54696.408621425726 0.028575712367455708 1.5741310388097765e-09 4.159653877900077e-12 0.8717840593763624 0.0011458632914762947 0.04350702296194606
2008ff CMFGEN 1.4 True 9244.568 113 0.0193 54691.61020389999 0.03892830275071901 3.6391374007086286e-10 1.0149101200728339e-12 0.4449411365476515 0.0012460136709523584 0.04350702296194606
2008ff CMFGEN 1.7 True 49151.43 113 0.0193 54690.000995074726 0.07691410558618372 3.3690749271240383e-09 1.3491367385200094e-11 1.066146582692847 0.001035798097547582 0.04350702296194606
2008fl CMFGEN 1.02 True 55605.12 92 0.0199 54702.44131761372 0.023153779813583242 4.229910435868586e-10 1.2938393636598531e-12 0.5244193117982371 0.0011288907089073165 0.15710973562674108
2008fl CMFGEN 1.04 True 67436.984 92 0.0199 54704.43892073799 0.02551287743699504 8.911464407394289e-10 3.1271721331311393e-12 0.7213219864709443 0.0011422874538541065 0.15710973562674108
2008fl CMFGEN 1.4 True 59432.4 92 0.0199 54701.41747783526 0.024640911600727122 2.58084083097735e-10 8.215502251502225e-13 0.37938741510040436 0.001220049516158767 0.15710973562674108
