results/band_fits/u_g_r_Ydw.ecsv
# %ECSV 0.9
# ---
# datatype:
# - {name: object ID, datatype: string}
# - {name: model, datatype: string}
# - {name: version, datatype: string}
# - {name: success, datatype: bool}
# - {name: chisq, datatype: float32}
# - {name: ndof, datatype: int32}
# - {name: z, datatype: float64}
# - {name: t0, datatype: float64}
# - {name: t0_err, datatype: float64}
# - {name: x0, datatype: float64}
# - {name: x0_err, datatype: float64}
# - {name: hostebv, datatype: float64}
# - {name: hostebv_err, datatype: float64}
# - {name: mwebv, datatype: float64}
# meta:
#   bands: [csp_dr3_u, csp_dr3_g, csp_dr3_r, csp_dr3_Ydw]
# schema: astropy-2.0
"object ID" model version success chisq ndof z t0 t0_err x0 x0_err hostebv hostebv_err mwebv
[from data line 86]
2006hx CMFGEN 1.02 True 9381.229 28 0.0455 53977.71364630968 0.19311130459755077 7.541490447121034e-11 1.2754261725472453e-12 0.27799245335965816 0.006257311839570557 0.02579641377817784
2006hx CMFGEN 1.4 True 1046.0863 28 0.0455 54002.03745875702 0.07854157899419079 3.803172106608994e-11 6.859103838938717e-13 0.2732211681672171 0.006291328660870465 0.02579641377817784
2006is CMFGEN 1.02 True 16109.96 69 0.031 53993.49197003113 0.04682472639615298 1.3908929912341664e-10 7.392793242395836e-13 0.30293401866269837 0.0018059847623081659 0.028965576049208273
2006is CMFGEN 1.04 True 36375.527 69 0.031 53989.31685863756 0.06779937863757368 4.023811495161078e-10 2.9269662640203174e-12 0.5223099573577203 0.0019453534500001846 0.028965576049208273
2006is CMFGEN 1.4 True 13984.635 69 0.031 53992.44175367856 0.04152681013511028 7.999241447416386e-11 4.283924341502599e-13 0.14141454748771004 0.0018576807458418193 0.028965576049208273
2006is CMFGEN 1.7 True 56992.582 69 0.031 53985.534063069324 0.06368446830674657 7.026148694363253e-10 5.845045674251841e-12 0.6809452954347901 0.00231808589636327 0.028965576049208273
2006kf CMFGEN 1.02 True 27843.797 52 0.0213 54020.44745180748 0.04240451149598812 1.711204627856604e-10 1.438863045447607e-12 0.32559224636280837 0.002946291198084745 0.2111548865539906
2006kf CMFGEN 1.04 True 25189.232 52 0.0213 54024.94838655538 0.030137285699311178 3.2762689598568456e-10 2.773098352189864e-12 0.5226997776496468 0.0029599997585644383 0.2111548865539906
2006kf CMFGEN 1.4 True 29135.744 52 0.0213 54018.406436663696 0.04315915760525968 1.0091782040610075e-10 8.43527863114213e-13 0.15512938015653638 0.002899044423318688 0.2111548865539906
2006kf CMFGEN 1.7 True 31814.945 52 0.0213 54023.91320783926 0.03196115682658274 3.5891545348957927e-10 3.1130523536126282e-12 0.5663656137765027 0.0030458765922377817 0.2111548865539906
2006lu CMFGEN 1.02 True 3489.6372 58 0.0534 54019.13017212984 0.0981562311280868 2.701008796789084e-11 3.854704690827292e-13 0.19792051210030423 0.004610328667545666 0.09926190318509276
2006lu CMFGEN 1.04 True 4836.8086 58 0.0534 54023.389340869726 0.09376186339432024 5.0014171891616594e-11 7.149885767544212e-13 0.3941794833731832 0.00457313677355361 0.09926190318509276
2006lu CMFGEN 1.4 True 3425.9136 58 0.0534 54017.625711540226 0.08982370551530039 1.5763332288435123e-11 2.292906390134671e-13 0.03243653674874978 0.0047142251596975155 0.09926190318509276
2006lu CMFGEN 1.7 True 7505.8657 58 0.0534 54021.805885381094 0.10313829535516561 5.241727570282015e-11 7.841509948438689e-13 0.4161963887535333 0.004744738516941479 0.09926190318509276
2006mr CMFGEN 1.02 True 30972.057 72 0.0059 54030.0103381796 0.05184607062255964 7.944488596584809e-10 6.804503447959168e-12 0.6000957993973302 0.00294337409998825 0.01798173198598729
2006mr CMFGEN 1.04 True 24449.54 72 0.0059 54035.04592006439 0.03384414067113539 1.9127184609445854e-09 1.6147440395614924e-11 0.864401422409632 0.002870525506284873 0.01798173198598729
2006mr CMFGEN 1.4 True 35376.86 72 0.0059 54027.53699437063 0.05412487571447855 4.672343263791498e-10 3.955339052369381e-12 0.431966997066168 0.0028805620270198613 0.01798173198598729
2006mr CMFGEN 1.7 True 23805.16 72 0.0059 54034.26328422938 0.035654936345963506 2.1711166132043586e-09 1.9496968972214417e-11 0.914377957410601 0.0030656549220880493 0.01798173198598729
2006ob CMFGEN 1.02 True 3030.3625 22 0.0592 54041.289520843864 0.12546911599565647 1.4653955164013292e-11 3.679873949424974e-13 0.1600748660457613 0.008326455942758722 0.028481219035194537
2006ob CMFGEN 1.04 True 3376.4084 22 0.0592 54046.16752192167 0.09937480464577675 2.975238291503767e-11 7.272113105794416e-13 0.39579238212927625 0.008116724888063252 0.028481219035194537
2006ob CMFGEN 1.4 True 2800.8918 22 0.0592 54039.21217582907 0.12796168050772394 8.685433656746298e-12 2.3013268700924227e-13 -0.010950199535829944 0.008731236014701722 0.028481219035194537
2006ob CMFGEN 1.7 True 4081.3425 22 0.0592 54045.000481708405 0.10185635375455604 2.913628757121268e-11 7.289030982496244e-13 0.39820015959949245 0.00826816779004253 0.028481219035194537
2006os CMFGEN 1.02 True 3329.5432 34 0.0328 54044.81790623226 0.11279365517839324 1.213281320427311e-10 1.4133759020974851e-12 0.5914828502530309 0.004199382975123214 0.12540838006801724
2006os CMFGEN 1.04 True 5381.2734 34 0.0328 54050.741627952135 0.06613273275070242 2.2351458807752629e-10 2.7071065058453204e-12 0.8068407935139688 0.004336474698932335 0.12540838006801724
2006os CMFGEN 1.4 True 2589.8704 34 0.0328 54042.860491610336 0.10205957245489117 7.423929397278881e-11 8.689712214646002e-13 0.42939247983072293 0.004244885153876902 0.12540838006801724
2006os CMFGEN 1.7 True 7186.3525 34 0.0328 54049.46708279 0.06854369821667206 2.2487131446668232e-10 2.756946456134186e-12 0.8175474662361748 0.004326295241431253 0.12540838006801724
2006ot CMFGEN 1.02 True 3273.1504 34 0.0531 54035.81733629373 0.28009901533005177 4.131761880701826e-11 6.830642330144306e-13 0.22238106938449706 0.008264249029734543 0.015213385022200876
2006ot CMFGEN 1.04 True 3999.7664 34 0.0531 54033.057381581224 0.17464595323326648 1.0262965259611375e-10 1.3727555704095426e-12 0.3901750934886974 0.0048873726205928055 0.015213385022200876
2006ot CMFGEN 1.4 True 1475.9844 34 0.0531 54044.54373999861 0.12612925348366844 2.7461124239053075e-11 4.216575054354386e-13 0.2502342491839204 0.005406622178675759 0.015213385022200876
2006ot CMFGEN 1.7 True 5487.3306 34 0.0531 54050.203247359146 0.0861530761794711 6.156987115937909e-11 9.874718479917045e-13 0.5313920792780708 0.005355149700016559 0.015213385022200876
2007N CMFGEN 1.02 True 34641.902 50 0.0129 54088.3090355225 0.0581532411306398 4.074740452660963e-10 2.5552400101886517e-12 0.849393927622056 0.002615026303952414 0.03466644583272683
2007N CMFGEN 1.04 True 34862.336 50 0.0129 54107.88818822222 0.05140857959486311 6.161132482043936e-10 4.6192778679126e-12 1.1757669474190822 0.0028060254003297465 0.03466644583272683
2007N CMFGEN 1.4 True 41331.668 50 0.0129 54087.18021713192 0.06387428607558832 2.3217150016324342e-10 1.5694614294812353e-12 0.696099575699765 0.002761862244530189 0.03466644583272683
2007N CMFGEN 1.7 True 21619.037 50 0.0129 54107.743459067 0.06243492135035922 1.4251932437185851e-09 1.1523723816048983e-11 1.4892827326352966 0.0032071931791462613 0.03466644583272683
2007S CMFGEN 1.02 True 13554.583 51 0.0139 54126.52773878768 0.0195597089259536 7.822190493384023e-10 4.566976330257554e-12 0.6179379350707792 0.0020344608344470263 0.023917370294342193
2007S CMFGEN 1.04 True 26274.87 51 0.0139 54128.88353160212 0.01635223225093796 1.5394226526438128e-09 8.938922458612474e-12 0.798057900175903 0.001999173104940711 0.023917370294342193
2007S CMFGEN 1.4 True 157705.45 51 0.0139 54097.54636560845 0.06940624101480353 5.849065249514816e-10 3.5646439938653434e-12 0.3398781609456318 0.0022813615510772814 0.023917370294342193
2007S CMFGEN 1.7 True 40672.23 51 0.0139 54128.17611363861 0.017507197950180853 1.539414128602233e-09 9.156517291366498e-12 0.815866338553358 0.0020481705601579072 0.023917370294342193
2007af CMFGEN 1.02 True 40195.793 84 0.0055 54156.52843992198 0.021281466124492 4.141079590359723e-09 1.8000726515670018e-11 0.5268961952431156 0.0015223419198692385 0.03369874683150666
2007af CMFGEN 1.04 True 45065.855 84 0.0055 54159.59084941217 0.017043697018380044 8.725847569450098e-09 3.6198364867539595e-11 0.7262177326603984 0.001448925005198734 0.03369874683150666
2007af CMFGEN 1.4 True 43942.5 84 0.0055 54154.78872648919 0.02365135055515566 2.4120021084076e-09 1.071733072486209e-11 0.36603278544856355 0.0015418542665148565 0.03369874683150666
2007af CMFGEN 1.7 True 73933.93 84 0.0055 54158.86708646687 0.017750263428752078 9.768820176830559e-09 3.832366020696923e-11 0.7822900282813438 0.00136171214875498 0.03369874683150666
2007ai CMFGEN 1.02 True 2026.7644 39 0.0317 54156.4408821513 0.09099914396938402 1.1283872372630165e-10 1.6358759393130074e-12 0.4286150108558725 0.004844098709093621 0.28493849738385585
2007ai CMFGEN 1.04 True 3307.0818 39 0.0317 54160.31407576062 0.070599376977043 1.8848351062091677e-10 2.817549352528815e-12 0.588157402812727 0.004965877278841519 0.28493849738385585
2007ai CMFGEN 1.4 True 1766.2207 39 0.0317 54154.57862916714 0.0956719648456783 7.501849319049956e-11 1.1126426281194022e-12 0.2967314197848608 0.0050463941730746606 0.28493849738385585
2007ai CMFGEN 1.7 True 4162.0254 39 0.0317 54159.135138091915 0.07495795541763073 1.760379330334655e-10 2.5776535434446567e-12 0.575644563596484 0.004802904190954151 0.28493849738385585
2007al CMFGEN 1.02 True 12938.077 38 0.0122 54150.43026142626 0.10447850224227295 3.1304116400815394e-10 5.790617414092537e-12 0.8702091240025808 0.00695267671154761 0.03612839183245699
2007al CMFGEN 1.04 True 7792.206 38 0.0122 54155.0235515246 0.090036047527974 6.970137013069243e-10 1.2809159233138322e-11 1.112213351116974 0.007042389940779424 0.03612839183245699
2007al CMFGEN 1.4 True 15855.721 38 0.0122 54147.61818550858 0.11120401602966012 1.6415574000904393e-10 3.0758537090821267e-12 0.6532872427082111 0.006986837710451757 0.03612839183245699
2007al CMFGEN 1.7 True 6466.7437 38 0.0122 54154.011126104204 0.09422309525325545 9.55331113913912e-10 1.7560475852857244e-11 1.231485156417363 0.006953541903664259 0.03612839183245699
2007as CMFGEN 1.02 True 25015.553 48 0.0176 54163.07970677727 0.03988129923527595 3.4855351005098506e-10 2.3485974686970833e-12 0.3998683347597698 0.002283020427284507 0.12248805092706036
2007as CMFGEN 1.04 True 24550.826 48 0.0176 54166.749979169435 0.03574637175552198 6.376523351925893e-10 4.333178126660389e-12 0.5749336274247839 0.002298515225557567 0.12248805092706036
2007as CMFGEN 1.4 True 27567.729 48 0.0176 54161.662993208454 0.03926671533554327 1.9536920801499797e-10 1.2944751194403343e-12 0.22192377924109882 0.0022582965056488708 0.12248805092706036
2007as CMFGEN 1.7 True 39440.9 48 0.0176 54165.54449736539 0.03834336133513716 7.848455525589652e-10 5.818714887517048e-12 0.6568681991355467 0.002495956099023092 0.12248805092706036
2007ax CMFGEN 1.02 True 21424.736 27 0.0069 54168.275764839804 0.05566652325433097 5.78605846022294e-10 6.118171098052057e-12 0.6864400105721904 0.0037586321204616394 0.046269740179905226
2007ax CMFGEN 1.04 True 151818.5 27 0.0069 54245.70482499999 6.302965630311519e-06 5.023343743283335e-11 9.096150352914046e-13 -2.601973953786562 0.006098263343871678 0.046269740179905226
2007ax CMFGEN 1.4 True 24965.482 27 0.0069 54164.625051222625 0.08255292295871186 3.5435279114278615e-10 3.797261901922584e-12 0.5125019344413353 0.0037926181136677434 0.046269740179905226
2007ax CMFGEN 1.7 True 11555.416 27 0.0069 54171.36357035406 0.042691695103712846 1.4588779236038657e-09 1.6848040799505803e-11 0.9811126854614425 0.004173227591656555 0.046269740179905226
2007ba CMFGEN 1.02 True 7486.4277 38 0.0385 54176.92004272561 0.06407741953444201 7.613135619805395e-11 1.3045988479297114e-12 0.5525095091275929 0.005421627961073397 0.03157813338813755
2007ba CMFGEN 1.04 True 6784.996 38 0.0385 54180.924298120925 0.053483773044717964 1.4947555033122185e-10 2.7632379403533594e-12 0.758286133939128 0.005854888258032484 0.03157813338813755
2007ba CMFGEN 1.4 True 6811.2603 38 0.0385 54175.1164205607 0.0651360333977209 4.939762311277931e-11 8.182985501972542e-13 0.4088818450945981 0.005220502945926652 0.03157813338813755
2007ba CMFGEN 1.7 True 8975.409 38 0.0385 54179.729124021476 0.05718966695712879 1.5731504082708255e-10 3.4567520209645167e-12 0.7856932093367578 0.006987466495195524 0.03157813338813755
2007bc CMFGEN 1.02 True 29369.674 38 0.0208 54181.206561415886 0.0390084604769072 2.1535248316366834e-10 1.719294106718572e-12 0.35209201736757345 0.002719749563307729 0.018619780482354808
2007bc CMFGEN 1.04 True 29823.564 38 0.0208 54184.95062930056 0.033104467311204644 3.6908348750111856e-10 2.929793582935073e-12 0.5153262075359183 0.0027215821858104735 0.018619780482354808
2007bc CMFGEN 1.4 True 27090.504 38 0.0208 54179.358246161544 0.039763338510965696 1.329368732176946e-10 1.0491935812096402e-12 0.19347828348078797 0.0026706492234459347 0.018619780482354808
2007bc CMFGEN 1.7 True 44569.477 38 0.0208 54183.796977960264 0.03587411605985835 4.5035789001598453e-10 3.776204799859386e-12 0.6019677276951744 0.0029002058560659003 0.018619780482354808
2007bd CMFGEN 1.02 True 9486.485 32 0.0309 54188.741416794735 0.021049527731520357 7.041117879206522e-11 6.428239357948584e-13 0.20616613618427815 0.003004754503855051 0.029214747850011574
2007bd CMFGEN 1.04 True 91529.68 32 0.0309 54148.38443095677 0.23851197091426002 4.739090734065888e-10 8.274178729520673e-12 0.3957933475909652 0.004232272212989279 0.029214747850011574
2007bd CMFGEN 1.4 True 9088.443 32 0.0309 54187.54329591616 0.022222433406568598 4.563373782046172e-11 4.1431188966925875e-13 0.07345132381257238 0.0029767094180034 0.029214747850011574
2007bd CMFGEN 1.7 True 17241.61 32 0.0309 54190.11757076301 0.01830623784553609 1.181912297388382e-10 1.1505658927061268e-12 0.3631930370131109 0.0032069245293024394 0.029214747850011574
2007ca CMFGEN 1.02 True 15865.429 37 0.0141 54209.73977633543 0.01863344863159 3.7739136229850004e-10 1.9470117452941913e-12 0.4445380934971141 0.0018161088192779474 0.057476889787346504
2007ca CMFGEN 1.04 True 164275.4 37 0.0141 54147.18153624421 0.21805429994492442 1.3377707790025128e-08 1.764032037582904e-10 0.8854872654262561 0.002913503469652846 0.057476889787346504
2007ca CMFGEN 1.4 True 151722.48 37 0.0141 54127.700912626926 0.2607728233997477 5.180325618984459e-09 6.76731076710217e-11 0.5832618784878086 0.002798023406033924 0.057476889787346504
2007ca CMFGEN 1.7 True 48912.535 37 0.0141 54211.23283881025 0.016513687140104594 5.520862497661316e-10 3.0761624300703686e-12 0.5591133592443269 0.0019370957331261867 0.057476889787346504
2007cg CMFGEN 1.02 True 732.3219 18 0.0332 54210.98665956972 0.23682128564905724 1.6176785428572854e-10 2.7110357010952942e-12 0.786638762777964 0.0077608827438282665 0.07048681940892096
2007cg CMFGEN 1.4 True 500.70212 18 0.0332 54210.66138295289 0.2121542644345027 9.976873474620842e-11 1.800733760707389e-12 0.6562313257596577 0.00820445125212892 0.07048681940892096
2007cg CMFGEN 1.7 False 6853.746 18 0.0332 54221.87906949943 180.40506482342244 7.13523245003259e-10 1.0000436276309728 1.44362324699941 1.0000009999995 0.07048681940892096
2007hj CMFGEN 1.02 True 97369.055 79 0.0141 54327.693358848235 0.041635690209659515 6.647280468836726e-10 3.099384830969547e-12 0.6377654608081176 0.0017593349792964222 0.0757651475075587
2007hj CMFGEN 1.4 True 99885.55 79 0.0141 54325.79272997447 0.035116737952193944 3.444676342968371e-10 1.6202093290779199e-12 0.4244051514700284 0.0017460188488247078 0.0757651475075587
2007hj CMFGEN 1.7 True 86439.67 79 0.0141 54333.59649275189 0.028629329870454967 1.643584312727793e-09 8.592337807004934e-12 0.9755850316650911 0.0019104813153196418 0.0757651475075587
2007hx CMFGEN 1.02 True 333.4302 23 0.0794 54334.44320531368 0.18936589049189934 1.0696378273762523e-11 2.8898430779482417e-13 0.29743882222789253 0.008838657047284747 0.030162738476570965
2007hx CMFGEN 1.04 True 1233.6599 23 0.0794 54326.198711542405 0.27405089991589193 1.953589515722541e-11 4.774577271701371e-13 0.31427189320903115 0.007816503300690626 0.030162738476570965
2007hx CMFGEN 1.4 True 225.33789 23 0.0794 54332.20605137524 0.20461055168925668 7.352418167707762e-12 2.0132546460251057e-13 0.17149330225878567 0.00908573383432125 0.030162738476570965
2007hx CMFGEN 1.7 True 1160.7184 23 0.0794 54337.62398053343 0.14346147169271717 1.5957371917353048e-11 4.70874383631513e-13 0.44303196216636165 0.00953204330829605 0.030162738476570965
2007if CMFGEN 1.02 True 1920.057 42 0.0742 54327.81240573249 0.11446955959763727 7.358343945297926e-11 6.76172174759962e-13 0.3195669953763468 0.004172660152458359 0.0710264807303712
