results/band_fits/u_g_r_Y_H.ecsv
# %ECSV 0.9
# ---
# datatype:
# - {name: object ID, datatype: string}
# - {name: model, datatype: string}
# - {name: version, datatype: string}
# - {name: success, datatype: bool}
# - {name: chisq, datatype: float32}
# - {name: ndof, datatype: int32}
# - {name: z, datatype: float64}
# - {name: t0, datatype: float64}
# - {name: t0_err, datatype: float64}
# - {name: x0, datatype: float64}
# - {name: x0_err, datatype: float64}
# - {name: hostebv, datatype: float64}
# - {name: hostebv_err, datatype: float64}
# - {name: mwebv, datatype: float64}
# meta:
#   bands: [csp_dr3_u, csp_dr3_g, csp_dr3_r, csp_dr3_Y, csp_dr3_H]
# schema: astropy-2.0
"object ID" model version success chisq ndof z t0 t0_err x0 x0_err hostebv hostebv_err mwebv
[from data line 86]
2006mr CMFGEN 1.04 False 271734.4 112 0.0059 53958.619883661224 218.72673486999702 1.121087892402408e-09 1.000002619367531 0.13156035197354923 1.000002739107021 0.01798173198598729
2006mr CMFGEN 1.4 True 86534.32 112 0.0059 54026.57602244427 0.06912519112302107 7.003683904065849e-10 4.510856722773563e-12 0.5571144038573984 0.002228484627324996 0.01798173198598729
2006mr CMFGEN 1.7 True 65579.76 112 0.0059 54035.05504460023 0.03332124360531452 4.165367257366446e-09 2.5588294546262157e-11 1.1401833448556573 0.0023189469569945167 0.01798173198598729
2006ob CMFGEN 1.02 True 3250.3704 29 0.0592 54041.12186333429 0.12972428835564642 1.466094500500811e-11 3.7760884275221145e-13 0.15849001649503766 0.008542958102263855 0.028481219035194537
2006ob CMFGEN 1.04 True 3607.1418 29 0.0592 54046.0687810822 0.09955538518624962 2.955909103389613e-11 7.357473486340665e-13 0.39287457901997275 0.008250704661561142 0.028481219035194537
2006ob CMFGEN 1.4 True 3004.6582 29 0.0592 54039.063990108734 0.12968903087312356 8.654452768484052e-12 2.342688917499031e-13 -0.013627887806062697 0.008916686490693784 0.028481219035194537
2006ob CMFGEN 1.7 True 4485.391 29 0.0592 54044.848214559584 0.10383876862397301 2.8319780185775726e-11 7.23900837617482e-13 0.3879389543215152 0.008418135414289082 0.028481219035194537
2006os CMFGEN 1.02 True 4087.9194 52 0.0328 54044.96538778303 0.1094355726017966 1.4367846736036781e-10 1.7420389387515373e-12 0.6518637372846856 0.004544497391694395 0.12540838006801724
2006os CMFGEN 1.04 True 6782.68 52 0.0328 54050.66991324561 0.07048304188720067 2.711680854213019e-10 3.5788487984237233e-12 0.873567328397304 0.004867559718977283 0.12540838006801724
2006os CMFGEN 1.4 True 3446.2488 52 0.0328 54042.93677475601 0.09917183262950857 8.66660226037807e-11 1.0562254911983462e-12 0.4838865464963776 0.004559731132121396 0.12540838006801724
2006os CMFGEN 1.7 True 10587.361 52 0.0328 54049.48610593134 0.0745614868174016 2.7815467071205784e-10 3.950793836877016e-12 0.8918196293954496 0.005176696743757512 0.12540838006801724
2006ot CMFGEN 1.02 True 4082.3362 57 0.0531 54046.5357541238 0.12667196579786832 5.1375404489488713e-11 7.657309515542636e-13 0.45537484669940337 0.005268888897696679 0.015213385022200876
2006ot CMFGEN 1.04 True 5803.385 57 0.0531 54033.965366562064 0.1483932115152129 1.3181196803136698e-10 1.845096459085752e-12 0.48441693233824534 0.00496403960042598 0.015213385022200876
2006ot CMFGEN 1.4 True 3204.074 57 0.0531 54044.581410590814 0.12447640446043806 3.377745754625551e-11 5.030882839005111e-13 0.31757754152083306 0.005365870352072527 0.015213385022200876
2006ot CMFGEN 1.7 True 10036.877 57 0.0531 54049.93160870927 0.09581321831137757 7.282552706014684e-11 1.268008764282117e-12 0.583366393575472 0.005910843121866655 0.015213385022200876
2007A CMFGEN 1.02 True 10773.13 37 0.0177 54052.80938393836 0.3258560836511606 4.3697994318203314e-10 7.1719587755815485e-12 -0.10186070239117326 0.0030140868247365113 0.06339063743510513
2007A CMFGEN 1.04 True 6870.5176 37 0.0177 54098.09686851343 0.029940339980385033 4.282778984420219e-10 4.177766183101126e-12 0.43271234773702877 0.0035358362421391933 0.06339063743510513
2007A CMFGEN 1.4 True 9123.543 37 0.0177 54049.34748581317 0.32466269762517186 2.596712996679122e-10 4.200213524471345e-12 -0.27225373797709634 0.0032896759930902708 0.06339063743510513
2007A CMFGEN 1.7 True 6605.787 37 0.0177 54097.21494236295 0.030256100977567257 3.681340415808004e-10 3.542892482622382e-12 0.38562926445909296 0.003474481139933186 0.06339063743510513
2007N CMFGEN 1.02 True 32574.643 75 0.0129 54089.670697097274 0.07351363659108756 5.261331247680228e-10 3.52952844146576e-12 0.9560731910672585 0.0028355147606119553 0.03466644583272683
2007N CMFGEN 1.04 True 25464.416 75 0.0129 54107.25196015683 0.06680170619802084 1.0863167712076367e-09 9.172439667228045e-12 1.3673795099691441 0.0033877937840673896 0.03466644583272683
2007N CMFGEN 1.4 True 37810.07 75 0.0129 54089.82570086815 0.09556886020800448 3.1026712591250467e-10 2.357516572105108e-12 0.8309396239207797 0.0032221132471714725 0.03466644583272683
2007N CMFGEN 1.7 True 17372.545 75 0.0129 54105.72785719156 0.0765000157916802 1.8351121284811804e-09 1.581251910065466e-11 1.5538227217946283 0.003330548956830412 0.03466644583272683
2007S CMFGEN 1.02 True 185377.78 99 0.0139 54100.03206975519 0.04761793507714174 9.547269128086423e-10 4.140266891250885e-12 0.4880553878250055 0.0017458016152367478 0.023917370294342193
2007S CMFGEN 1.04 True 35906.434 99 0.0139 54129.03626390728 0.0152434348819952 1.8128154045096135e-09 7.53074706234385e-12 0.8537150970041167 0.0015190767358918384 0.023917370294342193
2007S CMFGEN 1.4 True 186458.6 99 0.0139 54098.58939686378 0.05606504932802636 5.842486721854267e-10 2.604633089025699e-12 0.3525456292577665 0.001813205474874417 0.023917370294342193
2007S CMFGEN 1.7 True 62761.348 99 0.0139 54128.24793530167 0.016109597570903134 1.8140481841363238e-09 7.987638897707165e-12 0.8712345432906246 0.0015920607791764755 0.023917370294342193
2007af CMFGEN 1.02 True 77533.35 160 0.0055 54157.07711027507 0.013568009500886546 5.1885883893798385e-09 1.185808476362839e-11 0.6112383970745021 0.0009407559214233517 0.03369874683150666
2007af CMFGEN 1.04 True 69584.1 160 0.0055 54159.776262917745 0.00886185954004759 1.1543259103714757e-08 2.5470340009170447e-11 0.8238947457090471 0.0008918733404245384 0.03369874683150666
2007af CMFGEN 1.4 True 91587.08 160 0.0055 54155.05185023689 0.016725669560401002 3.151568220194489e-09 7.361999073306303e-12 0.46263175522307304 0.0009599935981134458 0.03369874683150666
2007af CMFGEN 1.7 True 127563.66 160 0.0055 54159.60516832017 0.009046080140251433 1.3398847533667992e-08 2.9725351064317366e-11 0.894989122768592 0.0008906930635558961 0.03369874683150666
2007ai CMFGEN 1.02 True 3216.1855 47 0.0317 54156.43139056181 0.08923073302503326 1.1754497931961212e-10 1.782532499875257e-12 0.44196806124705323 0.0051260018582661715 0.28493849738385585
2007ai CMFGEN 1.04 True 4370.3403 47 0.0317 54160.28789022606 0.0688768620857445 2.0090654416540844e-10 3.1786613471004776e-12 0.6086783497881542 0.005340441650423483 0.28493849738385585
2007ai CMFGEN 1.4 True 3028.5103 47 0.0317 54154.54450375762 0.09330676819445216 7.628037975374211e-11 1.1783055718445967e-12 0.30205062506433344 0.005248288936866529 0.28493849738385585
2007ai CMFGEN 1.7 True 5294.637 47 0.0317 54159.30308971479 0.07208990061917575 1.9578466171038921e-10 3.0844630210273957e-12 0.611878313378633 0.005335705015517825 0.28493849738385585
2007al CMFGEN 1.02 True 17365.426 56 0.0122 54143.45948841504 0.21791239064987167 3.7415231976912545e-10 4.750252399391727e-12 0.8350389862877469 0.004706307726739576 0.03612839183245699
2007al CMFGEN 1.04 True 13066.736 56 0.0122 54154.75822518604 0.10990683613999863 7.384741237141086e-10 9.836479830306113e-12 1.1302500472998314 0.005568457244867073 0.03612839183245699
2007al CMFGEN 1.4 True 19383.322 56 0.0122 54141.70026469823 0.16621075192961143 2.168258319716932e-10 2.9213790412898234e-12 0.6751038666032461 0.0049804506898933065 0.03612839183245699
2007al CMFGEN 1.7 True 10003.788 56 0.0122 54152.789544389205 0.12283966826362303 1.6711500995305576e-09 2.4679120405905994e-11 1.4247037310395105 0.006061537672430932 0.03612839183245699
2007as CMFGEN 1.02 True 27456.418 75 0.0176 54163.05334375452 0.03934770580235636 3.9033958860548366e-10 2.246270301047749e-12 0.4376786818096427 0.002008919179115773 0.12248805092706036
2007as CMFGEN 1.04 True 27698.676 75 0.0176 54166.78027829462 0.03547418472589925 7.301340360554432e-10 4.344926304021102e-12 0.6206892745675895 0.002058864244337308 0.12248805092706036
2007as CMFGEN 1.4 True 31290.244 75 0.0176 54161.53665020261 0.03838226231164299 2.30092407911381e-10 1.3610053756893654e-12 0.27545080139205974 0.002080141717755451 0.12248805092706036
2007as CMFGEN 1.7 True 44986.688 75 0.0176 54165.645321571355 0.03860433020963683 7.973617183194087e-10 4.784325038073592e-12 0.6635656393517786 0.002044938178772348 0.12248805092706036
2007ax CMFGEN 1.02 True 38536.277 45 0.0069 54167.89543759062 0.060909278738108696 8.382096481342153e-10 6.754514936805099e-12 0.81139860693145 0.003049207896575977 0.046269740179905226
2007ax CMFGEN 1.04 True 29824.082 45 0.0069 54172.30426119104 0.03989971172995865 1.814377583678962e-09 1.5225668557846475e-11 1.0516833264418681 0.0032033200805220933 0.046269740179905226
2007ax CMFGEN 1.4 True 37234.28 45 0.0069 54153.55908690318 0.07987043789034942 6.602720541827401e-10 4.961967782333631e-12 0.5815450578482768 0.0030420668712624293 0.046269740179905226
2007ax CMFGEN 1.7 True 28236.756 45 0.0069 54171.77535365471 0.045888512606325094 2.523347242144776e-09 2.2950099498287776e-11 1.1819089028534662 0.003492714357091132 0.046269740179905226
2007ba CMFGEN 1.04 True 8758.824 60 0.0385 54181.36579937493 0.05151391340768896 2.1778679056578192e-10 2.6532685858930874e-12 0.8771026529701802 0.004076096278840279 0.03157813338813755
2007ba CMFGEN 1.4 True 7873.13 60 0.0385 54175.318444402845 0.06547030849469593 7.181480061683793e-11 8.203681797722063e-13 0.523579651034971 0.0038634620619158915 0.03157813338813755
2007bc CMFGEN 1.02 True 31411.3 53 0.0208 54181.23040986079 0.03909570302494103 2.4730152148090617e-10 1.8173955455323615e-12 0.3982540656119952 0.0025481454593536796 0.018619780482354808
2007bc CMFGEN 1.04 True 33146.582 53 0.0208 54185.0671037287 0.03242869063979015 4.3654273425276625e-10 3.3127707949396898e-12 0.5718574952577625 0.0026497680707730405 0.018619780482354808
2007bc CMFGEN 1.4 True 29401.373 53 0.0208 54179.35436065786 0.039933709165779874 1.5368928103145076e-10 1.1292127715196995e-12 0.24142669390997817 0.0025340915966270737 0.018619780482354808
2007bc CMFGEN 1.7 True 49559.82 53 0.0208 54183.938508443374 0.035266586375655606 5.171002437326185e-10 4.058182813067108e-12 0.6493706959087145 0.0027458718712414735 0.018619780482354808
2007bd CMFGEN 1.02 True 92248.61 58 0.0309 54136.946925025295 0.32153626937724766 2.679134456778027e-10 5.034174739885982e-12 0.19203577286791101 0.004135178775957578 0.029214747850011574
2007bd CMFGEN 1.04 True 14074.64 58 0.0309 54191.07665976897 0.016776173772086622 1.3299525352354598e-10 1.2025852390146203e-12 0.3834899260092068 0.003017242566309993 0.029214747850011574
2007bd CMFGEN 1.4 True 91245.85 58 0.0309 54133.87777785358 0.32384402321258676 1.6609343179802455e-10 2.9493115796104917e-12 0.05514521361517172 0.00406526576099264 0.029214747850011574
2007bd CMFGEN 1.7 True 20104.238 58 0.0309 54190.15730467116 0.018189666494436096 1.3204594446635547e-10 1.228729881646768e-12 0.3987630265620504 0.0031119467033533603 0.029214747850011574
2007bm CMFGEN 1.02 True 34267.652 36 0.0062 54205.72667540701 0.036623205262003466 5.713187757791239e-09 1.786289483985285e-11 0.8809802557649413 0.0012630298253812381 0.03528625339363651
2007bm CMFGEN 1.04 True 33466.938 36 0.0062 54209.11604556904 0.05973857269418659 1.0391144328420498e-08 3.223251038145677e-11 1.0502463921492082 0.0013071791965948568 0.03528625339363651
2007bm CMFGEN 1.4 True 36513.562 36 0.0062 54204.17379544518 0.03502172631851863 3.722386167145788e-09 1.2389303965069194e-11 0.7486329189306906 0.001326165934863997 0.03528625339363651
2007bm CMFGEN 1.7 True 67542.85 36 0.0062 54210.643956435946 0.04802167936213664 1.1353425318166394e-08 4.1380562259847647e-11 1.1319337945763213 0.001686677172909986 0.03528625339363651
2007ca CMFGEN 1.02 True 181912.38 55 0.0141 54161.065976445236 0.15116812879932695 1.0608251605819965e-09 9.16936655505006e-12 0.2529430384492493 0.001880528720717224 0.057476889787346504
2007ca CMFGEN 1.04 True 187458.23 55 0.0141 54170.07445589918 0.16472561192858848 1.9387519301639504e-09 1.7115967762124172e-11 0.44643315677999806 0.0016922044604529586 0.057476889787346504
2007ca CMFGEN 1.4 True 176606.75 55 0.0141 54158.455949319876 0.15520689659024356 6.384399375752154e-10 5.389227335803158e-12 0.10761078057109336 0.0019151723204164544 0.057476889787346504
2007ca CMFGEN 1.7 True 185429.14 55 0.0141 54168.5237125405 0.09112306133101811 4.179025700562761e-09 2.441573177501832e-11 0.701424972413772 0.0015652366455351564 0.057476889787346504
2007hj CMFGEN 1.02 True 99676.484 135 0.0141 54328.63907554312 0.041303771336970385 6.107191520191006e-10 2.360726573235982e-12 0.6215519079915988 0.0013911183234750068 0.0757651475075587
2007hj CMFGEN 1.04 True 72673.09 135 0.0141 54334.69620919449 0.02606486109289108 1.2437725057300347e-09 4.868620283310463e-12 0.8640195596683606 0.0014464781730931873 0.0757651475075587
2007hj CMFGEN 1.4 True 102783.42 135 0.0141 54326.36332238678 0.03584467510518152 3.442450676069434e-10 1.35606717840403e-12 0.432096728138944 0.0014517712622009763 0.0757651475075587
2007hj CMFGEN 1.7 True 86388.8 135 0.0141 54333.61266537409 0.02845524967779056 1.959184815310537e-09 8.990843836170891e-12 1.0392124183480187 0.0016931821827569317 0.0757651475075587
2007if CMFGEN 1.02 True 1954.9153 42 0.0742 54329.12110311448 0.19838623013856704 6.924822578122527e-11 8.062204611624834e-13 0.3217021135632695 0.004302986689733925 0.0710264807303712
2007if CMFGEN 1.04 True 4385.6724 42 0.0742 54327.498807067386 0.1245688427479763 1.626707172290316e-10 2.013981950736325e-12 0.49424427988473263 0.0035922037055372735 0.0710264807303712
2007if CMFGEN 1.4 True 1149.8041 42 0.0742 54329.95174155779 0.15457138019337435 4.110165739262054e-11 4.72946426724738e-13 0.2014211775863015 0.0047836473409115215 0.0710264807303712
2007if CMFGEN 1.7 True 8658.087 42 0.0742 54336.22789864614 0.27240462841655244 9.522623692057741e-11 1.4487158236212712e-12 0.5096051009313893 0.0041671446180957 0.0710264807303712
2007jg CMFGEN 1.02 True 5448.1284 41 0.0371 54346.28772828893 0.053472404837521026 4.990179495808142e-11 5.470018316388279e-13 0.24921450758691868 0.003428551614635847 0.09127945747595989
2007jg CMFGEN 1.04 True 8376.643 41 0.0371 54350.44116618149 0.04089260597538669 8.523149293969176e-11 9.733030976470648e-13 0.4189183494324794 0.0035272531194959723 0.09127945747595989
2007jg CMFGEN 1.4 True 4524.497 41 0.0371 54344.70198673792 0.05251046555349603 3.234837293358442e-11 3.5024904516449415e-13 0.11083187303298325 0.0033864740978709297 0.09127945747595989
2007jg CMFGEN 1.7 True 12754.28 41 0.0371 54348.9986007362 0.044855575793917524 7.553310838007355e-11 9.267762470929592e-13 0.3864055148873618 0.003776276057766717 0.09127945747595989
2007le CMFGEN 1.02 True 69145.45 123 0.0067 54382.13086732057 0.015984346562618157 4.773123576194456e-09 1.0880372254727018e-11 0.7202646353875488 0.0009195327220374724 0.02875745688753973
2007le CMFGEN 1.04 True 72550.36 123 0.0067 54384.85005450646 0.010587255372229265 1.018166726848625e-08 2.297685347349293e-11 0.9253428968650061 0.0009027650487846972 0.02875745688753973
2007le CMFGEN 1.4 True 74538.1 123 0.0067 54380.301960758254 0.01955268934398191 3.0012076130984644e-09 7.105227260244256e-12 0.5809301456220847 0.0009575470866688936 0.02875745688753973
2007le CMFGEN 1.7 True 145797.81 123 0.0067 54384.194715866186 0.011092796092270873 1.0321017303988894e-08 2.3566156906478637e-11 0.9489954573928128 0.0009002886526061126 0.02875745688753973
2007nq CMFGEN 1.02 True 12971.992 81 0.045 54379.17726704409 0.0674609401539783 4.639693225613677e-11 5.069751373143655e-13 0.3375426858734442 0.0037555378212056102 0.03048465300562326
2007nq CMFGEN 1.04 True 12887.723 81 0.045 54383.338281367855 0.06326429037653725 9.721090763797503e-11 1.0773640945699667e-12 0.5689666266487916 0.003716126015929411 0.03048465300562326
2007nq CMFGEN 1.4 True 13393.839 81 0.045 54377.5434724932 0.06400974074858823 2.4938613460028572e-11 2.8157144629581535e-13 0.14276260482177838 0.003902011496965617 0.03048465300562326
