results/band_fits/u_g_r.ecsv
# %ECSV 0.9
# ---
# datatype:
# - {name: object ID, datatype: string}
# - {name: model, datatype: string}
# - {name: version, datatype: string}
# - {name: success, datatype: bool}
# - {name: chisq, datatype: float32}
# - {name: ndof, datatype: int32}
# - {name: z, datatype: float64}
# - {name: t0, datatype: float64}
# - {name: t0_err, datatype: float64}
# - {name: x0, datatype: float64}
# - {name: x0_err, datatype: float64}
# - {name: hostebv, datatype: float64}
# - {name: hostebv_err, datatype: float64}
# - {name: mwebv, datatype: float64}
# meta:
#   bands: [csp_dr3_u, csp_dr3_g, csp_dr3_r]
# schema: astropy-2.0
"object ID" model version success chisq ndof z t0 t0_err x0 x0_err hostebv hostebv_err mwebv
[from data line 514]
2009cz CMFGEN 1.02 True 2423.6882 21 0.0211 54925.193649293644 0.032937886393483495 1.488235179542543e-10 1.1962390989034568e-12 0.13057164373335536 0.00272171369893147 0.022280159832036444
2009cz CMFGEN 1.04 True 9310.238 21 0.0211 54928.12204508973 0.028547146226628684 2.565285179665577e-10 2.074233807554078e-12 0.2976841979729707 0.0027211336971360808 0.022280159832036444
2009cz CMFGEN 1.4 True 956.62256 21 0.0211 54923.44224804027 0.035470262369926786 1.0483619285992705e-10 8.233295423858465e-13 0.019729119613505805 0.0026633874191519485 0.022280159832036444
2009cz CMFGEN 1.7 True 9811.299 21 0.0211 54927.29176408676 0.029110107552696718 2.2887789449462622e-10 1.8660829306788588e-12 0.26654016984939877 0.002741902765435203 0.022280159832036444
2009dc CMFGEN 1.02 True 15758.265 27 0.0214 54930.358934959324 0.02479034921634593 3.0831692289817173e-10 1.9111855911477283e-12 0.1367608483876781 0.00209178059263896 0.0601626563528406
2009dc CMFGEN 1.04 True 31008.053 27 0.0214 54933.49968592769 0.019380874011403648 5.096172859553985e-10 3.066155592956101e-12 0.28429767089513663 0.001997345429099306 0.0601626563528406
2009dc CMFGEN 1.4 True 8142.5386 27 0.0214 54928.71302280525 0.026663213106076 1.9790944250701133e-10 1.2093480111990712e-12 -0.005351993258557933 0.0020685919869766855 0.0601626563528406
2009dc CMFGEN 1.7 True 34346.32 27 0.0214 54932.470252361345 0.02034638641634956 4.833126686571337e-10 2.988539774708866e-12 0.2791261010514347 0.002057026559903467 0.0601626563528406
2009ds CMFGEN 1.02 True 239.06995 24 0.0193 54943.40780911715 0.04777454175200546 1.9185958341920275e-10 2.1632282397868023e-12 0.13035375738441507 0.003244226728137559 0.03346943379780617
2009ds CMFGEN 1.04 True 638.35736 24 0.0193 54945.91373974373 0.0422158139590465 2.777620928669176e-10 3.1229834045383854e-12 0.24943924975042733 0.0032143797462005456 0.03346943379780617
2009ds CMFGEN 1.4 True 347.36505 24 0.0193 54942.09388842082 0.05001511548834969 1.5614672961893065e-10 1.7790166829017732e-12 0.060566730770123096 0.0032863833582092456 0.03346943379780617
2009ds CMFGEN 1.7 True 426.9907 24 0.0193 54944.7962139736 0.0437220155254181 2.4633549244107396e-10 2.7490107020863694e-12 0.2143351227889682 0.003199170290652068 0.03346943379780617
2009le CMFGEN 1.02 True 1637.8964 24 0.0178 55148.40315256953 0.01678583303146297 2.542094525152355e-10 1.983381696818232e-12 0.17146330562517798 0.002161828621569479 0.014164773316496019
2009le CMFGEN 1.04 True 1407.1969 24 0.0178 55149.71685317948 0.013959572705061873 3.0143315657278333e-10 2.406147400849224e-12 0.2338291121937529 0.0022172972950224067 0.014164773316496019
2009le CMFGEN 1.4 True 358.06934 24 0.0178 55147.1928244346 0.015338376208092086 1.9639005214289807e-10 1.573827519551862e-12 0.087499800965426 0.0022304328891915495 0.014164773316496019
2009le CMFGEN 1.7 True 1833.4568 24 0.0178 55148.93795953538 0.015222053611068986 2.8374253924734685e-10 2.255142255271269e-12 0.21730003136795475 0.002197617529441281 0.014164773316496019
2010ae CMFGEN 1.02 True 40.6895 1 0.0037 55257.57163032266 0.49721883307938697 3.9736055307391734e-10 5.913261989275564e-11 1.273524089944822 0.05985179619281104 0.12128018218128381
2010ae CMFGEN 1.4 True 6.742806 1 0.0037 55221.640666371895 2.241468522552168 4.6176170620053697e-10 9.255487778115972e-11 0.939869543676855 0.06166961745193386 0.12128018218128381
2010ae CMFGEN 1.7 True 9.730642 1 0.0037 55261.84277962064 0.294857754597615 6.45598486891995e-10 9.306313680953357e-11 1.3570483581374266 0.057357975761556705 0.12128018218128381
