results/band_fits/u_g_r_H.ecsv
# %ECSV 0.9
# ---
# datatype:
# - {name: object ID, datatype: string}
# - {name: model, datatype: string}
# - {name: version, datatype: string}
# - {name: success, datatype: bool}
# - {name: chisq, datatype: float32}
# - {name: ndof, datatype: int32}
# - {name: z, datatype: float64}
# - {name: t0, datatype: float64}
# - {name: t0_err, datatype: float64}
# - {name: x0, datatype: float64}
# - {name: x0_err, datatype: float64}
# - {name: hostebv, datatype: float64}
# - {name: hostebv_err, datatype: float64}
# - {name: mwebv, datatype: float64}
# meta:
#   bands: [csp_dr3_u, csp_dr3_g, csp_dr3_r, csp_dr3_H]
# schema: astropy-2.0
"object ID" model version success chisq ndof z t0 t0_err x0 x0_err hostebv hostebv_err mwebv
2004ef CMFGEN 1.02 True 452390.03 130 0.031 53223.801603372754 0.025512600645015482 1.1969628857008545e-10 5.770463676934639e-13 0.29221074336431646 0.0015869236279549494 0.04722849348904677
2004ef CMFGEN 1.04 True 94580.18 130 0.031 53248.448036158115 0.009141624115727609 1.564053631790915e-10 6.203528791532965e-13 0.5206254684304978 0.0012942049837037434 0.04722849348904677
2004ef CMFGEN 1.4 True 79377.914 130 0.031 53243.855914933876 0.01189660558156902 5.420718654769877e-11 2.0561313764805517e-13 0.20445931758521593 0.0012407134540745998 0.04722849348904677
2004ef CMFGEN 1.7 True 138415.16 130 0.031 53247.44388927617 0.009842828658293001 1.5677387441221775e-10 6.588107613286891e-13 0.5376498122990265 0.0013778526444824552 0.04722849348904677
2004eo CMFGEN 1.02 True 1503829.5 119 0.0157 53106.442427175505 0.09774634103450808 2.606114776512834e-07 1.0609828046250127e-09 1.4506515491968 0.0010300193412492214 0.09289687254685808
2004eo CMFGEN 1.04 True 166843.7 119 0.0157 53262.9072876835 0.003400382545805769 8.547705924658306e-10 2.40770442547911e-12 0.5417792314602733 0.0009611587039537944 0.09289687254685808
2004eo CMFGEN 1.4 True 1499938.2 119 0.0157 53187.21778777639 0.22338556633258122 1.234480883620352e-09 1.750677773994676e-11 0.2732292441448067 0.0032520608741731546 0.09289687254685808
2004eo CMFGEN 1.7 True 220117.66 119 0.0157 53262.2415666471 0.0038588984170928597 8.87313125020642e-10 2.6065729441785956e-12 0.5718295456365253 0.001006530130949152 0.09289687254685808
2004ey CMFGEN 1.02 True 394387.25 94 0.0158 53264.73593723323 0.032752013627032284 6.523807748217543e-10 2.873594279792331e-12 0.16454842380390622 0.001458650880760398 0.11818709721249746
2004ey CMFGEN 1.04 True 68565.45 94 0.0158 53288.828411533774 0.01062735409141169 5.04767389868854e-10 1.7792483867155258e-12 0.26261267190350823 0.0011258313739712093 0.11818709721249746
2004ey CMFGEN 1.7 True 102926.93 94 0.0158 53287.84249128533 0.011380634077795548 5.046641297078102e-10 1.829479370577886e-12 0.2748621020816152 0.001161825699488044 0.11818709721249746
2004gs CMFGEN 1.02 True 40180.246 122 0.0267 53335.60144172249 0.039031333311868366 9.877805308462655e-11 7.839506684954019e-13 0.49069815003901585 0.0027095525230155073 0.026477202576998395
2004gs CMFGEN 1.04 True 32361.734 122 0.0267 53339.91659303218 0.032832528675498907 2.0387147392686175e-10 1.564546280322378e-12 0.7060415365780724 0.0026525175583183825 0.026477202576998395
2004gs CMFGEN 1.4 True 45578.5 122 0.0267 53333.82073900811 0.03993402703781612 5.4120622391144095e-11 4.321070317970925e-13 0.30550766365352106 0.002696799682683291 0.026477202576998395
2004gs CMFGEN 1.7 True 42849.562 122 0.0267 53339.04859768084 0.034675006067118375 2.5740034160463555e-10 2.0797729986758307e-12 0.7970378402349175 0.002810922530025594 0.026477202576998395
2004gu CMFGEN 1.02 True 5769.0405 64 0.0459 53344.535502267594 0.04113647985650459 5.341648905654486e-11 4.849750106903553e-13 0.29683273770596996 0.0031476439836273227 0.022829520827045438
2004gu CMFGEN 1.04 True 13653.02 64 0.0459 53348.11056201126 0.0331354238151107 1.0143532906898305e-10 9.066821864727656e-13 0.4929348974958148 0.0030848107583261565 0.022829520827045438
2004gu CMFGEN 1.4 True 4660.895 64 0.0459 53342.55815109769 0.04529552231906564 3.221553048816404e-11 2.9322139074799867e-13 0.13519230170758856 0.003142893235385299 0.022829520827045438
2005M CMFGEN 1.02 True 41174.73 170 0.022 53388.077145019175 0.01740676296685706 1.4016963240398174e-10 6.595047916249785e-13 0.18050018144720634 0.0015218486398762864 0.026828269304116723
2005M CMFGEN 1.04 True 62042.582 170 0.022 53390.78316730253 0.014711539373820415 2.30518578899312e-10 1.0816977722884867e-12 0.32050419871014535 0.0015108983271942974 0.026828269304116723
2005M CMFGEN 1.4 True 34058.82 170 0.022 53386.553901340805 0.018498674682632554 9.439806908468787e-11 4.3663833021572004e-13 0.0593849435652775 0.0014909766634999897 0.026828269304116723
2005M CMFGEN 1.7 True 87436.984 170 0.022 53389.79193919064 0.015736217970697908 2.2860176548810356e-10 1.1180934052533434e-12 0.33148910193858167 0.0015799457369879415 0.026828269304116723
2005al CMFGEN 1.02 True 83426.625 112 0.0124 53412.05889052337 0.032296012876031455 4.842412843339695e-10 2.5857741337074885e-12 0.40041734103632914 0.001686849697776342 0.04777394682567044
2005al CMFGEN 1.04 True 72988.695 112 0.0124 53414.99791161938 0.03351893764920533 1.1366803804757363e-09 5.559490672660647e-12 0.640354142197703 0.0015638626732566348 0.04777394682567044
2005al CMFGEN 1.4 True 87524.734 112 0.0124 53410.96892021419 0.03150131241272902 2.615512469017087e-10 1.3691138650362903e-12 0.2162585778690166 0.001642887522607951 0.04777394682567044
2005al CMFGEN 1.7 True 101438.09 112 0.0124 53413.58556465857 0.0403270521601371 1.6272559139509207e-09 9.173890715023797e-12 0.7719208204057199 0.0017620027741288848 0.04777394682567044
2005am CMFGEN 1.02 True 129423.195 98 0.0079 53416.47228418821 0.02751647051627515 2.297611000505418e-09 1.0603822063132819e-11 0.5303709775487815 0.0014683496111598654 0.046124031495588254
2005am CMFGEN 1.04 True 116694.82 98 0.0079 53420.58284578388 0.027573135015700245 5.337461616829454e-09 2.2522502763083224e-11 0.7764851997791928 0.0013921099884424645 0.046124031495588254
2005am CMFGEN 1.4 True 125856.85 98 0.0079 53415.57268982009 0.025734899754752405 1.233576714995298e-09 5.5284944832194645e-12 0.34378049992019893 0.0014114203682093417 0.046124031495588254
2005am CMFGEN 1.7 True 151574.86 98 0.0079 53420.250939466816 0.03092847227890161 7.625849264569034e-09 3.5775528481284494e-11 0.9224924456671733 0.0015284240503862074 0.046124031495588254
2005el CMFGEN 1.02 True 59758.785 89 0.0149 53627.11059631232 0.026633952260453952 4.3419931653815864e-10 2.3594073615576333e-12 0.348003452211859 0.0018538121062145452 0.09808364969164196
2005el CMFGEN 1.04 True 61528.93 89 0.0149 53630.59758221291 0.02095161920078681 1.0217067502013163e-09 5.212690308420216e-12 0.5935379586443049 0.0017310279230603907 0.09808364969164196
2005el CMFGEN 1.4 True 60100.81 89 0.0149 53625.82510052597 0.027137787648825906 2.1877876874001538e-10 1.1580180852780574e-12 0.13623535569941445 0.0017714564302936295 0.09808364969164196
2005el CMFGEN 1.7 True 80394.45 89 0.0149 53629.98483090005 0.022517636763950577 1.2841191454519416e-09 6.847925987524508e-12 0.6932440262748251 0.0018147736800248327 0.09808364969164196
2005eq CMFGEN 1.02 True 14143.137 83 0.029 53637.16623790441 0.03436444156977814 1.023357786550356e-10 6.953742877345473e-13 0.1909715464472454 0.0021971042415677034 0.06362687563506927
2005eq CMFGEN 1.04 True 22630.514 83 0.029 53640.06252946505 0.03124426570502692 1.7724670226397464e-10 1.1666407535516227e-12 0.3513633926112024 0.0021021945076540234 0.06362687563506927
2005eq CMFGEN 1.4 True 13034.163 83 0.029 53635.769592196986 0.03493913305646856 6.380113078991801e-11 4.284550134331513e-13 0.04657552299851189 0.002180895512646784 0.06362687563506927
2005eq CMFGEN 1.7 True 31812.95 83 0.029 53639.10639522591 0.031630924921046244 1.7223619336369618e-10 1.1860939527120254e-12 0.3550686411836702 0.0022006606838589162 0.06362687563506927
2005gj CMFGEN 1.02 True 76172.445 81 0.0616 53689.303830409975 0.034655810788535746 2.749434852974781e-10 3.1807981373539312e-12 0.7078050822553625 0.003960384193967748 0.10432937283711677
2005gj CMFGEN 1.4 True 36915.727 81 0.0616 53633.05918954816 0.42498004117805976 3.2165092027072565e-10 8.018889736378895e-12 0.23162123096934636 0.005766634332517923 0.10432937283711677
2005hc CMFGEN 1.02 True 7911.9326 56 0.0459 53648.66893040121 0.037642564358975505 3.3403511384450685e-11 2.7027226369809464e-13 0.13473380194155174 0.0025497751710701613 0.02814121741934405
2005hc CMFGEN 1.04 True 13709.804 56 0.0459 53651.887754474825 0.03136680291572702 5.278087946112202e-11 4.243951889292459e-13 0.2765399936553585 0.0025156769390379976 0.02814121741934405
2005hc CMFGEN 1.4 True 6431.3027 56 0.0459 53646.981072352326 0.039864155147370184 2.3521426165241495e-11 1.9108542245004123e-13 0.02271015083846844 0.002559847384733446 0.02814121741934405
2005hc CMFGEN 1.7 True 20131.904 56 0.0459 53650.57422938559 0.03320535561942961 4.877850649710609e-11 4.080047650961275e-13 0.2599356710190895 0.002625844310577428 0.02814121741934405
2005hk CMFGEN 1.02 True 300885.25 100 0.013 53643.21898683098 0.03074676758478745 9.430908023532235e-10 5.101453208248921e-12 0.576641639755208 0.0018824111756490715 0.020061264631809475
2005hk CMFGEN 1.04 True 99169.95 100 0.013 53670.91737062424 0.014547284743457567 1.206174710442547e-09 6.708452472202138e-12 0.8513096448278445 0.001985977816319048 0.020061264631809475
2005hk CMFGEN 1.4 True 70764.21 100 0.013 53666.18761779838 0.019368594756087987 5.061104996701444e-10 2.904437009085583e-12 0.6031031020171785 0.0020854576528986707 0.020061264631809475
2005hk CMFGEN 1.7 True 123958.8 100 0.013 53670.13809790116 0.015562982662231661 1.2308566066353777e-09 7.004526385942698e-12 0.8764765678179023 0.0020363767384327966 0.020061264631809475
2005iq CMFGEN 1.02 True 8434.818 63 0.034 53668.37747375194 0.03030419428978348 3.766361060408639e-11 3.037786842623676e-13 0.0492370963000286 0.0025429581136440387 0.01900663001980604
2005iq CMFGEN 1.04 True 9662.362 63 0.034 53671.69754076902 0.024637760892801452 6.29131987016461e-11 4.941005999794866e-13 0.20186954313942862 0.0024594944678405766 0.01900663001980604
2005iq CMFGEN 1.4 True 8212.133 63 0.034 53666.69966251303 0.03249951815814711 2.4411430401887595e-11 1.9669749045554824e-13 -0.08662788754733906 0.0025433388711484264 0.01900663001980604
2005iq CMFGEN 1.7 True 53057.105 63 0.034 53651.2090915462 0.09036824548456934 1.3934514738342167e-10 1.574705455503856e-12 0.21466015562755 0.0030246212652209393 0.01900663001980604
2005kc CMFGEN 1.02 True 118052.97 47 0.0151 53591.08816519129 0.5430420091106498 1.6519003637956392e-08 5.131366670322712e-10 0.8752437087344411 0.0067266021847189935 0.11361467365635353
2005kc CMFGEN 1.04 True 16428.635 47 0.0151 53682.23701780076 0.014765782460017363 6.56343443282887e-10 5.577583776335371e-12 0.5406786132406346 0.002887312300398485 0.11361467365635353
2005kc CMFGEN 1.4 True 116504.84 47 0.0151 53589.65854730404 0.6036596663871023 8.102657868762482e-09 2.812774956633863e-10 0.6885460036240593 0.007730366261919407 0.11361467365635353
2005kc CMFGEN 1.7 True 20030.238 47 0.0151 53681.376374862 0.015536214181338437 6.111541059608021e-10 5.301022825007449e-12 0.5276252866442979 0.0029449197906801536 0.11361467365635353
2005ke CMFGEN 1.02 True 391090.34 153 0.0049 53605.906582119074 0.17771735773567343 4.913588298454411e-08 4.0958674690487624e-10 1.265086332020504 0.0017885647669800338 0.021125155887244045
2005ke CMFGEN 1.04 False 653690.56 153 0.0049 53677.563170364876 97.16502335784753 2.42747684763668e-10 7.916779096026579e-14 0.132185309323329 1.4622951223149388e-05 0.021125155887244045
2005ke CMFGEN 1.4 True 488496.56 153 0.0049 53655.13431108186 0.03332964540095418 2.5713399190950934e-09 1.503294972470006e-11 0.7694761684974786 0.0024315168093878574 0.021125155887244045
2005ke CMFGEN 1.7 False 761448.94 153 0.0049 53671.86149799988 100.77671928190102 2.3600577831375966e-10 8.24695401728931e-14 0.13255363227781458 1.5931569320116225e-05 0.021125155887244045
2005ki CMFGEN 1.02 True 58282.137 136 0.0192 53687.27544137613 0.019573138604755513 2.2055335196533384e-10 1.3700652846492585e-12 0.34988693038367885 0.0021229638308588074 0.027486266648353123
2005ki CMFGEN 1.04 True 48046.64 136 0.0192 53690.01553584336 0.015719019909738563 4.515024505732044e-10 2.7429506609552456e-12 0.5423287839126119 0.0020781347910020335 0.027486266648353123
2005ki CMFGEN 1.4 True 69180.08 136 0.0192 53685.74017706773 0.022018204515916295 1.21013378859179e-10 7.549519333150956e-13 0.17061097326079253 0.002111799061446554 0.027486266648353123
2005ki CMFGEN 1.7 True 66836.195 136 0.0192 53689.27173626127 0.016312038602336543 5.910267213446802e-10 3.716126452807402e-12 0.6495616828000048 0.00217134638742752 0.027486266648353123
2005na CMFGEN 1.02 True 35276.934 74 0.0263 53721.8266359826 0.03594242776671308 1.4350222746224662e-10 1.0591813454617347e-12 0.25291275336053964 0.0024171403508645327 0.06681481625966589
2005na CMFGEN 1.04 True 41991.87 74 0.0263 53725.464046009125 0.03226401055144379 2.7186963855058695e-10 1.9531834406359733e-12 0.4454380896297597 0.0023396677824036602 0.06681481625966589
2005na CMFGEN 1.4 True 31585.668 74 0.0263 53720.509406090496 0.034952943675307324 7.917592656899085e-11 5.77344215737363e-13 0.06705477951878823 0.002380667172863915 0.06681481625966589
2005na CMFGEN 1.7 True 58708.004 74 0.0263 53724.49541768548 0.03385219386109384 2.9927451080487824e-10 2.2623208105561983e-12 0.4950262731853785 0.002456324292207705 0.06681481625966589
2006D CMFGEN 1.02 True 73042.64 126 0.0085 53739.142024503104 0.030489608816424152 1.2256865301216414e-09 5.723227514023173e-12 0.48619254793777555 0.0015648668042407689 0.039300265923908353
2006D CMFGEN 1.04 True 53792.758 126 0.0085 53742.28510931233 0.025349224499223055 2.8071872513938507e-09 1.2294796714182387e-11 0.7083528622616859 0.00147195857933799 0.039300265923908353
2006D CMFGEN 1.4 True 92677.61 126 0.0085 53738.16725387127 0.030298477980977623 6.066995434071798e-10 2.840006302866642e-12 0.28331740149075707 0.0015589028484285393 0.039300265923908353
2006D CMFGEN 1.7 True 70433.03 126 0.0085 53741.48675791012 0.025854318093479378 4.156163174334615e-09 1.97522692825332e-11 0.8531273986513238 0.0016017128573122712 0.039300265923908353
2006X CMFGEN 1.02 True 38599.867 125 0.0052 53768.801600630104 0.0091000695611001 2.6180758401947306e-08 7.14621271696114e-11 1.4783008080040294 0.0009798276113287296 0.022553426442264515
2006X CMFGEN 1.04 True 60824.266 125 0.0052 53771.07773912717 0.0070376829062297475 4.9292043133640087e-08 1.2782798720406504e-10 1.63421128452734 0.0009169415817070743 0.022553426442264515
2006X CMFGEN 1.4 True 35118.83 125 0.0052 53767.32989354103 0.010278364174155286 1.687104644569614e-08 4.8265139927038306e-11 1.3546532771664717 0.001033302750452696 0.022553426442264515
2006X CMFGEN 1.7 True 113063.586 125 0.0052 53770.40943901143 0.007445616171025904 5.437618650985614e-08 1.4774745678987194e-10 1.6806329032153913 0.0009563030617547422 0.022553426442264515
2006ax CMFGEN 1.02 True 312831.75 90 0.0167 53747.95576102533 0.25764512887690216 4.138044118823508e-09 6.797220318899839e-11 0.6299013451218941 0.003764303833031861 0.04323992187949964
2006ax CMFGEN 1.04 True 55705.402 90 0.0167 53811.399775249236 0.010143863211851567 7.029620016379813e-10 3.700154417941577e-12 0.4591025381971988 0.001756656323827313 0.04323992187949964
2006ax CMFGEN 1.4 True 304681.7 90 0.0167 53747.989608771015 0.3262367643874313 2.202234145756936e-09 4.2305452974776135e-11 0.47593547981010165 0.004301090273117022 0.04323992187949964
2006ax CMFGEN 1.7 True 79135.13 90 0.0167 53810.68681124925 0.011415009321353864 7.841864381660189e-10 4.3633609586397996e-12 0.5187429872001621 0.0018723333630297143 0.04323992187949964
2006bh CMFGEN 1.02 True 79347.35 69 0.0109 53813.85919520705 0.034285323723452166 9.463771558295433e-10 5.187422613122895e-12 0.44257520113095006 0.001905385472860519 0.022862200011365373
2006bh CMFGEN 1.04 True 68875.12 69 0.0109 53817.79971545976 0.029557516259956174 1.9648068282608123e-09 1.0015507368817168e-11 0.6590686962785712 0.0017757780768489358 0.022862200011365373
2006bh CMFGEN 1.4 True 81874.24 69 0.0109 53812.33738190077 0.032542757526243804 4.830276030663716e-10 2.63039604199886e-12 0.22821238849559594 0.0018791867616151107 0.022862200011365373
2006bh CMFGEN 1.7 True 89153.97 69 0.0109 53817.09025938306 0.03091597193997586 2.676098921822346e-09 1.4396735253777638e-11 0.787323214677032 0.0018567340884998993 0.022862200011365373
2006bt CMFGEN 1.02 True 4057.5317 37 0.0322 53840.31194030716 0.04403030837056576 7.110922182645367e-11 6.305615896910522e-13 0.24467863758695663 0.0029843496177808316 0.04305211789801481
