results/band_fits/u_g_r_Y_J_H.ecsv
# %ECSV 0.9
# ---
# datatype:
# - {name: object ID, datatype: string}
# - {name: model, datatype: string}
# - {name: version, datatype: string}
# - {name: success, datatype: bool}
# - {name: chisq, datatype: float32}
# - {name: ndof, datatype: int32}
# - {name: z, datatype: float64}
# - {name: t0, datatype: float64}
# - {name: t0_err, datatype: float64}
# - {name: x0, datatype: float64}
# - {name: x0_err, datatype: float64}
# - {name: hostebv, datatype: float64}
# - {name: hostebv_err, datatype: float64}
# - {name: mwebv, datatype: float64}
# meta:
#   bands: [csp_dr3_u, csp_dr3_g, csp_dr3_r, csp_dr3_Y, csp_dr3_J, csp_dr3_H]
# schema: astropy-2.0
"object ID" model version success chisq ndof z t0 t0_err x0 x0_err hostebv hostebv_err mwebv
[from data line 257]
2008fr CMFGEN 1.04 True 13018.883 80 0.0397 54717.12131105953 0.1048786058127007 1.8877846360275996e-10 1.85705156099843e-12 0.550028947075952 0.002821866580765052 0.038677564969285
2008fr CMFGEN 1.4 True 5459.942 80 0.0397 54717.45336119717 0.07850053344009211 3.9365724892815206e-11 3.2925160910753213e-13 0.1466844838820719 0.002985650495711261 0.038677564969285
2008fr CMFGEN 1.7 False 243227.95 80 0.0397 54756.100408626786 267.68829237142563 1.203801946172668e-11 1.3957069330402416e-14 0.15000356478512797 0.0007593195167316101 0.038677564969285
2008fu CMFGEN 1.02 True 3161.5881 50 0.052 54715.63652102214 0.15879700327423052 3.3195160005904916e-11 6.88553757041318e-13 0.3661873279122916 0.007452296899625582 0.018833736613107027
2008fu CMFGEN 1.04 True 3496.7397 50 0.052 54720.6328326636 0.18492860563492286 7.029100036429875e-11 1.4672245843245509e-12 0.6195026185860443 0.006958263380630346 0.018833736613107027
2008fu CMFGEN 1.4 True 3179.6958 50 0.052 54714.11432591309 0.15206931386273936 1.7489340889152987e-11 3.8530541974576696e-13 0.1657106107032293 0.008116454191801526 0.018833736613107027
2008fu CMFGEN 1.7 True 4432.09 50 0.052 54720.7625066361 0.14210433725384064 6.762869584089147e-11 1.449266018064961e-12 0.6395522628233229 0.00712196006287529 0.018833736613107027
2008fw CMFGEN 1.02 True 32496.986 88 0.0085 54717.198248650995 0.04455385286564706 1.6693058683565235e-09 6.813719785207144e-12 0.46952631145224843 0.0013384805706118522 0.11159617552698833
2008fw CMFGEN 1.04 True 61780.957 88 0.0085 54716.029774211536 0.028803929468267597 4.187788853226626e-09 1.627676995036493e-11 0.6688318191172082 0.0012926945841911484 0.11159617552698833
2008fw CMFGEN 1.4 True 22382.926 88 0.0085 54717.27597404226 0.03601913164675352 8.85567230704426e-10 3.452284967191781e-12 0.29438134243898695 0.001352104972220308 0.11159617552698833
2008fw CMFGEN 1.7 True 99700.305 88 0.0085 54711.71827703242 0.05128855290604406 8.07987096667591e-09 4.235819836053108e-11 0.8584655979919124 0.001441152592838161 0.11159617552698833
2008gg CMFGEN 1.02 True 18195.814 113 0.032 54733.89214280187 0.039817358996515395 1.5559196391003353e-10 6.83126438682068e-13 0.4330260514724244 0.001506288206557403 0.02120202873332347
2008gg CMFGEN 1.04 True 34000.7 113 0.032 54735.80465327598 0.05411200580056175 3.2231871408794486e-10 1.6535166034356533e-12 0.6312623348789095 0.0014802190120410195 0.02120202873332347
2008gg CMFGEN 1.4 True 15500.686 113 0.032 54732.961991744356 0.03860652301227674 9.387567794253058e-11 4.190097433379072e-13 0.284251007715144 0.0015947231158023989 0.02120202873332347
2008gg CMFGEN 1.7 True 52716.977 113 0.032 54734.827678428104 0.0593749475228833 3.973370155848783e-10 2.7784288959407885e-12 0.7159697001266488 0.0018593260746551969 0.02120202873332347
2008gl CMFGEN 1.02 True 28775.53 100 0.034 54747.83436371799 0.03478308532066876 6.802481444403108e-11 4.4287565828610946e-13 0.24191125903422417 0.002158349523111125 0.024346470870714523
2008gl CMFGEN 1.04 True 31920.678 100 0.034 54751.74110038624 0.0297425606950128 1.2375927320219348e-10 8.188147628690024e-13 0.43272479861063723 0.0021973580677631054 0.024346470870714523
2008gl CMFGEN 1.4 True 27637.104 100 0.034 54746.02221767783 0.035717747661692556 4.363667349138559e-11 2.819918486403533e-13 0.0977417806279348 0.0021363820460263924 0.024346470870714523
2008gl CMFGEN 1.7 True 46515.74 100 0.034 54750.60369210395 0.0310389850892534 1.2984341436466134e-10 9.027479681801864e-13 0.4613258202609938 0.0023092108124029656 0.024346470870714523
2008gp CMFGEN 1.02 True 115586.18 104 0.0334 54735.60488144014 0.050735809509205865 8.194004179822352e-11 5.270432425830358e-13 -0.046385234911066935 0.002181414661053486 0.103694303991748
2008gp CMFGEN 1.04 True 28654.396 104 0.0334 54763.487389745955 0.017605266642931383 1.5878880781557012e-10 1.01933388264209e-12 0.3836618804596543 0.0021577179710720097 0.103694303991748
2008gp CMFGEN 1.4 True 13890.657 104 0.0334 54759.31612065819 0.018908992115029832 5.2374379890851235e-11 3.244661074503455e-13 0.04966769131542346 0.0020660967987030385 0.103694303991748
2008gp CMFGEN 1.7 True 39520.85 104 0.0334 54762.6334767858 0.018780854101350997 1.4826164393031872e-10 9.879114478966322e-13 0.3774662967606181 0.0022411401694528324 0.103694303991748
2008ha CMFGEN 1.02 True 12043.224 56 0.0046 54760.99479812349 0.1639917867432814 1.0950920472669678e-10 1.5811752475550462e-12 0.6612072440209009 0.005937145297171488 0.06357216573029255
2008ha CMFGEN 1.4 True 10709.262 56 0.0046 54751.80065636388 0.16349943722889293 6.894060301907212e-11 1.0195211051275536e-12 0.3828670706812175 0.005619574292663382 0.06357216573029255
2008ha CMFGEN 1.7 True 10821.884 56 0.0046 54766.38608404357 0.07278989104088396 1.9010257692097825e-10 2.7862060505716055e-12 0.876846163579253 0.005440500268363087 0.06357216573029255
2008hj CMFGEN 1.02 True 58647.875 74 0.0379 54760.82289938225 0.08217600174975814 5.2090166044127866e-11 3.550830034910487e-13 -0.1563718405130101 0.0026622407211365586 0.03086168432817931
2008hj CMFGEN 1.04 True 11124.299 74 0.0379 54786.136952033004 0.02091486204881221 8.825835534865963e-11 5.32069770398305e-13 0.28330835566237755 0.0019268584678829542 0.03086168432817931
2008hj CMFGEN 1.4 True 63497.438 74 0.0379 54759.54195406357 0.07386052874062443 2.5647764969990697e-11 1.791829149549172e-13 -0.3700937541604671 0.0026364660045148734 0.03086168432817931
2008hj CMFGEN 1.7 True 54802.73 74 0.0379 54752.50773852424 0.13241877017935622 2.7132341176217795e-10 2.59690966435431e-12 0.2186394558157692 0.0022222368391651343 0.03086168432817931
2008hu CMFGEN 1.02 True 6979.9185 50 0.0497 54785.111485434805 0.0945905632324866 3.4886003194981465e-11 4.697601047011545e-13 0.3343376935237562 0.004884750764471434 0.09234704414548399
2008hu CMFGEN 1.04 True 8001.633 50 0.0497 54789.88525967259 0.08516884065466002 7.061556622084714e-11 9.417659705237035e-13 0.5727692612833707 0.004654227024245559 0.09234704414548399
2008hu CMFGEN 1.4 True 7128.1216 50 0.0497 54783.14622634763 0.08831889379871427 1.9175526924478887e-11 2.735169713830449e-13 0.1380607801291009 0.005200139078513691 0.09234704414548399
2008hu CMFGEN 1.7 True 10275.172 50 0.0497 54789.187308943336 0.07820783293209388 6.706127806459735e-11 9.44654418759157e-13 0.5730842788370334 0.004813084075979193 0.09234704414548399
2008hv CMFGEN 1.02 True 373327.5 138 0.0126 54770.51115107239 0.03652203382080188 6.990099728468995e-10 2.0513641363343796e-12 0.2556973613569847 0.001170342826602609 0.02743585979989673
2008hv CMFGEN 1.04 True 79678.44 138 0.0126 54801.822877899685 0.006754482026735786 1.313802621416036e-09 3.624707272178583e-12 0.6087824598060017 0.0010063748168378207 0.02743585979989673
2008hv CMFGEN 1.4 True 380262.12 138 0.0126 54768.221499693835 0.05744850045084604 4.1898198851332194e-10 1.2686844732608446e-12 0.10049931917857048 0.0012621388917871013 0.02743585979989673
2008hv CMFGEN 1.7 True 118226.164 138 0.0126 54801.213023462646 0.0074539070956234355 1.2823835100111522e-09 3.5914856678824788e-12 0.6186651245580768 0.001018171550734318 0.02743585979989673
2008ia CMFGEN 1.02 True 27756.992 103 0.0219 54794.305316718775 0.03864762301236624 2.8258013430798954e-10 1.4142991183634007e-12 0.4479643246603114 0.001913829259038019 0.19479143249257042
2008ia CMFGEN 1.04 True 33413.906 103 0.0219 54798.24612359954 0.03346306627281592 6.17790371613604e-10 3.21443421599217e-12 0.6924476578790616 0.002005265024434713 0.19479143249257042
2008ia CMFGEN 1.4 True 25948.857 103 0.0219 54792.372546104336 0.03765446858596988 1.755372733551666e-10 8.747360165713265e-13 0.29117491157892583 0.0018953312991970889 0.19479143249257042
2008ia CMFGEN 1.7 True 68522.32 103 0.0219 54796.72026522106 0.03708801300308551 6.13642971535335e-10 4.38446300308144e-12 0.6988967753906499 0.0026522580999354555 0.19479143249257042
2009D CMFGEN 1.04 True 68503.94 92 0.025 54826.291785954425 0.015123115557798883 3.507998317794295e-10 1.3876547239382854e-12 0.41197043717494575 0.00130158080579209 0.04553556357655682
2009D CMFGEN 1.4 True 34383.07 92 0.025 54821.37758117032 0.018723656936344923 1.1885979817792757e-10 4.397333558621276e-13 0.07943002603821564 0.001214866586670215 0.04553556357655682
2009D CMFGEN 1.7 True 99383.48 92 0.025 54825.19482002552 0.01599898534550448 3.31944287937019e-10 1.4025144462376453e-12 0.4058709497451234 0.0013890726633542674 0.04553556357655682
2009F CMFGEN 1.02 True 82311.53 67 0.013 54804.14538504951 0.05127905610061134 6.280384740009835e-10 3.2317942296548437e-12 0.7547005087458557 0.0021801475352646515 0.08942501844180814
2009F CMFGEN 1.04 True 80135.39 67 0.013 54827.90015304211 0.02268405338327284 9.907186013526078e-10 6.269049365569415e-12 1.1216255916615252 0.0025566749061571655 0.08942501844180814
2009F CMFGEN 1.4 True 90744.96 67 0.013 54805.06782001599 0.05092921827963437 3.786466657114502e-10 2.171500489574971e-12 0.6498400847754366 0.0025248021597895336 0.08942501844180814
2009F CMFGEN 1.7 True 90129.43 67 0.013 54827.2302582663 0.02364007749929442 8.418083028905017e-10 5.273365444041741e-12 1.0715010949493102 0.002513502415013579 0.08942501844180814
2009Y CMFGEN 1.02 True 80566.836 142 0.0094 54858.98929548083 0.016996093192574335 1.7149448513738039e-09 3.793147009181676e-12 0.4196666532305021 0.0007972055431123863 0.08739267344609465
2009Y CMFGEN 1.04 True 104304.875 142 0.0094 54861.95613854681 0.014979482668422861 3.888288909211542e-09 8.698676481949518e-12 0.652441681587986 0.0008041295147092045 0.08739267344609465
2009Y CMFGEN 1.4 True 73060.484 142 0.0094 54857.388132799424 0.018280705233337358 1.066553735328426e-09 2.358245669897613e-12 0.27822202624332726 0.0007947461468024162 0.08739267344609465
2009Y CMFGEN 1.7 True 199300.36 142 0.0094 54861.01936124223 0.017689543426968157 4.234884692909361e-09 1.0180502377763097e-11 0.6982397564916195 0.0008478825311097624 0.08739267344609465
2009aa CMFGEN 1.02 True 258762.25 126 0.0273 54833.83171052793 0.06486255639174487 1.4162905468296448e-10 6.889370279997664e-13 0.11371893059160808 0.0019161369244190926 0.029208185622029807
2009aa CMFGEN 1.04 True 69907.28 126 0.0273 54862.85363424335 0.011698436828737613 2.1660560585646852e-10 1.0614254183108511e-12 0.4378370836585175 0.0016656876540654612 0.029208185622029807
2009aa CMFGEN 1.4 True 280803.97 126 0.0273 54818.60888774669 0.1327062559867045 1.1929986710613156e-10 9.722938259392243e-13 -0.08694255374867013 0.001875388027741847 0.029208185622029807
2009aa CMFGEN 1.7 True 91321.97 126 0.0273 54861.9311213828 0.012228780218720203 1.9642595149970532e-10 9.925550594979319e-13 0.41716579706079293 0.001707409187984088 0.029208185622029807
2009ag CMFGEN 1.02 True 80294.86 117 0.0086 54872.01059090754 0.039494821496191435 1.970966861618024e-09 4.210506093178547e-12 0.6781925268522577 0.0009541612882496578 0.21795939846193027
2009ag CMFGEN 1.04 True 75858.35 117 0.0086 54873.99490957028 0.027948289243795443 4.468476261974327e-09 9.519405635463024e-12 0.895274440547113 0.0008672898131928432 0.21795939846193027
2009ag CMFGEN 1.4 True 83134.06 117 0.0086 54870.98911217925 0.03877358702084166 1.2586361468314995e-09 2.682165111037702e-12 0.5469586648608793 0.0010141321671073838 0.21795939846193027
2009ag CMFGEN 1.7 True 130318.7 117 0.0086 54869.700950491104 0.03697894342258223 5.8726271795795595e-09 1.4817406776938488e-11 0.9531680115170086 0.0008207979514138434 0.21795939846193027
2009al CMFGEN 1.02 True 10565.405 65 0.0221 54879.848926419574 0.08018645858464879 3.039897741315426e-10 1.7857008003770356e-12 0.5647393660699161 0.00247027548371937 0.021173943720526493
2009al CMFGEN 1.04 True 11609.383 65 0.0221 54884.204094256645 0.06278509520052467 5.885225526527633e-10 3.3573945991732083e-12 0.7631686560462492 0.0023165136516041496 0.021173943720526493
2009al CMFGEN 1.4 True 10954.226 65 0.0221 54878.060465063456 0.06684745199527242 1.9918052331461187e-10 1.2544139940065807e-12 0.43059000353488797 0.0025564832253613524 0.021173943720526493
2009al CMFGEN 1.7 True 17358.621 65 0.0221 54884.33839954519 0.045201904515124625 5.540050830573774e-10 3.3364120469819506e-12 0.7806762393074528 0.0024319745203875455 0.021173943720526493
2009cz CMFGEN 1.02 True 41088.805 44 0.0211 54886.05612413049 0.38607686718023615 3.217264714272832e-10 5.951797229872698e-12 -0.07882654768981953 0.0027384932865647054 0.022280159832036444
2009cz CMFGEN 1.04 True 16689.234 44 0.0211 54928.61251403268 0.027835972778120777 3.7578545012871923e-10 2.750953549519394e-12 0.42410620913119185 0.00262235111709683 0.022280159832036444
2009cz CMFGEN 1.4 True 41752.094 44 0.0211 54875.16377099896 0.5065266234232695 2.8672838495408997e-10 6.171516590376126e-12 -0.17062683139120036 0.003458007345181057 0.022280159832036444
2009cz CMFGEN 1.7 True 18781.008 44 0.0211 54927.84934921632 0.027107338148198323 3.308604237677762e-10 2.4273075906773424e-12 0.38815615848904034 0.002623550416099147 0.022280159832036444
2009dc CMFGEN 1.02 True 54567.883 65 0.0214 54930.60304986553 0.019650192400149535 6.599830638572354e-10 2.3614040232044695e-12 0.39568677173317374 0.0014226514897546301 0.0601626563528406
2009dc CMFGEN 1.04 True 345859.6 65 0.0214 54975.91395 1.0299045243300498e-06 6.307395840319489e-08 2.5788065701675393e-10 -0.48720217078663125 0.001923401235286335 0.0601626563528406
2009dc CMFGEN 1.4 True 48690.35 65 0.0214 54928.914877989235 0.022412549522414338 4.489434343979205e-10 1.6559877063469366e-12 0.27361150688288816 0.0014784273285768465 0.0601626563528406
2009dc CMFGEN 1.7 True 288340.66 65 0.0214 54975.91395 1.1429146979935467e-06 5.8031201160631215e-08 2.763036478412254e-10 -0.4434761426621791 0.002167297516553253 0.0601626563528406
2009ds CMFGEN 1.02 True 14260.5205 49 0.0193 54904.552583130826 0.31955483362980885 2.060965419373391e-10 3.040867518385601e-12 -0.3385696107640633 0.0021893413023196255 0.03346943379780617
2009ds CMFGEN 1.04 True 44368.51 49 0.0193 54975.855525 8.565111784264445e-07 1.0251570604101293e-10 1.2487521880681232e-12 -2.9876612673355103 0.0035178073417525056 0.03346943379780617
2009ds CMFGEN 1.4 True 14801.507 49 0.0193 54888.830684933244 0.5438784226389544 2.1727755075248488e-10 4.579105780534339e-12 -0.4203089789785822 0.003178128256101693 0.03346943379780617
2009ds CMFGEN 1.7 True 50305.676 49 0.0193 54975.85552499998 4.199166141916066e-06 2.642057714919424e-10 4.522912734281864e-12 -2.5099937940730737 0.005180842248748582 0.03346943379780617
