results/band_fits/u_g_r_Ydw_J.ecsv
# %ECSV 0.9
# ---
# datatype:
# - {name: object ID, datatype: string}
# - {name: model, datatype: string}
# - {name: version, datatype: string}
# - {name: success, datatype: bool}
# - {name: chisq, datatype: float32}
# - {name: ndof, datatype: int32}
# - {name: z, datatype: float64}
# - {name: t0, datatype: float64}
# - {name: t0_err, datatype: float64}
# - {name: x0, datatype: float64}
# - {name: x0_err, datatype: float64}
# - {name: hostebv, datatype: float64}
# - {name: hostebv_err, datatype: float64}
# - {name: mwebv, datatype: float64}
# meta:
#   bands: [csp_dr3_u, csp_dr3_g, csp_dr3_r, csp_dr3_Ydw, csp_dr3_J]
# schema: astropy-2.0
"object ID" model version success chisq ndof z t0 t0_err x0 x0_err hostebv hostebv_err mwebv
[from data line 171]
2007jd CMFGEN 1.04 True 1559.7977 29 0.0726 54345.437422682866 0.17666938017646316 2.3950524322963265e-11 6.186790795648758e-13 0.49828214094759427 0.00869023037000766 0.06637035699139174
2007jd CMFGEN 1.4 True 1027.4196 29 0.0726 54338.08493135124 0.187661132964422 8.926309545511728e-12 2.4690384257111317e-13 0.1536712175820736 0.009377035215057497 0.06637035699139174
2007jd CMFGEN 1.7 True 1851.4662 29 0.0726 54344.234915564266 0.16528736262989696 2.1659719122275314e-11 5.780839637249657e-13 0.4728451540758094 0.008760195605612376 0.06637035699139174
2007jg CMFGEN 1.02 True 7105.598 47 0.0371 54346.5509850973 0.05009741418325575 6.138675854945582e-11 5.799628037352672e-13 0.31424962524671757 0.0029994194290384724 0.09127945747595989
2007jg CMFGEN 1.04 True 9932.983 47 0.0371 54350.742364764235 0.037430394386319676 1.0815846549326961e-10 1.0724183639980058e-12 0.49290776696027333 0.0031365074991716413 0.09127945747595989
2007jg CMFGEN 1.4 True 6860.243 47 0.0371 54344.8224539033 0.049965088695898885 3.9390209521914135e-11 3.7309645501841977e-13 0.1714761835554091 0.003014327695500459 0.09127945747595989
2007jg CMFGEN 1.7 True 12057.283 47 0.0371 54349.493425578665 0.03896245814030408 1.0050453408321557e-10 1.015681850402887e-12 0.4762152140762086 0.003194742228037667 0.09127945747595989
2007le CMFGEN 1.02 True 41216.027 107 0.0067 54381.99738664382 0.016571671858400805 4.853503031641898e-09 1.3596316026874699e-11 0.7217456081741764 0.001045963605172354 0.02875745688753973
2007le CMFGEN 1.04 True 61450.21 107 0.0067 54384.78998186726 0.011939179443288594 9.541432486511154e-09 2.6978128216257316e-11 0.9000783056025454 0.0010550920749762924 0.02875745688753973
2007le CMFGEN 1.4 True 42457.12 107 0.0067 54380.22334492932 0.020313421555329114 3.0600758270092163e-09 9.010167518554934e-12 0.5841645561374197 0.001096871974024442 0.02875745688753973
2007le CMFGEN 1.7 True 117021.47 107 0.0067 54384.24814358824 0.012988126512937015 1.0005687429355538e-08 2.8065386133618425e-11 0.9366327339414868 0.0010331014432009241 0.02875745688753973
2007nq CMFGEN 1.02 True 15399.456 70 0.045 54378.851825440266 0.060961146220506635 5.331964470925341e-11 5.084471812241768e-13 0.37826542638542254 0.003334847677667297 0.03048465300562326
2007nq CMFGEN 1.04 True 15717.569 70 0.045 54382.863260385726 0.05965950281097321 1.1867165848587806e-10 1.196790261987284e-12 0.6271149775772236 0.0034686361706233676 0.03048465300562326
2007nq CMFGEN 1.4 True 16482.045 70 0.045 54377.30183317073 0.06115952051914064 2.8834808480348896e-11 2.864192640747634e-13 0.1865551558528919 0.0034833873345742846 0.03048465300562326
2007nq CMFGEN 1.7 True 23980.326 70 0.045 54382.1391353219 0.0636304580475553 1.2786209762677393e-10 1.5264470819616875e-12 0.6702144566876843 0.004032703690449031 0.03048465300562326
2007on CMFGEN 1.02 True 156347.19 141 0.0065 54402.07949625507 0.02013600081409095 3.854211785610371e-09 1.4544969041270834e-11 0.5619298406548942 0.0014344988781015303 0.00991579720241815
2007on CMFGEN 1.04 True 123370.71 141 0.0065 54405.6850175879 0.01593896008125739 8.719833146975689e-09 3.065790311607154e-11 0.7869804892181886 0.001364932661962344 0.00991579720241815
2007on CMFGEN 1.4 True 181641.53 141 0.0065 54399.964054649 0.022560977431567153 2.187379895445113e-09 9.003582723789444e-12 0.3900784757826087 0.0015265934343992825 0.00991579720241815
2007on CMFGEN 1.7 True 157967.6 141 0.0065 54405.91419277735 0.014654475526185706 1.1656133129107852e-08 4.6478728818390435e-11 0.9089309806617438 0.001573387280002058 0.00991579720241815
2007so CMFGEN 1.02 True 10374.23 26 0.0297 54429.56655085399 0.07962564461195143 3.5151022368956794e-10 3.5767193944687945e-12 1.1071536993694568 0.004740982198272119 0.11558239602450404
2007so CMFGEN 1.04 True 3482.043 26 0.0297 54416.58166223994 0.12702160192566225 7.69664862015025e-10 6.541118297186684e-12 1.0466130458123728 0.003541709524379296 0.11558239602450404
2007so CMFGEN 1.4 True 4887.4727 26 0.0297 54409.466149858104 0.11902313949758536 1.8314880483853125e-10 1.6900468854781485e-12 0.6016269300034084 0.0038380610108865554 0.11558239602450404
2007so CMFGEN 1.7 True 11059.022 26 0.0297 54431.27267535017 0.11298363414971391 1.717808042159776e-09 2.0055467538256196e-11 1.6718284695706274 0.004889986932996147 0.11558239602450404
2007sr CMFGEN 1.02 True 56552.92 114 0.0055 54433.6292839354 0.024506800658855354 5.866001463183859e-09 1.6071560295290148e-11 0.5120737328143733 0.0008659473767888571 0.04047821787749507
2007sr CMFGEN 1.04 True 84066.266 114 0.0055 54434.99425601561 0.031316631106165005 1.3253868545976315e-08 3.611094841608461e-11 0.712662704063592 0.0008371358189643156 0.04047821787749507
2007sr CMFGEN 1.4 True 49449.883 114 0.0055 54433.10006065711 0.025679898870293982 3.2132786954773754e-09 8.958970387282653e-12 0.3455775531062522 0.0008810562987304531 0.04047821787749507
2007sr CMFGEN 1.7 True 158308.45 114 0.0055 54433.07294479855 0.037301385193131864 1.7446613611803182e-08 6.757386899842967e-11 0.8034414959803159 0.0009868190988826973 0.04047821787749507
2007st CMFGEN 1.02 True 17265.664 55 0.0212 54435.65015719868 0.08268609136575833 3.4676853513065273e-10 2.623898748118515e-12 0.5064252068528589 0.002587831207709251 0.014189318123033668
2007st CMFGEN 1.4 True 14920.941 55 0.0212 54433.937358097624 0.07031353566344478 2.0341357422453358e-10 1.5309834199905903e-12 0.3328860914201006 0.002663643316182394 0.014189318123033668
2007st CMFGEN 1.7 True 24901.117 55 0.0212 54439.733885938374 0.06464834923463059 8.166071959187313e-10 7.650494666202292e-12 0.8034622043814135 0.002731636659233474 0.014189318123033668
2007ux CMFGEN 1.02 True 18271.363 62 0.0309 54444.980289868974 0.07099782905424945 1.0155484428096236e-10 8.37390270381536e-13 0.525411528527034 0.0029906434400718733 0.03865491382492817
2007ux CMFGEN 1.04 True 16377.894 62 0.0309 54450.575991130856 0.06040333381679375 2.0821699239546358e-10 1.775735707039784e-12 0.7736066225521906 0.0031239661438094975 0.03865491382492817
2007ux CMFGEN 1.4 True 19512.283 62 0.0309 54443.22721476314 0.06090571459935745 6.003652751931766e-11 5.059591981327332e-13 0.3566686095263265 0.0030855770703547176 0.03865491382492817
2007ux CMFGEN 1.7 True 23982.457 62 0.0309 54449.105407605195 0.06619767098891316 2.535752498552007e-10 2.6016613714532883e-12 0.8468206604631421 0.003615250683415965 0.03865491382492817
2008C CMFGEN 1.02 True 8060.7705 59 0.0166 54449.46955253028 0.07503281957178842 5.60115266121058e-10 3.697006857451397e-12 0.5672506040695389 0.002573416730278271 0.07204778690206645
2008C CMFGEN 1.04 True 13406.435 59 0.0166 54453.472756534764 0.060365538200130686 1.1921518589180044e-09 8.558426180081728e-12 0.8107324558476042 0.0028019242293237934 0.07204778690206645
2008C CMFGEN 1.4 True 7875.924 59 0.0166 54447.579594729024 0.06404579710942926 3.465872824784665e-10 2.2712103077282295e-12 0.41353257433980806 0.002620585823463903 0.07204778690206645
2008O CMFGEN 1.02 True 4251.7715 36 0.0389 54471.35050838064 0.08669961689520278 7.788090587862741e-11 9.488411466131317e-13 0.6080595696491417 0.0041459313676780055 0.07585233234567533
2008O CMFGEN 1.04 True 4556.228 36 0.0389 54475.89761201379 0.08600931233013398 1.3616435548318857e-10 1.6909687724117338e-12 0.7973304079494595 0.004340318878916265 0.07585233234567533
2008O CMFGEN 1.4 True 4550.777 36 0.0389 54469.228863512726 0.08881523107629619 5.381820504091393e-11 6.595623157086955e-13 0.48381797682659294 0.004207375839502442 0.07585233234567533
2008O CMFGEN 1.7 True 5555.7773 36 0.0389 54475.21314478617 0.0802024127842742 1.3537784762534413e-10 1.7675627819713398e-12 0.8042967153257999 0.004491884089431487 0.07585233234567533
2008R CMFGEN 1.02 True 60682.395 45 0.0135 54472.96941653089 0.038158439132530475 5.10428989338415e-10 3.8067555321507895e-12 0.4531276171545743 0.0026311362045470734 0.06202084408502785
2008R CMFGEN 1.04 True 49736.0 45 0.0135 54478.20178935328 0.03604226783500053 1.0952878230810748e-09 7.562839252426434e-12 0.7031870543193759 0.002445684478102757 0.06202084408502785
2008R CMFGEN 1.4 True 59222.83 45 0.0135 54470.83898576029 0.03828964255808387 2.6469356105138795e-10 1.9428031328915457e-12 0.23244181545429518 0.0025640735043660117 0.06202084408502785
2008R CMFGEN 1.7 True 62204.863 45 0.0135 54477.140385801 0.03657512668360141 1.3345080560492816e-09 1.0088892079047498e-11 0.7840522584108187 0.0026267818381137064 0.06202084408502785
2008ae CMFGEN 1.02 True 3899.5962 34 0.03 54499.21422761026 0.2103035533291404 2.0957970148791914e-10 3.584954694479313e-12 1.1048522482097587 0.008480496707574798 0.02369781462470916
2008ae CMFGEN 1.04 True 4159.104 34 0.03 54500.82746653853 0.13999079159111716 5.628199053027649e-10 9.467591701101203e-12 1.4791278360424234 0.008087380584756483 0.02369781462470916
2008ae CMFGEN 1.4 True 3769.2346 34 0.03 54497.046615544525 0.1969441264263878 1.3045697723922057e-10 2.1841759450980447e-12 0.9263788777358303 0.008194042773956661 0.02369781462470916
2008ae CMFGEN 1.7 True 7619.062 34 0.03 54504.72519028477 0.08233367265347624 6.17886056886743e-10 9.378932343609875e-12 1.492656572243062 0.0073438224257734806 0.02369781462470916
2008ar CMFGEN 1.02 True 8909.935 52 0.0261 54516.74336841572 0.036996765211370075 1.6124002427933726e-10 1.4802612153682192e-12 0.3601888022806536 0.0031257939075092283 0.03165642704095217
2008ar CMFGEN 1.04 True 13545.684 52 0.0261 54519.284284164576 0.03173249640894937 3.1425836724423594e-10 2.8707635950242193e-12 0.5427647207270735 0.0030612731067550794 0.03165642704095217
2008ar CMFGEN 1.4 True 7469.0586 52 0.0261 54515.42495274494 0.039812141923903255 9.06378706329646e-11 8.429859633643676e-13 0.18134302786561013 0.0031634819987700147 0.03165642704095217
2008ar CMFGEN 1.7 True 20278.6 52 0.0261 54518.60321899421 0.03294226515936316 3.4842569663017654e-10 3.173669601757402e-12 0.6012691130804659 0.0030715014764952178 0.03165642704095217
2008bc CMFGEN 1.02 True 33842.035 95 0.0151 54531.28408437223 0.017467171983298613 3.4521291206473217e-10 1.4686953410284854e-12 0.14825787045004254 0.001366711653350192 0.22550709929515722
2008bc CMFGEN 1.04 True 50549.02 95 0.0151 54534.005217671336 0.015412487351568416 5.83823730318269e-10 2.5735474997748674e-12 0.30206387637245213 0.0014078111040255745 0.22550709929515722
2008bc CMFGEN 1.4 True 29901.506 95 0.0151 54529.92799398979 0.01849671549643972 2.447433765206538e-10 1.0171104072212382e-12 0.039967545958287394 0.0013309223125058604 0.22550709929515722
2008bc CMFGEN 1.7 True 71489.05 95 0.0151 54532.66673337269 0.01707973162046983 5.667945191960484e-10 2.591417452407519e-12 0.3050405177729 0.001461549780343942 0.22550709929515722
2008bf CMFGEN 1.02 True 25404.24 85 0.0235 54536.920194551974 0.021418905766040552 1.6751247747206996e-10 9.40893565426932e-13 0.2146942562481324 0.001937373143632431 0.02971233782867539
2008bf CMFGEN 1.04 True 32990.273 85 0.0235 54539.810648792445 0.01760766884399345 3.053579178645762e-10 1.6924993942738503e-12 0.3841105002201855 0.00189521051721818 0.02971233782867539
2008bf CMFGEN 1.4 True 28257.936 85 0.0235 54535.28371166238 0.02363794138727826 1.0143833934693822e-10 5.861116023232219e-13 0.05935734639224252 0.0019843526303423512 0.02971233782867539
2008bf CMFGEN 1.7 True 45921.168 85 0.0235 54538.94150477052 0.0184056787074951 3.095855335580262e-10 1.7156368416353882e-12 0.4084989595761274 0.0019061548649073857 0.02971233782867539
2008bi CMFGEN 1.04 True 11586.319 33 0.0134 54533.38535862204 0.06440418823331129 1.4862516813428681e-09 1.0329035739186522e-11 1.4434209633137722 0.003056612308090046 0.037379980331966524
2008bi CMFGEN 1.4 True 30700.83 33 0.0134 54508.24586965637 0.059253819374134764 5.04218457061742e-10 3.80026901691069e-12 0.8510925996904276 0.003945825962548354 0.037379980331966524
2008bi CMFGEN 1.7 True 8698.572 33 0.0134 54533.22079006242 0.08427205181578756 1.87919279875688e-09 1.726166981240595e-11 1.5516805742392845 0.003259290777719636 0.037379980331966524
2008cc CMFGEN 1.02 True 36713.426 72 0.0104 54561.809585569936 0.06104252900695428 1.1941796634130128e-09 5.507812479090583e-12 0.5726018463351225 0.0014015029532540204 0.03586503715546102
2008cc CMFGEN 1.04 True 34429.19 72 0.0104 54566.32654750124 0.0418649315906805 2.4536915326440225e-09 1.1218202607411746e-11 0.8003777544938275 0.0014184869200205557 0.03586503715546102
2008cc CMFGEN 1.4 True 40832.137 72 0.0104 54559.517639426034 0.046861269966029795 6.918489128480244e-10 2.8573949404329714e-12 0.4008497400625871 0.0014305520460132426 0.03586503715546102
2008cc CMFGEN 1.7 True 64397.895 72 0.0104 54565.20800044695 0.04935799385202699 3.250065183013708e-09 1.9378838334789016e-11 0.8995415878702314 0.0019527644045875976 0.03586503715546102
2008cf CMFGEN 1.02 True 7173.4033 35 0.046 54577.21944256882 0.05567608415003633 3.289645557858281e-11 2.5102410512813425e-13 0.07155577914637673 0.0024690969657752797 0.05759850795422031
2008cf CMFGEN 1.04 True 12230.163 35 0.046 54581.40505413959 0.047913722752127796 6.312503741072068e-11 5.008494549450266e-13 0.2809707355120605 0.002570871938837267 0.05759850795422031
2008cf CMFGEN 1.4 True 6478.635 35 0.046 54575.544690582174 0.05489284483337542 2.1524946753294248e-11 1.639206957865947e-13 -0.06473705299040138 0.0024469421400606663 0.05759850795422031
2008cf CMFGEN 1.7 True 17809.357 35 0.046 54580.123632621224 0.04812564351959736 6.154012447993364e-11 5.043534799976753e-13 0.28177029568085465 0.0026418115199685886 0.05759850795422031
2008ff CMFGEN 1.02 True 13397.253 104 0.0193 54693.436948380724 0.03497392787539866 6.274531878862892e-10 1.7320130307669838e-12 0.6165236245818495 0.0012686263020873247 0.04350702296194606
2008ff CMFGEN 1.04 True 18719.555 104 0.0193 54696.23738017145 0.02377229235935374 1.581085504053858e-09 4.309052782841594e-12 0.8704872108003472 0.0011606355880055977 0.04350702296194606
2008ff CMFGEN 1.4 True 7332.424 104 0.0193 54691.96454219491 0.03866470870707417 3.434565683682699e-10 9.843954078204697e-13 0.4306241398794524 0.0013302132757507107 0.04350702296194606
2008ff CMFGEN 1.7 True 49388.72 104 0.0193 54694.792989933194 0.04956081353520858 2.261251495436071e-09 7.078866400078263e-12 1.0015076951047177 0.001039041213327601 0.04350702296194606
2008fl CMFGEN 1.02 True 59051.465 86 0.0199 54702.6349286708 0.025843460563919507 3.713692790541625e-10 1.0654027418170813e-12 0.4820990688177761 0.0009911149510542375 0.15710973562674108
2008fl CMFGEN 1.04 True 67504.01 86 0.0199 54705.43379239588 0.03433457038045162 7.975375729248543e-10 2.7694626493043574e-12 0.6994121353025088 0.0010166918139877324 0.15710973562674108
2008fl CMFGEN 1.4 True 61701.758 86 0.0199 54701.4751503027 0.02638282908810652 2.3136975650515502e-10 6.503155367525177e-13 0.3418205062188112 0.0010287015345708899 0.15710973562674108
2008fl CMFGEN 1.7 True 124507.234 86 0.0199 54704.74684949546 0.04349381342763081 9.412934218590583e-10 4.792987105184357e-12 0.7749558942596162 0.0013337356808990266 0.15710973562674108
2008fp CMFGEN 1.02 True 92546.016 141 0.0057 54714.09429233664 0.012069766326021636 6.511543414875311e-09 8.87101358103247e-12 0.7968183907255197 0.0005814516768915405 0.16865355471544707
2008fp CMFGEN 1.04 True 119912.55 141 0.0057 54716.960215696636 0.011772958670917433 1.2669811099468113e-08 1.819778537322525e-11 0.9690000638492114 0.0005750457465445518 0.16865355471544707
2008fp CMFGEN 1.4 True 109811.06 141 0.0057 54712.40604064712 0.012804365520423744 4.3429333955030895e-09 6.011062083118111e-12 0.6801827445337411 0.0006046485125999912 0.16865355471544707
2008fp CMFGEN 1.7 True 300232.53 141 0.0057 54715.94891781412 0.01660603197888122 1.2172384261542651e-08 2.0471355838253987e-11 0.9737976493752036 0.0006006101079828832 0.16865355471544707
2008fr CMFGEN 1.02 True 5195.0312 57 0.0397 54717.73387362423 0.07420286813794519 6.816077046254701e-11 5.730584585772953e-13 0.30012107643955455 0.003002412284184333 0.038677564969285
