results/band_fits/u_g_r_Ydw_J.ecsv
# %ECSV 0.9
# ---
# datatype:
# - {name: object ID, datatype: string}
# - {name: model, datatype: string}
# - {name: version, datatype: string}
# - {name: success, datatype: bool}
# - {name: chisq, datatype: float32}
# - {name: ndof, datatype: int32}
# - {name: z, datatype: float64}
# - {name: t0, datatype: float64}
# - {name: t0_err, datatype: float64}
# - {name: x0, datatype: float64}
# - {name: x0_err, datatype: float64}
# - {name: hostebv, datatype: float64}
# - {name: hostebv_err, datatype: float64}
# - {name: mwebv, datatype: float64}
# meta:
#   bands: [csp_dr3_u, csp_dr3_g, csp_dr3_r, csp_dr3_Ydw, csp_dr3_J]
# schema: astropy-2.0
"object ID" model version success chisq ndof z t0 t0_err x0 x0_err hostebv hostebv_err mwebv
[from data line 257]
2008fr CMFGEN 1.4 True 3799.8376 57 0.0397 54716.9902804244 0.07452162664412754 3.877789016547419e-11 3.3567333403379277e-13 0.13503140776067912 0.0031553720462623542 0.038677564969285
2008fr CMFGEN 1.7 True 18363.732 57 0.0397 54720.464715207316 0.1401419248104503 1.681671275379034e-10 2.3011931502023103e-12 0.6000694268605464 0.003418790151945614 0.038677564969285
2008fu CMFGEN 1.02 True 3437.9534 41 0.052 54714.851465697604 0.13258497005153913 3.93046192346556e-11 6.804235079366513e-13 0.408490765843127 0.006548281210613533 0.018833736613107027
2008fu CMFGEN 1.04 True 4105.219 41 0.052 54717.738535956276 0.19203629658659338 9.44727287553386e-11 1.715353772761902e-12 0.6653624273788643 0.006376666194635957 0.018833736613107027
2008fu CMFGEN 1.4 True 3666.2444 41 0.052 54713.51658700975 0.14291673851766973 2.1569978188990384e-11 4.0811782346357773e-13 0.22440491292544026 0.0072795935570992565 0.018833736613107027
2008fu CMFGEN 1.7 True 6253.4946 41 0.052 54720.479078623495 0.1584128066242556 8.530290806272289e-11 1.7953381194204295e-12 0.7109973976227597 0.006951126692407486 0.018833736613107027
2008fw CMFGEN 1.02 True 28578.896 74 0.0085 54717.35531638418 0.04189115299959667 1.518298377973676e-09 6.095353292386984e-12 0.43990606932701365 0.0013676955731721661 0.11159617552698833
2008fw CMFGEN 1.04 True 55924.355 74 0.0085 54715.50271015829 0.03644068264475209 3.997096550480967e-09 1.750475074466594e-11 0.6456467164126586 0.001318391816800499 0.11159617552698833
2008fw CMFGEN 1.4 True 17773.943 74 0.0085 54717.038236545624 0.03434975922937156 8.361663641549582e-10 3.3249273275886493e-12 0.27187417305737344 0.0013942741371343744 0.11159617552698833
2008fw CMFGEN 1.7 True 92335.125 74 0.0085 54711.05981090565 0.060077910809923196 8.761297100862599e-09 5.7112414713453115e-11 0.8765558615087105 0.0017185321563924615 0.11159617552698833
2008gg CMFGEN 1.02 True 19279.596 83 0.032 54733.537880627875 0.04509127666824497 1.3005808295399772e-10 6.113860032927912e-13 0.3709179645581706 0.001486124312197073 0.02120202873332347
2008gg CMFGEN 1.04 True 32218.984 83 0.032 54736.61146273486 0.062121888466208475 2.6553016941303175e-10 1.4185891162846631e-12 0.5815775854636849 0.0014770716292514295 0.02120202873332347
2008gg CMFGEN 1.4 True 15184.349 83 0.032 54732.56318886107 0.04070664517348632 7.83980326933047e-11 3.5975769240090023e-13 0.22125411571622194 0.0015459211281964986 0.02120202873332347
2008gg CMFGEN 1.7 True 45276.25 83 0.032 54736.23273259169 0.048584934331302065 2.754632408239183e-10 1.5637817703028543e-12 0.6178363732534934 0.0016029206282839141 0.02120202873332347
2008hj CMFGEN 1.02 True 56160.62 52 0.0379 54761.20342474704 0.07836283531287336 4.518783838963032e-11 3.044348115597621e-13 -0.19445399542125627 0.002565975780872012 0.03086168432817931
2008hj CMFGEN 1.04 True 51218.492 52 0.0379 54756.39452043088 0.18243106402587728 1.5611941114765926e-10 1.3657564293739037e-12 0.06138331610058778 0.001970447979238299 0.03086168432817931
2008hj CMFGEN 1.4 True 4523.9526 52 0.0379 54781.434964098116 0.028103433400247013 3.625468832326122e-11 2.2209978344380638e-13 0.00746053384829582 0.0019454470030819502 0.03086168432817931
2008hj CMFGEN 1.7 True 52825.93 52 0.0379 54753.75516789643 0.1274951931045507 2.3513951673604276e-10 2.3897628089698283e-12 0.18875719247960923 0.002361976195587278 0.03086168432817931
2008hu CMFGEN 1.02 True 6707.723 39 0.0497 54785.267976036084 0.09675502760364907 3.572470465630007e-11 4.67433500588748e-13 0.34446106232892865 0.0047274805241611685 0.09234704414548399
2008hu CMFGEN 1.04 True 7438.1064 39 0.0497 54790.22038864828 0.07697597249716637 6.9932570812912e-11 8.759384421159524e-13 0.5743984012074744 0.004326652866343085 0.09234704414548399
2008hu CMFGEN 1.4 True 6984.394 39 0.0497 54783.20517708048 0.08890506869647652 1.997081288954566e-11 2.8073637264673765e-13 0.15230966486299113 0.005132408400697326 0.09234704414548399
2008hu CMFGEN 1.7 True 8545.574 39 0.0497 54789.34013820395 0.07350522725755582 6.532939659037514e-11 8.320724994796332e-13 0.5664799518372434 0.0043190565730057955 0.09234704414548399
2008hv CMFGEN 1.02 True 77478.664 88 0.0126 54799.58338712953 0.009309245640906738 4.911328622627825e-10 2.0336248487943523e-12 0.33100236486037504 0.001404086247895488 0.02743585979989673
2008hv CMFGEN 1.04 True 71787.78 88 0.0126 54801.90657367373 0.00611935388224083 1.1248653217017178e-09 4.591278115596461e-12 0.558051775926293 0.0013790738838545286 0.02743585979989673
2008hv CMFGEN 1.4 True 78106.01 88 0.0126 54798.06491180325 0.010268541813275078 3.0340012594074563e-10 1.205389434233204e-12 0.18451162151587516 0.0013478702145163439 0.02743585979989673
2008hv CMFGEN 1.7 True 109899.1 88 0.0126 54801.33862638742 0.007452161800756585 1.0800754620296724e-09 4.718289246549771e-12 0.5632153743016981 0.0014695967199128987 0.02743585979989673
2008ia CMFGEN 1.02 True 24666.361 66 0.0219 54794.00427345407 0.04192993445030879 2.8118896457062717e-10 1.3684140867812462e-12 0.44152187951515864 0.0018465077005167217 0.19479143249257042
2008ia CMFGEN 1.04 True 32859.06 66 0.0219 54798.29686365884 0.034614325009897584 6.4801044164706e-10 3.253132509726939e-12 0.7072622680067556 0.0019749553400889475 0.19479143249257042
2008ia CMFGEN 1.4 True 22556.03 66 0.0219 54792.084237786774 0.04041213922391762 1.6898270371312035e-10 8.070543831807623e-13 0.2733562699771275 0.0017910025980010966 0.19479143249257042
2008ia CMFGEN 1.7 True 79830.34 66 0.0219 54796.860185534424 0.04211596137974993 1.0925807228543274e-09 8.782409578530152e-12 0.9079897774470209 0.0031703121547314297 0.19479143249257042
2009D CMFGEN 1.02 True 31298.848 71 0.025 54822.93366638939 0.01826407404951169 1.651945197948094e-10 6.836389634122686e-13 0.1833718433587294 0.0013390442717260132 0.04553556357655682
2009D CMFGEN 1.04 True 54345.41 71 0.025 54826.136720605304 0.015456310182344168 2.997743967671761e-10 1.2467402680574192e-12 0.3625442014362137 0.0013383734740315936 0.04553556357655682
2009D CMFGEN 1.4 True 24889.963 71 0.025 54821.30657961193 0.01900640760140959 1.0864165409513332e-10 4.4438205417641693e-13 0.051113217178962 0.001319114350105749 0.04553556357655682
2009D CMFGEN 1.7 True 72446.32 71 0.025 54825.045058425625 0.01617008489120053 2.8173021728195773e-10 1.1981807595292102e-12 0.3541172572479954 0.0013720111694501406 0.04553556357655682
2009F CMFGEN 1.02 True 52690.215 51 0.013 54823.76694361009 0.031084455527889077 2.8895312596853677e-10 2.1338841451684907e-12 0.7147497670815235 0.0027587217248818863 0.08942501844180814
2009F CMFGEN 1.04 True 43051.215 51 0.013 54827.70593421115 0.021740265565313166 5.287273328931015e-10 3.873894504407242e-12 0.8888374692495424 0.0027306255291153643 0.08942501844180814
2009F CMFGEN 1.4 True 54423.69 51 0.013 54821.05794274761 0.0352326511820138 1.9752715979686251e-10 1.514657546252154e-12 0.5908507217840352 0.0028614245166685864 0.08942501844180814
2009F CMFGEN 1.7 True 47088.04 51 0.013 54826.76052118471 0.02293563096463913 4.664838245798415e-10 3.2971812217502786e-12 0.8549965465102735 0.0026303590705642633 0.08942501844180814
2009Y CMFGEN 1.02 True 51927.383 93 0.0094 54858.55863490583 0.02024235134012997 1.6014850753803158e-09 6.048369363067855e-12 0.394511685695687 0.0012192690206506485 0.08739267344609465
2009Y CMFGEN 1.04 True 79767.98 93 0.0094 54861.55716377967 0.017300300893111853 3.2052776307385647e-09 1.2028204047469575e-11 0.589383902577041 0.0012124529849488039 0.08739267344609465
2009Y CMFGEN 1.4 True 40640.24 93 0.0094 54856.93115859892 0.02193665447703097 1.0094857092403474e-09 3.730619603653537e-12 0.25722820021217185 0.0011827271282218398 0.08739267344609465
2009Y CMFGEN 1.7 True 130801.68 93 0.0094 54860.54616558787 0.018992792724020546 3.342772590768498e-09 1.282257713216598e-11 0.6212657227087882 0.0012397277306811178 0.08739267344609465
2009aa CMFGEN 1.02 True 36142.598 68 0.0273 54860.12684498465 0.014355416802573018 9.724653905205538e-11 4.780909662092625e-13 0.19795758491076376 0.0016079851188288208 0.029208185622029807
2009aa CMFGEN 1.04 True 43921.25 68 0.0273 54862.70369222362 0.01187494297118974 1.614192016255297e-10 8.201641894234207e-13 0.3442865847262668 0.001661875649837348 0.029208185622029807
2009aa CMFGEN 1.7 True 52141.273 68 0.0273 54861.699608200965 0.01246782549424097 1.4740567600797505e-10 7.316623776517184e-13 0.32635535098033036 0.0016236303325052079 0.029208185622029807
2009ag CMFGEN 1.02 True 30907.756 58 0.0086 54872.399702436676 0.037335983444791054 1.4138505622752914e-09 7.429086498130798e-12 0.5667232204537933 0.001800678247462546 0.21795939846193027
2009ag CMFGEN 1.04 True 43157.99 58 0.0086 54875.468924122775 0.04131727794811013 2.8119248049577734e-09 1.481453708768104e-11 0.7593589584373353 0.0017171515876108236 0.21795939846193027
2009ag CMFGEN 1.4 True 24657.564 58 0.0086 54871.10050646237 0.03648024215726764 8.079644878520192e-10 4.01242926050219e-12 0.393114977415244 0.0017361717996443697 0.21795939846193027
2009cz CMFGEN 1.02 True 4553.799 25 0.0211 54925.422726799254 0.033791557489166735 1.6585171329902964e-10 1.306480442970899e-12 0.166078280467093 0.0027104400387449974 0.022280159832036444
2009cz CMFGEN 1.04 True 12756.273 25 0.0211 54928.403054154754 0.029266266028571408 2.925898149497965e-10 2.4108391571999947e-12 0.34032657295439134 0.0028155242527617007 0.022280159832036444
2009cz CMFGEN 1.4 True 2508.5435 25 0.0211 54923.61801663817 0.03637272916967049 1.1443234160694383e-10 8.625423786876388e-13 0.0485613338119149 0.00259744023268842 0.022280159832036444
2009cz CMFGEN 1.7 True 13776.222 25 0.0211 54927.513177776775 0.029207523177319672 2.596851409098797e-10 2.167339007992407e-12 0.30747604206762713 0.002848343120071463 0.022280159832036444
2009dc CMFGEN 1.02 True 84492.945 35 0.0214 54912.076064504465 0.038359512960596476 5.025125205597112e-10 2.172140495047326e-12 0.07565294399552074 0.0015813360885438103 0.0601626563528406
2009dc CMFGEN 1.04 True 87946.04 35 0.0214 54905.38691358357 0.04099048094212776 1.3823409188231885e-09 5.6783797390477605e-12 0.23361328777376497 0.0015749854240604444 0.0601626563528406
2009dc CMFGEN 1.4 True 90356.0 35 0.0214 54910.68479126126 0.05296979847844341 2.9032398450086697e-10 1.3396770271427982e-12 -0.08879887402130004 0.0018673498517297008 0.0601626563528406
2009dc CMFGEN 1.7 True 102725.12 35 0.0214 54902.61680383756 0.09391968652926153 2.5183911819019987e-09 1.366121930261027e-11 0.42430834226917125 0.0015460258319208516 0.0601626563528406
2009ds CMFGEN 1.02 True 8426.702 27 0.0193 54898.834643094284 0.4220201542302675 4.086751545776865e-10 9.341225305105819e-12 -0.19023248117304223 0.004215313669992793 0.03346943379780617
2009ds CMFGEN 1.4 True 8037.617 27 0.0193 54889.616448172535 0.47695244147689664 3.413496585041289e-10 7.37708732310628e-12 -0.29137244624889963 0.004093190423140596 0.03346943379780617
2009ds CMFGEN 1.7 True 504.5738 27 0.0193 54944.805370470785 0.04358048275389592 2.477504405584822e-10 2.7547333714078295e-12 0.21593461221701019 0.0031893347376208223 0.03346943379780617
