results/band_fits/u_g_r_H.ecsv
# %ECSV 0.9
# ---
# datatype:
# - {name: object ID, datatype: string}
# - {name: model, datatype: string}
# - {name: version, datatype: string}
# - {name: success, datatype: bool}
# - {name: chisq, datatype: float32}
# - {name: ndof, datatype: int32}
# - {name: z, datatype: float64}
# - {name: t0, datatype: float64}
# - {name: t0_err, datatype: float64}
# - {name: x0, datatype: float64}
# - {name: x0_err, datatype: float64}
# - {name: hostebv, datatype: float64}
# - {name: hostebv_err, datatype: float64}
# - {name: mwebv, datatype: float64}
# meta:
#   bands: [csp_dr3_u, csp_dr3_g, csp_dr3_r, csp_dr3_H]
# schema: astropy-2.0
"object ID" model version success chisq ndof z t0 t0_err x0 x0_err hostebv hostebv_err mwebv
[from data line 343]
2009aa CMFGEN 1.4 True 243162.19 89 0.0273 54816.80979022723 0.15532714287837734 1.2304396448369553e-10 1.6806514005428113e-12 -0.09343972943085467 0.003432609982585749 0.029208185622029807
2009aa CMFGEN 1.7 True 55323.848 89 0.0273 54861.53034477741 0.013142285137291765 1.1549248046101266e-10 6.700275731972152e-13 0.25199566320511346 0.001819503084215404 0.029208185622029807
2009ab CMFGEN 1.02 True 134881.75 41 0.0112 54811.32668453815 0.309354730634368 5.364159919372579e-09 9.775826171921662e-11 0.5032535233422417 0.0038266796434509123 0.18405555183859043
2009ab CMFGEN 1.04 True 35414.145 41 0.0112 54867.9227317898 0.01643466929817805 9.090277689578771e-10 5.7154723154099655e-12 0.4372931896792169 0.002214815707615409 0.18405555183859043
2009ab CMFGEN 1.4 True 135540.58 41 0.0112 54805.21624764235 0.5056537397322245 3.9357601399962325e-09 1.0631549499298838e-10 0.40679838377040384 0.005506734073938058 0.18405555183859043
2009ab CMFGEN 1.7 True 44922.277 41 0.0112 54867.05077630728 0.017362043141474715 8.777029520916232e-10 5.6656619386198905e-12 0.43834840482705684 0.0022774776592301223 0.18405555183859043
2009ad CMFGEN 1.02 True 8791.76 50 0.0284 54868.358422871635 0.020386954209243413 7.156216811574752e-11 4.735521804974188e-13 0.037631214919728755 0.0020814779812007834 0.09604962160081496
2009ad CMFGEN 1.04 True 18516.182 50 0.0284 54870.9239533088 0.018061664675769862 1.1685389691550765e-10 7.980587382418976e-13 0.18434695544653718 0.002134155845943776 0.09604962160081496
2009ad CMFGEN 1.4 True 6043.4395 50 0.0284 54866.8877451016 0.02203665516572073 5.125541276791045e-11 3.33018143102912e-13 -0.06593657059639625 0.0020448286535191124 0.09604962160081496
2009ad CMFGEN 1.7 True 21944.854 50 0.0284 54869.94653003964 0.01885520746873226 1.0442131327950577e-10 7.207381394466594e-13 0.1548678614833759 0.002156255312603448 0.09604962160081496
2009ag CMFGEN 1.02 True 57032.312 82 0.0086 54872.031460038466 0.052714487250341335 2.7951100336295087e-09 8.874210035990001e-12 0.7994806897271973 0.0013534531358098854 0.21795939846193027
2009ag CMFGEN 1.04 True 60903.555 82 0.0086 54874.31400141065 0.04559686975699151 5.056460126359968e-09 1.5737715955106674e-11 0.9423485488070095 0.001209461984233631 0.21795939846193027
2009ag CMFGEN 1.4 True 64267.32 82 0.0086 54870.955474123075 0.043913908335525775 1.81612879331154e-09 6.156062333641432e-12 0.6758691356251839 0.0014468333501142302 0.21795939846193027
2009ag CMFGEN 1.7 True 79769.055 82 0.0086 54873.968430421606 0.06061425395819242 5.6508324531922165e-09 2.2537309311540906e-11 1.0065605347221853 0.001110528311309572 0.21795939846193027
2009al CMFGEN 1.02 True 9501.49 49 0.0221 54879.69985736793 0.07807537226835848 2.987067282987906e-10 3.6290459347621007e-12 0.5570221377531743 0.003992460520076561 0.021173943720526493
2009al CMFGEN 1.04 True 8614.992 49 0.0221 54883.15231889998 0.07093881155378767 6.380095292259993e-10 7.117522835955183e-12 0.7737091164013172 0.0035302891396768316 0.021173943720526493
2009al CMFGEN 1.4 True 9633.651 49 0.0221 54878.56139800304 0.07075594370326144 1.474663535737872e-10 1.8206713568894404e-12 0.33982221751677505 0.004099392241097671 0.021173943720526493
2009al CMFGEN 1.7 True 12224.873 49 0.0221 54882.357154921265 0.07315215099151828 7.357217507278945e-10 7.975466310953344e-12 0.8414010956033724 0.003363720987936064 0.021173943720526493
2009cz CMFGEN 1.02 True 32311.703 33 0.0211 54858.67699087952 0.7404265153199958 2.026666740387798e-09 8.534116193648535e-11 0.2930523724587058 0.008415187838060395 0.022280159832036444
2009cz CMFGEN 1.04 True 12049.878 33 0.0211 54928.18917354005 0.028488412201113533 2.7514907273920614e-10 2.274976099042472e-12 0.32066977533263596 0.0028059502511574076 0.022280159832036444
2009cz CMFGEN 1.4 True 32734.824 33 0.0211 54848.23631076455 0.8073487267101882 1.587164742492915e-09 6.872899401949492e-11 0.19291873603620277 0.008808020918378304 0.022280159832036444
2009cz CMFGEN 1.7 True 12798.99 33 0.0211 54927.36749086469 0.028960985386220273 2.4493181491320365e-10 2.044271308572841e-12 0.2887347917708947 0.0028290449094948104 0.022280159832036444
2009dc CMFGEN 1.02 True 36063.32 46 0.0214 54930.42307549875 0.02424936219904339 3.947380646989901e-10 2.586918497230356e-12 0.21869043145158215 0.0022628778532406573 0.0601626563528406
2009dc CMFGEN 1.4 True 29711.586 46 0.0214 54928.777088856616 0.02629442040779395 2.4819568645904397e-10 1.6056384437277939e-12 0.06963033287965427 0.00223603518842886 0.0601626563528406
2009ds CMFGEN 1.02 True 10558.302 36 0.0193 54898.66658696663 0.41209039481327636 4.728369464104709e-10 1.0857142460702617e-11 -0.14944227252479028 0.004348476451409279 0.03346943379780617
2009ds CMFGEN 1.4 True 10335.702 36 0.0193 54890.24838153888 0.46531890164988 3.769053042612484e-10 8.243367410625346e-12 -0.25923360557404296 0.004237218161267446 0.03346943379780617
2009ds CMFGEN 1.7 True 25833.428 36 0.0193 54975.85552499999 4.829013050766662e-06 1.7066450940729708e-10 2.7622242947565683e-12 -2.638542167981093 0.0047737128257719355 0.03346943379780617
2009le CMFGEN 1.02 True 79557.77 28 0.0178 55092.71268736185 0.2288319960280205 2.2999383597459942e-10 3.4485809153912563e-12 -0.3237117933512721 0.0034168818020965603 0.014164773316496019
2009le CMFGEN 1.04 True 2278.0273 28 0.0178 55149.70030744538 0.01392985302300076 3.088565810835428e-10 2.4592367447248904e-12 0.24074996596327 0.0022200635762845817 0.014164773316496019
2009le CMFGEN 1.4 True 73416.945 28 0.0178 55091.796635971004 0.2008116553297441 1.329512721032092e-10 1.7683387706806688e-12 -0.4810636051225077 0.003156866535373828 0.014164773316496019
2009le CMFGEN 1.7 True 2605.1567 28 0.0178 55148.92149751686 0.01530391368214623 2.9081838472540336e-10 2.3438333187917018e-12 0.22428680482449032 0.002224288117441824 0.014164773316496019
