results/band_fits/u_g_r_J.ecsv
# %ECSV 0.9
# ---
# datatype:
# - {name: object ID, datatype: string}
# - {name: model, datatype: string}
# - {name: version, datatype: string}
# - {name: success, datatype: bool}
# - {name: chisq, datatype: float32}
# - {name: ndof, datatype: int32}
# - {name: z, datatype: float64}
# - {name: t0, datatype: float64}
# - {name: t0_err, datatype: float64}
# - {name: x0, datatype: float64}
# - {name: x0_err, datatype: float64}
# - {name: hostebv, datatype: float64}
# - {name: hostebv_err, datatype: float64}
# - {name: mwebv, datatype: float64}
# meta:
#   bands: [csp_dr3_u, csp_dr3_g, csp_dr3_r, csp_dr3_J]
# schema: astropy-2.0
"object ID" model version success chisq ndof z t0 t0_err x0 x0_err hostebv hostebv_err mwebv
[from data line 343]
2009D CMFGEN 1.02 True 30878.006 65 0.025 54822.91188371942 0.018372957027168013 1.6180751869886793e-10 6.882846256092085e-13 0.17688525169956562 0.0013709734908597922 0.04553556357655682
2009D CMFGEN 1.04 True 53682.39 65 0.025 54826.097311467514 0.015634912517271005 2.9211162709696255e-10 1.2447397397121807e-12 0.35445862374561815 0.0013654982762245711 0.04553556357655682
2009D CMFGEN 1.4 True 24216.508 65 0.025 54821.29775011792 0.019066431224928237 1.0613798849113081e-10 4.436680274877216e-13 0.04391613349777263 0.001342194271227412 0.04553556357655682
2009D CMFGEN 1.7 True 72122.75 65 0.025 54825.00792463264 0.016393237336160382 2.759132344629887e-10 1.213168605201493e-12 0.34754031427382037 0.001413270294108737 0.04553556357655682
2009F CMFGEN 1.02 True 45942.27 43 0.013 54823.40091168091 0.03251414616534021 2.2574052164664606e-10 1.8334275113485896e-12 0.627560373492378 0.0029315362825290073 0.08942501844180814
2009F CMFGEN 1.04 True 35348.797 43 0.013 54827.36243188353 0.02312484331196174 4.1644572572704924e-10 3.35447343879247e-12 0.8061769431539284 0.002891128271171707 0.08942501844180814
2009F CMFGEN 1.4 True 47472.24 43 0.013 54820.7353108373 0.03683977827313356 1.5151652525781195e-10 1.2420584299463635e-12 0.49666304251117577 0.0029561615750405795 0.08942501844180814
2009F CMFGEN 1.7 True 39770.43 43 0.013 54826.353495266965 0.024636764548631618 3.750135790217141e-10 3.0063185004651053e-12 0.7794715464151745 0.0028806783224735928 0.08942501844180814
2009Y CMFGEN 1.02 True 51667.746 87 0.0094 54858.544231524524 0.020306686696130782 1.5869036055330873e-09 6.3892822008413744e-12 0.3916207694977896 0.0012931225744715516 0.08739267344609465
2009Y CMFGEN 1.04 True 78499.26 87 0.0094 54861.53159152027 0.01743140006874455 3.1431649005489808e-09 1.2448754770512877e-11 0.5832956175621609 0.0012724245320115768 0.08739267344609465
2009Y CMFGEN 1.4 True 40404.74 87 0.0094 54856.93653830395 0.02198794806463411 1.0076328610281846e-09 3.976151000457452e-12 0.25670005222482145 0.0012574276492120162 0.08739267344609465
2009Y CMFGEN 1.7 True 127587.734 87 0.0094 54860.58224471736 0.019012348147953162 3.3489587834561107e-09 1.3833979734761117e-11 0.6220711941846647 0.0013333406720712003 0.08739267344609465
2009aa CMFGEN 1.02 True 31251.045 62 0.0273 54860.067809206615 0.014658245207101572 8.230820568512356e-11 4.4393829817516753e-13 0.1465724431616836 0.0017142532921225377 0.029208185622029807
2009aa CMFGEN 1.04 True 37604.836 62 0.0273 54862.59081531002 0.012193264858069597 1.3350236514520793e-10 7.31982931516602e-13 0.2862187838525572 0.0017358849659150587 0.029208185622029807
2009aa CMFGEN 1.4 True 250393.64 62 0.0273 54820.11532444232 0.5529767833759252 9.130269779814583e-11 4.208443101761957e-12 -0.16023344207857917 0.009592265007442227 0.029208185622029807
2009aa CMFGEN 1.7 True 47748.816 62 0.0273 54861.57743388035 0.012911656609503552 1.24022075488038e-10 6.895783819661933e-13 0.27346270024772396 0.001763360051137412 0.029208185622029807
2009ag CMFGEN 1.02 True 29481.893 54 0.0086 54872.352562807755 0.03704611867215135 1.3253865877782556e-09 7.2071337546993116e-12 0.544696101659845 0.001847875961236067 0.21795939846193027
2009ag CMFGEN 1.04 True 39851.805 54 0.0086 54875.46359010908 0.040253542425489286 2.6098799534657834e-09 1.3823448198665078e-11 0.7350256462421848 0.0017163380815940492 0.21795939846193027
2009ag CMFGEN 1.4 True 23569.525 54 0.0086 54871.037415531384 0.0363660754301236 7.665632246204792e-10 3.969840934056638e-12 0.37495199656824696 0.0017981278538460048 0.21795939846193027
2009ag CMFGEN 1.7 True 57988.87 54 0.0086 54875.13197772488 0.04673849181563128 2.990602433125764e-09 1.7773346699429872e-11 0.8071467682732931 0.0018584865296209262 0.21795939846193027
2009al CMFGEN 1.02 True 6981.0938 39 0.0221 54879.88447457992 0.0788119224635011 2.2889329823381382e-10 2.8729420681824873e-12 0.4739425006859618 0.0040424822916253315 0.021173943720526493
2009al CMFGEN 1.4 True 5764.7534 39 0.0221 54878.72997984238 0.07153098243725253 1.1719602398787526e-10 1.4220467316966995e-12 0.2686811353683187 0.003971856667513557 0.021173943720526493
2009cz CMFGEN 1.02 True 4304.6978 23 0.0211 54925.37279244459 0.03370571666164324 1.5944171331116862e-10 1.3006328727571362e-12 0.15316417146429442 0.0027836612540617037 0.022280159832036444
2009cz CMFGEN 1.04 True 11755.54 23 0.0211 54928.302417341496 0.02923523365825531 2.7448744588325647e-10 2.269447042136911e-12 0.31956928539236995 0.0028006233574224206 0.022280159832036444
2009cz CMFGEN 1.4 True 2423.958 23 0.0211 54923.604207912125 0.03618180779812974 1.1181742200189906e-10 8.829530837210785e-13 0.0409980468318646 0.002700734126654295 0.022280159832036444
2009cz CMFGEN 1.7 True 12563.595 23 0.0211 54927.432779364826 0.029243619475892046 2.4336354971485696e-10 2.027185781899216e-12 0.28636874431232356 0.00281856794526723 0.022280159832036444
2009dc CMFGEN 1.02 True 80175.42 31 0.0214 54911.4452384805 0.03426329807189177 6.785956952976847e-10 4.507976980102307e-12 0.16629441997925332 0.0022769570008867013 0.0601626563528406
2009dc CMFGEN 1.04 True 73208.27 31 0.0214 54900.71973211745 0.058326556554675335 2.5273083342824963e-09 1.4989465052396802e-11 0.37677061637562737 0.0019263519136628851 0.0601626563528406
2009dc CMFGEN 1.4 True 88925.36 31 0.0214 54909.92146230315 0.0519090083289484 3.290424594931591e-10 2.2211244173832743e-12 -0.058191325310557734 0.002410180918276411 0.0601626563528406
2009dc CMFGEN 1.7 True 95164.695 31 0.0214 54895.25470786849 0.1868649560783524 5.922617677466004e-09 9.399809291882985e-11 0.6212223470253478 0.003616529791818834 0.0601626563528406
2009ds CMFGEN 1.02 True 8353.891 26 0.0193 54898.721101300565 0.4168203783920035 4.1651964130169714e-10 9.490012925565184e-12 -0.18563946445730184 0.004246979978064449 0.03346943379780617
2009ds CMFGEN 1.4 True 7962.164 26 0.0193 54889.633935098755 0.4729376667892211 3.455923926228259e-10 7.460462801958342e-12 -0.2877763634873939 0.0041193618138066716 0.03346943379780617
2009ds CMFGEN 1.7 True 504.35187 26 0.0193 54944.80489131899 0.043600190489087254 2.4765895383545217e-10 2.7604223270615164e-12 0.2158320142353601 0.003196551335552182 0.03346943379780617
