results/band_fits/u_g_r_Ydw_H.ecsv
# %ECSV 0.9
# ---
# datatype:
# - {name: object ID, datatype: string}
# - {name: model, datatype: string}
# - {name: version, datatype: string}
# - {name: success, datatype: bool}
# - {name: chisq, datatype: float32}
# - {name: ndof, datatype: int32}
# - {name: z, datatype: float64}
# - {name: t0, datatype: float64}
# - {name: t0_err, datatype: float64}
# - {name: x0, datatype: float64}
# - {name: x0_err, datatype: float64}
# - {name: hostebv, datatype: float64}
# - {name: hostebv_err, datatype: float64}
# - {name: mwebv, datatype: float64}
# meta:
#   bands: [csp_dr3_u, csp_dr3_g, csp_dr3_r, csp_dr3_Ydw, csp_dr3_H]
# schema: astropy-2.0
"object ID" model version success chisq ndof z t0 t0_err x0 x0_err hostebv hostebv_err mwebv
[from data line 171]
2007jg CMFGEN 1.7 True 10411.29 40 0.0371 54349.292349274045 0.04110589919946506 8.480905351341135e-11 9.317447421024644e-13 0.42302893240860484 0.0034232000875889044 0.09127945747595989
2007le CMFGEN 1.02 True 43735.984 106 0.0067 54382.02380548544 0.020923871219565626 6.225762972847373e-09 1.7113948631790126e-11 0.8110068705363032 0.0010754716930292938 0.02875745688753973
2007le CMFGEN 1.04 True 53277.848 106 0.0067 54384.971575527685 0.015068145217810525 1.1885626366039835e-08 3.1963490791856656e-11 0.979541088351131 0.001040272186057044 0.02875745688753973
2007le CMFGEN 1.4 True 55046.2 106 0.0067 54380.04669461317 0.02479360507277306 3.848778610934623e-09 1.1338008990414318e-11 0.6656895823998024 0.0011447096757511554 0.02875745688753973
2007le CMFGEN 1.7 True 100767.79 106 0.0067 54384.501727436 0.015123611308808904 1.3055051262439689e-08 3.48286273030114e-11 1.031246402450924 0.0010311872541851354 0.02875745688753973
2007nq CMFGEN 1.02 True 14466.239 64 0.045 54378.9381479991 0.06371198573106085 5.0309911190867415e-11 4.90404964976912e-13 0.36040220698490594 0.0033944041630949136 0.03048465300562326
2007nq CMFGEN 1.04 True 14697.014 64 0.045 54382.94963802871 0.06145374875632115 1.1128318122469627e-10 1.1426791943028667e-12 0.6071552160537874 0.0035062724721838688 0.03048465300562326
2007nq CMFGEN 1.4 True 15305.968 64 0.045 54377.38948590158 0.06185106678458396 2.718149058100425e-11 2.747481475163111e-13 0.16844223984222648 0.0035314196623163286 0.03048465300562326
2007nq CMFGEN 1.7 True 21460.068 64 0.045 54382.11148043252 0.06365916684808326 1.2263583656700142e-10 1.4607544907959611e-12 0.6559215597325734 0.004006032584999101 0.03048465300562326
2007on CMFGEN 1.02 True 175202.14 141 0.0065 54401.3567175131 0.021231565540801967 5.066781244832833e-09 1.640888309299671e-11 0.6542826111249196 0.001252423877667476 0.00991579720241815
2007on CMFGEN 1.04 True 131685.11 141 0.0065 54404.81027202477 0.01711873655222007 1.0208792863853417e-08 2.8878816426248005e-11 0.8332522431556333 0.001107549310776972 0.00991579720241815
2007on CMFGEN 1.4 True 209674.97 141 0.0065 54399.39237959021 0.024327309136424446 3.1464655358109975e-09 1.1771266482089966e-11 0.518950108180305 0.001438305049284511 0.00991579720241815
2007on CMFGEN 1.7 True 136213.77 141 0.0065 54405.36216866101 0.015580544131807983 1.5884291037176222e-08 4.561122836812128e-11 1.013937713297426 0.0011995345572861178 0.00991579720241815
2007so CMFGEN 1.02 True 2478.4795 28 0.0297 54411.5788712597 0.1563312749058241 2.97077202910822e-10 2.8073415603878336e-12 0.7522693972352856 0.0036829260639225448 0.11558239602450404
2007so CMFGEN 1.04 True 2046.9587 28 0.0297 54415.677039779315 0.1930290026102739 7.472910963656933e-10 7.110698620873476e-12 1.0220360590942055 0.0036091937524778453 0.11558239602450404
2007so CMFGEN 1.4 True 3410.537 28 0.0297 54409.5791848249 0.1455834718326514 1.7340187539543415e-10 1.6706712372453886e-12 0.5825201587007428 0.00393945441994319 0.11558239602450404
2007so CMFGEN 1.7 True 4692.991 28 0.0297 54407.84971157627 0.36069064102412085 2.0228491436792247e-09 2.331313884296999e-11 1.2930693772132176 0.004468423984358011 0.11558239602450404
2007sr CMFGEN 1.02 True 70397.18 110 0.0055 54433.30101077339 0.03351862687850371 7.796091637894147e-09 1.6926147944715687e-11 0.6044652343335389 0.0008414208987367429 0.04047821787749507
2007sr CMFGEN 1.04 True 74556.38 110 0.0055 54435.2098180104 0.03355931368787424 1.5991985012825704e-08 3.2516923002195074e-11 0.778113941244242 0.0008145942243319979 0.04047821787749507
2007sr CMFGEN 1.4 True 85909.19 110 0.0055 54432.36339883525 0.03190175587951671 4.552553925169404e-09 1.0709186269540562e-11 0.45618372646846694 0.0008804048897386122 0.04047821787749507
2007sr CMFGEN 1.7 True 147019.3 110 0.0055 54434.44581720754 0.06418725908224587 1.805854599299853e-08 4.489581849895236e-11 0.834233996002484 0.0008499453175963715 0.04047821787749507
2007st CMFGEN 1.02 True 18866.203 51 0.0212 54435.086441521365 0.09126738918348565 3.887977197582379e-10 2.7465127354984387e-12 0.5335403770841977 0.0024446209421522917 0.014189318123033668
2007st CMFGEN 1.04 True 216457.12 51 0.0212 54511.75409999994 2.0306979422457516e-06 2.0884575560612285e-08 3.4410438201930716e-10 -0.3663604944389747 0.007402989850778451 0.014189318123033668
2007st CMFGEN 1.4 True 17180.043 51 0.0212 54433.74599648032 0.07059876880884985 2.2720816467733768e-10 1.593477464227414e-12 0.36511677994723407 0.0025358314368898486 0.014189318123033668
2007st CMFGEN 1.7 True 159853.3 51 0.0212 54511.75409999998 5.502890417119488e-06 2.2323393779877663e-10 3.916639944257741e-12 -2.0173751683827277 0.0055950727941163955 0.014189318123033668
2007ux CMFGEN 1.02 True 16636.912 68 0.0309 54444.15402277829 0.07939378991068224 9.204448072060634e-11 8.140481920619522e-13 0.4802239454866669 0.003141432340321572 0.03865491382492817
2007ux CMFGEN 1.04 True 15513.24 68 0.0309 54450.330017233275 0.06297029691995704 1.8447889693796597e-10 1.6936465521130878e-12 0.7290726932416858 0.0033107836161210876 0.03865491382492817
2007ux CMFGEN 1.4 True 17289.36 68 0.0309 54442.594740547436 0.06672056132083526 5.3858174767252755e-11 4.868235397472029e-13 0.3110905781438651 0.0032466645372385876 0.03865491382492817
2007ux CMFGEN 1.7 True 22624.94 68 0.0309 54448.504221650976 0.07788208057172596 2.2531789932435038e-10 2.5707047984358228e-12 0.7977562664260096 0.003996183840589543 0.03865491382492817
2008C CMFGEN 1.02 True 8150.46 57 0.0166 54449.1706880044 0.08702920344148879 5.884152547452969e-10 3.929484964626821e-12 0.5812467094823188 0.002726671242612805 0.07204778690206645
2008C CMFGEN 1.04 True 12118.494 57 0.0166 54453.39372915032 0.06617669698243844 1.3097373955110797e-09 9.489681283202087e-12 0.8440476935416269 0.002972184192219036 0.07204778690206645
2008C CMFGEN 1.4 True 8736.877 57 0.0166 54447.3817924163 0.07291523761159624 3.599001384162552e-10 2.429035241983822e-12 0.42500401811397237 0.002765852122132348 0.07204778690206645
2008C CMFGEN 1.7 False 100364.35 57 0.0166 54461.80862796438 223.19346850103466 1.568738168141118e-10 1.0000106660863404 0.19317326154476544 1.0000009999995 0.07204778690206645
2008O CMFGEN 1.02 True 3697.9873 36 0.0389 54470.04693065539 0.11509376085814438 6.735998053105142e-11 9.494681577847932e-13 0.5455353873131829 0.004782674631729949 0.07585233234567533
2008O CMFGEN 1.04 True 4366.5674 36 0.0389 54475.38690096778 0.10009462087691645 1.160306353609226e-10 1.7394334289040436e-12 0.7399472923403859 0.005215736649357842 0.07585233234567533
2008O CMFGEN 1.4 True 3687.2068 36 0.0389 54467.60101485935 0.1255765293717559 4.553121256812906e-11 6.411585961062009e-13 0.40994336715863894 0.004940950421926629 0.07585233234567533
2008O CMFGEN 1.7 True 5002.773 36 0.0389 54474.2332346034 0.09884610530571081 1.1203232073771022e-10 1.7058836302460536e-12 0.7334996863526536 0.005193259235714247 0.07585233234567533
2008R CMFGEN 1.02 True 58630.312 40 0.0135 54472.24687262389 0.040829742731148144 4.691688682157723e-10 3.557851491218974e-12 0.41374130856224306 0.002614333779111136 0.06202084408502785
2008R CMFGEN 1.04 True 49511.805 40 0.0135 54477.450244869324 0.041576313491532346 1.0114193037538122e-09 7.254775177580814e-12 0.6657179441016404 0.0025021681554416417 0.06202084408502785
2008R CMFGEN 1.4 True 56733.367 40 0.0135 54470.37588822714 0.039732087454467546 2.4289987841056976e-10 1.792364068768622e-12 0.19687246439531303 0.002528492589795658 0.06202084408502785
2008R CMFGEN 1.7 True 58289.223 40 0.0135 54476.43355482282 0.041248811525292695 1.2845767325191842e-09 9.993665426560607e-12 0.7613613049200433 0.0026591577837697822 0.06202084408502785
2008ae CMFGEN 1.02 True 1960.6995 30 0.03 54481.09220235278 0.23761985846795142 3.4575150145546796e-10 6.4156998718688505e-12 1.0743786634688333 0.008796568990747627 0.02369781462470916
2008ae CMFGEN 1.04 True 1337.192 30 0.03 54498.94548568911 0.14177750724047655 6.151946655833012e-10 1.0911920497145744e-11 1.5126953507266137 0.008243913039696368 0.02369781462470916
2008ae CMFGEN 1.4 True 1539.4586 30 0.03 54493.892068712776 0.22001656022985117 1.2851337849011012e-10 2.569985097805962e-12 0.9162315315396206 0.008804734419568583 0.02369781462470916
2008ae CMFGEN 1.7 True 2234.1536 30 0.03 54497.70653118784 0.15225346623265068 1.3625348052293758e-09 2.4153461455497353e-11 1.8508454720035554 0.008201869242730687 0.02369781462470916
2008ar CMFGEN 1.02 True 8927.056 52 0.0261 54516.71831684826 0.037454834426171146 1.5379694772502166e-10 1.4925961913205e-12 0.34441716128413724 0.0032821726615939175 0.03165642704095217
2008ar CMFGEN 1.04 True 55121.258 52 0.0261 54495.72016796897 0.07654837826339644 8.383394903096419e-10 9.735685354438747e-12 0.6101435467472028 0.003588518909148214 0.03165642704095217
2008ar CMFGEN 1.4 True 7068.062 52 0.0261 54515.40697475765 0.04028896151430672 8.497219939763958e-11 8.111231703494685e-13 0.16008002882370687 0.0032231782141943686 0.03165642704095217
2008ar CMFGEN 1.7 True 20412.129 52 0.0261 54518.566638225486 0.03288623970001936 3.4853718557889386e-10 3.5299891172031433e-12 0.600934554968947 0.0034000658868711003 0.03165642704095217
2008bc CMFGEN 1.02 True 31422.03 92 0.0151 54531.22495810354 0.017584019809874007 3.292863451999146e-10 1.431082785673995e-12 0.13365412827584836 0.0013861935904148461 0.22550709929515722
2008bc CMFGEN 1.04 True 46807.066 92 0.0151 54533.92276558475 0.015515354680246674 5.559074802011853e-10 2.4928327932078944e-12 0.28708561189032994 0.001422408648337107 0.22550709929515722
2008bc CMFGEN 1.4 True 27919.9 92 0.0151 54529.890758409325 0.018638668374478584 2.335980935635146e-10 9.900225415094366e-13 0.02562907367774574 0.0013477144324584602 0.22550709929515722
2008bc CMFGEN 1.7 True 66685.65 92 0.0151 54532.57443861915 0.017253217127290554 5.419776529194595e-10 2.5279501989590987e-12 0.291246977077208 0.0014817329808153898 0.22550709929515722
2008bf CMFGEN 1.02 True 19837.375 80 0.0235 54536.78898575068 0.022236972603423055 1.4011579748224084e-10 8.252309026915357e-13 0.15526156260807691 0.0019866737787423757 0.02971233782867539
2008bf CMFGEN 1.04 True 27443.326 80 0.0235 54539.69689576906 0.018159651222958928 2.569669797301354e-10 1.4899340565171925e-12 0.32720542102338296 0.0019381269460193341 0.02971233782867539
2008bf CMFGEN 1.4 True 20130.361 80 0.0235 54535.18798523924 0.024355613215448102 8.451420228460445e-11 4.940533855089729e-13 -0.0009315250765416921 0.001963979496462366 0.02971233782867539
2008bf CMFGEN 1.7 True 41549.06 80 0.0235 54538.74608279746 0.019246408461185638 2.6089044103201753e-10 1.5605237901308502e-12 0.3510438774039547 0.002011867164551616 0.02971233782867539
2008bi CMFGEN 1.02 True 17068.584 33 0.0134 54527.123451523286 0.17323430053511402 5.231843819706376e-10 7.386480190462188e-12 1.0813430570567526 0.005336987658131888 0.037379980331966524
2008bi CMFGEN 1.04 True 8891.582 33 0.0134 54516.495416823185 0.10396189413950196 1.2019686378896826e-09 1.2011430196471781e-11 1.0738096816405203 0.00483058273825179 0.037379980331966524
2008bi CMFGEN 1.4 True 11642.911 33 0.0134 54511.11729579144 0.10550403848174028 2.95477070414259e-10 3.210705240857075e-12 0.671810425587502 0.0050895768543690705 0.037379980331966524
2008cc CMFGEN 1.02 True 36812.36 73 0.0104 54560.02526852005 0.0682380427751923 1.2500247239479874e-09 6.1594617440145105e-12 0.5623219071016576 0.0017767087045805886 0.03586503715546102
2008cc CMFGEN 1.04 True 33043.453 73 0.0104 54565.164393007464 0.061502064439991955 2.5097521375497487e-09 1.2208324928262317e-11 0.7896213899400073 0.0017003250499006948 0.03586503715546102
2008cc CMFGEN 1.4 True 42560.34 73 0.0104 54558.58465876601 0.04992501735614496 7.009151570857666e-10 3.3883939294857743e-12 0.3928422820150898 0.001804831213931234 0.03586503715546102
2008cc CMFGEN 1.7 False 638446.94 73 0.0104 54585.510028068646 91.44464239327863 1.1989733724796386e-10 7.879332671884851e-14 0.13369018675817868 2.667452659075912e-05 0.03586503715546102
2008cf CMFGEN 1.02 True 8472.795 44 0.046 54577.21746292186 0.05602884234394878 3.3585753098131985e-11 2.5620057080464544e-13 0.07795630420118578 0.0024729148028939433 0.05759850795422031
2008cf CMFGEN 1.04 True 13417.078 44 0.046 54581.43987616747 0.04798207987550995 6.475377710971082e-11 5.192691517227094e-13 0.2890408231552905 0.0026012747990278627 0.05759850795422031
2008cf CMFGEN 1.7 True 19070.838 44 0.046 54580.13032023654 0.048378659314039396 6.31088393015816e-11 5.17619280470058e-13 0.2896502630001335 0.0026498459581349837 0.05759850795422031
2008ff CMFGEN 1.02 True 12988.973 106 0.0193 54693.077688823025 0.03431663745868718 6.233902528580556e-10 1.8461740478563492e-12 0.6093151018598274 0.0013310475917647695 0.04350702296194606
2008ff CMFGEN 1.04 True 16057.751 106 0.0193 54695.84699615863 0.025619933279813267 1.549364446370421e-09 4.3635284194879176e-12 0.857755907089226 0.001195013287657719 0.04350702296194606
2008ff CMFGEN 1.4 True 9047.668 106 0.0193 54691.61972838246 0.03724269320809981 3.4506111353621747e-10 1.0698925522027859e-12 0.4276147528196 0.0014025578781806003 0.04350702296194606
2008ff CMFGEN 1.7 True 39066.656 106 0.0193 54694.81417996898 0.05728332790749846 2.2090711466709836e-09 6.814590752059522e-12 0.9939307072069001 0.0011100506557314867 0.04350702296194606
2008fl CMFGEN 1.02 True 59887.51 85 0.0199 54701.28262671132 0.037113174177648034 3.7941493797113825e-10 1.2329192212363972e-12 0.46967656252884415 0.0011013706624572854 0.15710973562674108
2008fl CMFGEN 1.04 True 66177.43 85 0.0199 54704.87853718825 0.06952683451163466 8.571906093410542e-10 3.5162491355832525e-12 0.7159477561405707 0.0011303604696927178 0.15710973562674108
2008fl CMFGEN 1.4 True 62711.95 85 0.0199 54700.342973305545 0.032775236082670745 2.250734362683989e-10 7.045299091655681e-13 0.316497986080963 0.001162691507072046 0.15710973562674108
2008fl CMFGEN 1.7 True 114134.93 85 0.0199 54701.297953085144 0.05231491327504045 1.1769599134614763e-09 4.723863308724285e-12 0.7944090672974691 0.001137810934261347 0.15710973562674108
2008fp CMFGEN 1.02 True 115045.0 142 0.0057 54714.10002968704 0.017473608302680077 7.2413392269488014e-09 1.221942237609259e-11 0.836530943241337 0.000720669601068886 0.16865355471544707
2008fp CMFGEN 1.04 True 108176.69 142 0.0057 54716.7391436854 0.014730605798831675 1.4016365731382406e-08 2.191223374717404e-11 1.0038923522490222 0.000637543893082362 0.16865355471544707
2008fp CMFGEN 1.4 True 134714.92 142 0.0057 54712.63281068838 0.01863226087880321 4.8198534669858204e-09 8.565593345420365e-12 0.7218152274846976 0.0007818420672476077 0.16865355471544707
2008fp CMFGEN 1.7 True 222943.22 142 0.0057 54714.90841819595 0.01941689212617348 1.4057473848790782e-08 2.5789851375985354e-11 1.0156543650019887 0.000668669262620716 0.16865355471544707
2008fr CMFGEN 1.02 True 5824.097 59 0.0397 54717.679266690124 0.07781602453906089 7.090219827335262e-11 5.996794144716719e-13 0.3124227631941711 0.0031203606961970657 0.038677564969285
2008fr CMFGEN 1.04 True 11847.272 59 0.0397 54717.58597958536 0.11808581491277437 1.7443265426569698e-10 1.6143261009141933e-12 0.5316820266900619 0.0028389566864484525 0.038677564969285
2008fr CMFGEN 1.4 True 4667.408 59 0.0397 54716.94951812551 0.0771044135944976 4.030041193719304e-11 3.553799965025652e-13 0.14726745241033626 0.003280648091904049 0.038677564969285
2008fr CMFGEN 1.7 False 242947.7 59 0.0397 54756.40625011756 254.64726678109582 1.1692702797343784e-11 1.3393186053883823e-14 0.14875743457303284 0.000954835770627155 0.038677564969285
2008fu CMFGEN 1.02 True 3440.8386 42 0.052 54715.03838595361 0.144015902915271 3.93055766206394e-11 6.863853786279216e-13 0.4116428696457611 0.006689953030465941 0.018833736613107027
2008fu CMFGEN 1.04 True 4047.194 42 0.052 54717.90441461169 0.22296349308089702 9.381829330927819e-11 1.7265944861439119e-12 0.6661236962260836 0.0064780252652536455 0.018833736613107027
