results/equivalent_width/fixed_True.ecsv
# %ECSV 0.9
# ---
# datatype:
# - name: model
#   datatype: string
# - name: version
#   datatype: string
# - name: time
#   datatype: float64
# - name: pW2
#   datatype: float64
# - name: pW2_start
#   datatype: float64
# - name: pW2_end
#   datatype: float64
# - name: pW3
#   datatype: float64
# - name: pW3_start
#   datatype: float64
# - name: pW3_end
#   datatype: float64
# - name: pW4
#   datatype: float64
# - name: pW4_start
#   datatype: float64
# - name: pW4_end
#   datatype: float64
# - name: pW5
#   datatype: float64
# - name: pW5_start
#   datatype: float64
# - name: pW5_end
#   datatype: float64
# - name: pW6
#   datatype: float64
# - name: pW6_start
#   datatype: float64
# - name: pW6_end
#   datatype: float64
# - name: pW7
#   datatype: float64
# - name: pW7_start
#   datatype: float64
# - name: pW7_end
#   datatype: float64
# - name: pW8
#   datatype: float64
# - name: pW8_start
#   datatype: float64
# - name: pW8_end
#   datatype: float64
# - name: obj_id
#   datatype: string
# - name: pW1
#   datatype: float64
# - name: pW1_start
#   datatype: float64
# - name: pW1_end
#   datatype: float64
# schema: astropy-2.0
model version time pW2 pW2_start pW2_end pW3 pW3_start pW3_end pW4 pW4_start pW4_end pW5 pW5_start pW5_end pW6 pW6_start pW6_end pW7 pW7_start pW7_end pW8 pW8_start pW8_end obj_id pW1 pW1_start pW1_end
[from data line 2677]
CMFGEN 1.02 -2.1499999999796273 0.577885788600419 3990.1088 4027.8491 -782.6991137645814 4027.8491 4620.9116 130.57208467330315 4620.9116 5200.4953 190.97485759688362 5200.4953 5639.9006 0.03969826930824638 5639.9006 5812.4279 "" "" "" "" "" "" 2008ia 139.84040757687956 3523.746 4027.8491
CMFGEN 1.4 -2.1499999999796273 0.6756369243617399 3990.1088 4027.8491 -917.6079900161849 4027.8491 4620.9116 13.153961211602791 4620.9116 5200.4953 105.89557310794191 5200.4953 5639.9006 10.340952213252365 5639.9006 5812.4279 "" "" "" "" "" "" 2008ia 75.92875738783556 3523.746 4027.8491
CMFGEN 1.7 -2.1499999999796273 0.3806487032067949 3990.1088 4027.8491 -655.6674375923274 4027.8491 4620.9116 294.814548110822 4620.9116 5200.4953 29.227088012566185 5200.4953 5639.9006 -11.501776822684207 5639.9006 5812.4279 "" "" "" "" "" "" 2008ia 20.71220745575829 3523.746 4027.8491
OBSERVED "" 2.9199999998527346 1.788127614309282 3978.857 4028.6983 124.90341248411914 4028.6983 4628.7873 157.10918312181514 4628.7873 5320.5843 92.10505230149448 5222.8954 5697.3844 0.6851470273951321 5697.3844 5815.0099 135.74702028214062 5815.0099 6468.9275 172.13464098239092 7980.1152 8683.8741 2008ia "" "" ""
CMFGEN 1.04 2.9199999998527346 1.1923758995978488 3978.857 4028.6983 -554.9978906120682 4028.6983 4628.7873 212.55890885379915 4628.7873 5320.5843 98.44991673880338 5222.8954 5697.3844 -0.33181141666780434 5697.3844 5815.0099 214.7568784497297 5815.0099 6468.9275 -3.6507032234280814 7980.1152 8683.8741 2008ia "" "" ""
CMFGEN 1.02 2.9199999998527346 1.346278319115143 3978.857 4028.6983 -804.4078775416251 4028.6983 4628.7873 49.40795518054779 4628.7873 5320.5843 109.8734510878337 5222.8954 5697.3844 1.6519865533165756 5697.3844 5815.0099 169.71974425152303 5815.0099 6468.9275 23.582549303100905 7980.1152 8683.8741 2008ia "" "" ""
CMFGEN 1.4 2.9199999998527346 1.5181058899627473 3978.857 4028.6983 -940.9008447786441 4028.6983 4628.7873 -50.108616261399675 4628.7873 5320.5843 -1.1644778070836992 5222.8954 5697.3844 1.745898837568717 5697.3844 5815.0099 69.52148770828194 5815.0099 6468.9275 -36.46521650512659 7980.1152 8683.8741 2008ia "" "" ""
CMFGEN 1.7 2.9199999998527346 0.8848559551150927 3978.857 4028.6983 -702.5784532649222 4028.6983 4628.7873 452.64136705322016 4628.7873 5320.5843 -2.007635185673621 5222.8954 5697.3844 -1.9313302672325534 5697.3844 5815.0099 191.7004659578164 5815.0099 6468.9275 3.733424653266411 7980.1152 8683.8741 2008ia "" "" ""
OBSERVED "" 7.229999999872234 22.425883929736415 3952.5509 4078.9886 150.10960173437468 3952.5509 4549.7255 187.56975097718708 4549.7255 5224.7079 76.72476480698822 5224.7079 5582.6236 23.287424674927365 5582.6236 5874.4027 101.56231753669874 5874.4027 6343.1945 221.83479298866723 7813.7613 8595.7293 2009D "" "" ""
CMFGEN 1.04 7.229999999872234 9.220709806856362 3952.5509 4078.9886 -543.799972060142 3952.5509 4549.7255 266.9245970079516 4549.7255 5224.7079 152.5319256321969 5224.7079 5582.6236 -38.34593091320835 5582.6236 5874.4027 110.38322399123433 5874.4027 6343.1945 103.65618076805924 7813.7613 8595.7293 2009D "" "" ""
CMFGEN 1.02 7.229999999872234 16.177413355416633 3952.5509 4078.9886 -628.0622432943653 3952.5509 4549.7255 159.30451089955204 4549.7255 5224.7079 175.63327623877348 5224.7079 5582.6236 -25.528151003167636 5582.6236 5874.4027 83.60585327003707 5874.4027 6343.1945 91.02895487726721 7813.7613 8595.7293 2009D "" "" ""
CMFGEN 1.4 7.229999999872234 19.017275912557693 3952.5509 4078.9886 -679.3525486759877 3952.5509 4549.7255 43.95727022071901 4549.7255 5224.7079 133.9192654223872 5224.7079 5582.6236 24.7931765442612 5582.6236 5874.4027 16.261328720453548 5874.4027 6343.1945 41.13714038558737 7813.7613 8595.7293 2009D "" "" ""
CMFGEN 1.7 7.229999999872234 12.690769443209618 3952.5509 4078.9886 -55.83656273762267 3952.5509 4549.7255 407.1953259320168 4549.7255 5224.7079 15.304925361285257 5224.7079 5582.6236 -62.923442617548744 5582.6236 5874.4027 113.8467259633249 5874.4027 6343.1945 144.1246253950012 7813.7613 8595.7293 2009D "" "" ""
OBSERVED "" -0.7399999998669955 10.138202756756783 3955.8808 4076.8594 96.066086366626 3955.8808 4510.8044 143.89732062125154 4510.8044 5110.4376 90.80911679384599 5220.8963 5691.6609 "" "" "" "" "" "" "" "" "" 2009D 124.398002748936 3595.5749 3955.8808
CMFGEN 1.04 -0.7399999998669955 8.111037582890901 3955.8808 4076.8594 -399.67973731328686 3955.8808 4510.8044 218.48675756278158 4510.8044 5110.4376 102.05267551101241 5220.8963 5691.6609 "" "" "" "" "" "" "" "" "" 2009D 22.770630196240063 3595.5749 3955.8808
CMFGEN 1.02 -0.7399999998669955 14.403218876736517 3955.8808 4076.8594 -414.5892288873671 3955.8808 4510.8044 265.596673842957 4510.8044 5110.4376 115.05941762626082 5220.8963 5691.6609 "" "" "" "" "" "" "" "" "" 2009D -39.256275322236434 3595.5749 3955.8808
CMFGEN 1.4 -0.7399999998669955 17.094289791641273 3955.8808 4076.8594 -443.0247613372568 3955.8808 4510.8044 215.82577746945344 4510.8044 5110.4376 2.763298671470011 5220.8963 5691.6609 "" "" "" "" "" "" "" "" "" 2009D -61.71116470103948 3595.5749 3955.8808
CMFGEN 1.7 -0.7399999998669955 11.307650344988033 3955.8808 4076.8594 204.6705357083781 3955.8808 4510.8044 310.9483633568683 4510.8044 5110.4376 0.04853733529199644 5220.8963 5691.6609 "" "" "" "" "" "" "" "" "" 2009D -73.57695853651416 3595.5749 3955.8808
OBSERVED "" 78.12000000000262 3.0354194907420364 3959.5032 4001.0441 346.9799033954731 3959.5032 4647.8955 335.8093179859743 4647.8955 5413.4353 8.329468936667666 5294.7469 5535.0908 113.86233456967071 5558.8285 5870.3853 235.33528940711267 5870.3853 6490.5318 653.4218222799548 7718.956 8707.0364 2009D "" "" ""
CMFGEN 1.04 78.12000000000262 -0.8978629350872183 3959.5032 4001.0441 278.91753140740093 3959.5032 4647.8955 193.25679588516596 4647.8955 5413.4353 30.347588651825333 5294.7469 5535.0908 121.96847470878953 5558.8285 5870.3853 172.7885235065462 5870.3853 6490.5318 376.56728976919464 7718.956 8707.0364 2009D "" "" ""
CMFGEN 1.02 78.12000000000262 -1.116177106334817 3959.5032 4001.0441 278.8272784390737 3959.5032 4647.8955 262.4657301534303 4647.8955 5413.4353 3.726088005611615 5294.7469 5535.0908 94.04065584138903 5558.8285 5870.3853 161.97936286161723 5870.3853 6490.5318 501.4390414671323 7718.956 8707.0364 2009D "" "" ""
CMFGEN 1.4 78.12000000000262 -0.9747548467856433 3959.5032 4001.0441 289.9706866632255 3959.5032 4647.8955 283.37509374107003 4647.8955 5413.4353 2.752906448212485 5294.7469 5535.0908 76.19420120675076 5558.8285 5870.3853 182.4406674667698 5870.3853 6490.5318 499.48524229081215 7718.956 8707.0364 2009D "" "" ""
CMFGEN 1.7 78.12000000000262 -0.9604077626551017 3959.5032 4001.0441 280.75952525929483 3959.5032 4647.8955 180.3761648070796 4647.8955 5413.4353 32.03470675442915 5294.7469 5535.0908 152.73552006153594 5558.8285 5870.3853 181.3059468950454 5870.3853 6490.5318 241.60671474626577 7718.956 8707.0364 2009D "" "" ""
OBSERVED "" -4.759999999885622 12.152016463560017 3953.6629 4068.395 96.67330382521311 3953.6629 4502.0435 119.41690157642938 4502.0435 5095.1502 71.17185437471676 5192.3808 5668.8107 10.191045179380865 5668.8107 5882.718 77.28986220290676 5882.718 6296.9204 148.99682803566247 7757.3241 8449.606 2009D "" "" ""
CMFGEN 1.04 -4.759999999885622 8.405386758118325 3953.6629 4068.395 -365.48775903558317 3953.6629 4502.0435 217.7071511074547 4502.0435 5095.1502 152.30026688544285 5192.3808 5668.8107 -0.6626436426845146 5668.8107 5882.718 75.77243523587731 5882.718 6296.9204 136.65685274601162 7757.3241 8449.606 2009D "" "" ""
CMFGEN 1.02 -4.759999999885622 13.318576433401816 3953.6629 4068.395 -368.75401268065025 3953.6629 4502.0435 266.4093339751928 4502.0435 5095.1502 170.46624736224294 5192.3808 5668.8107 8.24481369712825 5668.8107 5882.718 60.60714940926266 5882.718 6296.9204 114.19335208544112 7757.3241 8449.606 2009D "" "" ""
CMFGEN 1.4 -4.759999999885622 15.187479361002403 3953.6629 4068.395 -390.2886302493133 3953.6629 4502.0435 240.4974063692257 4502.0435 5095.1502 63.259811319964 5192.3808 5668.8107 9.098987342900728 5668.8107 5882.718 13.147422947861628 5882.718 6296.9204 94.18684691487579 7757.3241 8449.606 2009D "" "" ""
CMFGEN 1.7 -4.759999999885622 9.752025711814198 3953.6629 4068.395 239.7370101165402 3953.6629 4502.0435 313.3527327370693 4502.0435 5095.1502 -1.079662110407412 5192.3808 5668.8107 -6.948155880563348 5668.8107 5882.718 90.36305829292144 5882.718 6296.9204 189.46519738517958 7757.3241 8449.606 2009D "" "" ""
OBSERVED "" 29.229999999872234 1.1301507474898145 3962.4826 4001.4586 302.4428144328394 3962.4826 4638.7167 373.2129721563086 4638.7167 5484.4966 19.69865113538438 5289.6165 5525.4214 69.80568651069515 5550.7559 5858.6665 221.81389642508316 5858.6665 6517.3615 437.5594469139944 7686.6424 8614.272 2009D "" "" ""
CMFGEN 1.04 29.229999999872234 0.2618845124779625 3962.4826 4001.4586 26.720701781549337 3962.4826 4638.7167 118.43073831561458 4638.7167 5484.4966 12.960958849837937 5289.6165 5525.4214 -5.4601898177313615 5550.7559 5858.6665 119.72875691164745 5858.6665 6517.3615 56.9604662225064 7686.6424 8614.272 2009D "" "" ""
CMFGEN 1.02 29.229999999872234 0.6927503657939837 3962.4826 4001.4586 -75.11970493799436 3962.4826 4638.7167 159.3973572982669 4638.7167 5484.4966 14.655064784403976 5289.6165 5525.4214 11.66956284073899 5550.7559 5858.6665 116.6795612573967 5858.6665 6517.3615 53.696417842154915 7686.6424 8614.272 2009D "" "" ""
CMFGEN 1.4 29.229999999872234 0.5496406205598632 3962.4826 4001.4586 -61.66951254696551 3962.4826 4638.7167 158.32299198421765 4638.7167 5484.4966 18.02471666600337 5289.6165 5525.4214 34.35265076412463 5550.7559 5858.6665 114.9280694262693 5858.6665 6517.3615 -12.764197554350858 7686.6424 8614.272 2009D "" "" ""
CMFGEN 1.7 29.229999999872234 0.5378564306726616 3962.4826 4001.4586 -43.30845458968679 3962.4826 4638.7167 152.46575879152772 4638.7167 5484.4966 12.643709336803852 5289.6165 5525.4214 -3.514927847922195 5550.7559 5858.6665 96.91523206303941 5858.6665 6517.3615 96.60216936879715 7686.6424 8614.272 2009D "" "" ""
OBSERVED "" -0.7700000001277658 "" "" "" "" "" "" "" "" "" 75.58801431384177 5200.4462 5584.3058 9.453815036662263 5584.3058 5883.7162 82.24860146281412 5883.7162 6302.1232 177.9021017533064 7822.207 8543.863 2009D "" "" ""
CMFGEN 1.04 -0.7700000001277658 "" "" "" "" "" "" "" "" "" 174.5767265642888 5200.4462 5584.3058 -38.11609503893084 5584.3058 5883.7162 78.14973821996307 5883.7162 6302.1232 93.26479951809415 7822.207 8543.863 2009D "" "" ""
CMFGEN 1.02 -0.7700000001277658 "" "" "" "" "" "" "" "" "" 196.47315763523665 5200.4462 5584.3058 -23.360141160270643 5584.3058 5883.7162 62.02740468286851 5883.7162 6302.1232 83.39445625914459 7822.207 8543.863 2009D "" "" ""
CMFGEN 1.4 -0.7700000001277658 "" "" "" "" "" "" "" "" "" 154.8476560363324 5200.4462 5584.3058 26.77227253340908 5584.3058 5883.7162 12.933770035349596 5883.7162 6302.1232 43.1226305958462 7822.207 8543.863 2009D "" "" ""
CMFGEN 1.7 -0.7700000001277658 "" "" "" "" "" "" "" "" "" 11.900629087098764 5200.4462 5584.3058 -63.757243335144324 5584.3058 5883.7162 91.54700730851545 5883.7162 6302.1232 133.73433008884012 7822.207 8543.863 2009D "" "" ""
OBSERVED "" 0.16999999981635483 14.931636666111075 3940.45780093989 4082.19735511535 97.10054432391013 3940.45780093989 4510.06535510292 139.45367160413844 4510.06535510292 5112.78962753125 89.93632916430931 5151.20502071899 5695.6438690004 0.1360835384754182 5695.6438690004 5802.94203617994 98.25018849817343 5802.94203617994 6301.01747888994 "" "" "" 2009D "" "" ""
CMFGEN 1.04 0.16999999981635483 13.72047697611444 3940.45780093989 4082.19735511535 -398.82244685592457 3940.45780093989 4510.06535510292 220.30550325935286 4510.06535510292 5112.78962753125 139.34861864716794 5151.20502071899 5695.6438690004 -0.3965237769486123 5695.6438690004 5802.94203617994 123.8592080704114 5802.94203617994 6301.01747888994 "" "" "" 2009D "" "" ""
CMFGEN 1.02 0.16999999981635483 22.066535842229356 3940.45780093989 4082.19735511535 -401.8503406270589 3940.45780093989 4510.06535510292 267.19435055511593 4510.06535510292 5112.78962753125 172.10308516438602 5151.20502071899 5695.6438690004 1.2940021714899501 5695.6438690004 5802.94203617994 100.85465792699256 5802.94203617994 6301.01747888994 "" "" "" 2009D "" "" ""
CMFGEN 1.4 0.16999999981635483 25.434405440025245 3940.45780093989 4082.19735511535 -424.124620002387 3940.45780093989 4510.06535510292 213.6885799454045 4510.06535510292 5112.78962753125 63.6323546084073 5151.20502071899 5695.6438690004 1.5155407517437425 5695.6438690004 5802.94203617994 23.824113010475514 5802.94203617994 6301.01747888994 "" "" "" 2009D "" "" ""
CMFGEN 1.7 0.16999999981635483 17.162461549480867 3940.45780093989 4082.19735511535 226.7387960327539 3940.45780093989 4510.06535510292 314.9476620839324 4510.06535510292 5112.78962753125 -19.04046093494196 5151.20502071899 5695.6438690004 -1.758545283133742 5695.6438690004 5802.94203617994 143.55045622561352 5802.94203617994 6301.01747888994 "" "" "" 2009D "" "" ""
OBSERVED "" 2.169999999816355 16.314152172587995 3954.20251095608 4089.43397910585 95.76257155475298 4089.43397910585 4503.08317579927 155.8449198663028 4503.08317579927 5120.9053734247 94.53330503134998 5222.9918738907 5698.9536098296 0.773432253369478 5698.9536098296 5802.36590900296 103.5679643914479 5802.36590900296 6304.84361908887 "" "" "" 2009D "" "" ""
CMFGEN 1.04 2.169999999816355 8.877073604911843 3954.20251095608 4089.43397910585 -201.73381664678323 4089.43397910585 4503.08317579927 230.5762263040961 4503.08317579927 5120.9053734247 90.84523440166805 5222.9918738907 5698.9536098296 -0.22821698251327405 5698.9536098296 5802.36590900296 126.14675972973856 5802.36590900296 6304.84361908887 "" "" "" 2009D "" "" ""
CMFGEN 1.02 2.169999999816355 17.79961364063928 3954.20251095608 4089.43397910585 -246.31043669588803 4089.43397910585 4503.08317579927 276.1549757087529 4503.08317579927 5120.9053734247 102.11335990778804 5222.9918738907 5698.9536098296 1.2047026058950365 5698.9536098296 5802.36590900296 102.99971454915584 5802.36590900296 6304.84361908887 "" "" "" 2009D "" "" ""
CMFGEN 1.4 2.169999999816355 21.90935252649753 3954.20251095608 4089.43397910585 -303.4293197454035 4089.43397910585 4503.08317579927 211.65953849741675 4503.08317579927 5120.9053734247 -10.074131599116413 5222.9918738907 5698.9536098296 1.2966344581228242 5698.9536098296 5802.36590900296 23.952058234713263 5802.36590900296 6304.84361908887 "" "" "" 2009D "" "" ""
CMFGEN 1.7 2.169999999816355 15.04503625813605 3954.20251095608 4089.43397910585 101.25947948440688 4089.43397910585 4503.08317579927 331.50002047261785 4503.08317579927 5120.9053734247 -10.591279651420962 5222.9918738907 5698.9536098296 -1.8027395381926539 5698.9536098296 5802.36590900296 146.45596010373146 5802.36590900296 6304.84361908887 "" "" "" 2009D "" "" ""
OBSERVED "" 45.270000000127766 4.729763201724875 3997.6041 4018.6217 341.7762035400687 3997.6041 4604.1112 296.9523057213552 4604.1112 5480.8444 25.748939852646288 5288.6837 5522.8795 117.79673626717212 5552.9046 5877.1758 188.5903068253267 5877.1758 6441.6478 507.53284157568373 7663.6697 8576.4329 2009F "" "" ""
CMFGEN 1.04 45.270000000127766 0.11975005150423357 3997.6041 4018.6217 72.61791122212003 3997.6041 4604.1112 115.83263771636132 4604.1112 5480.8444 20.533792123528542 5288.6837 5522.8795 49.77133390685992 5552.9046 5877.1758 150.53600182881905 5877.1758 6441.6478 134.0390710540653 7663.6697 8576.4329 2009F "" "" ""
CMFGEN 1.02 45.270000000127766 0.12785264233499305 3997.6041 4018.6217 34.55662428865617 3997.6041 4604.1112 153.60664429334463 4604.1112 5480.8444 6.174794925952341 5288.6837 5522.8795 17.41977257603355 5552.9046 5877.1758 162.00803550082878 5877.1758 6441.6478 276.80152923729133 7663.6697 8576.4329 2009F "" "" ""
