results/equivalent_width/fixed_False.ecsv
# %ECSV 0.9
# ---
# datatype:
# - name: model
#   datatype: string
# - name: version
#   datatype: string
# - name: time
#   datatype: float64
# - name: pW2
#   datatype: float64
# - name: pW2_start
#   datatype: float64
# - name: pW2_end
#   datatype: float64
# - name: pW3
#   datatype: float64
# - name: pW3_start
#   datatype: float64
# - name: pW3_end
#   datatype: float64
# - name: pW4
#   datatype: float64
# - name: pW4_start
#   datatype: float64
# - name: pW4_end
#   datatype: float64
# - name: pW5
#   datatype: float64
# - name: pW5_start
#   datatype: float64
# - name: pW5_end
#   datatype: float64
# - name: pW6
#   datatype: float64
# - name: pW6_start
#   datatype: float64
# - name: pW6_end
#   datatype: float64
# - name: pW7
#   datatype: float64
# - name: pW7_start
#   datatype: float64
# - name: pW7_end
#   datatype: float64
# - name: pW8
#   datatype: float64
# - name: pW8_start
#   datatype: float64
# - name: pW8_end
#   datatype: float64
# - name: obj_id
#   datatype: string
# - name: pW1
#   datatype: float64
# - name: pW1_start
#   datatype: float64
# - name: pW1_end
#   datatype: float64
# schema: astropy-2.0
model version time pW2 pW2_start pW2_end pW3 pW3_start pW3_end pW4 pW4_start pW4_end pW5 pW5_start pW5_end pW6 pW6_start pW6_end pW7 pW7_start pW7_end pW8 pW8_start pW8_end obj_id pW1 pW1_start pW1_end
[from data line 2685]
OBSERVED "" 7.229999999872234 22.425883929736415 3952.5509 4078.9886 150.10960173437468 3952.5509 4549.7255 187.56975097718708 4549.7255 5224.7079 76.72476480698822 5224.7079 5582.6236 23.287424674927365 5582.6236 5874.4027 101.56231753669874 5874.4027 6343.1945 221.83479298866723 7813.7613 8595.7293 2009D "" "" ""
CMFGEN 1.04 7.229999999872234 -4.162547776569596 3999.2356 4149.0155 -63.63995300942713 4149.0155 4450.5206 806.4332289416799 4501.0957 5549.5553 156.68244351098696 5205.256 5654.5958 -2.474587159419258 5654.5958 5800.4854 252.46305175370492 5800.4854 6599.9602 464.3783796124043 7500.585 8899.1796 2009D "" "" ""
CMFGEN 1.02 7.229999999872234 6.974241052639428 3999.2356 4149.0155 -78.73476048215218 4149.0155 4450.5206 776.5767861492939 4501.0957 5549.5553 232.13822824319692 5152.7357 5629.3083 -1.854229023427024 5629.3083 5800.4854 197.8123334855875 5800.4854 6599.9602 456.31970036843495 7500.585 8899.1796 2009D "" "" ""
CMFGEN 1.4 7.229999999872234 17.22747273171703 3999.2356 4149.0155 -96.36495683616181 4149.0155 4450.5206 690.4671464562787 4501.0957 5549.5553 190.73329018157494 5154.6809 5588.4592 49.95791524358037 5588.4592 5998.8952 55.15229509510755 5998.8952 6599.9602 342.1447152755661 7500.585 8899.1796 2009D "" "" ""
CMFGEN 1.7 7.229999999872234 11.334699995487938 3999.2356 4149.0155 114.51613501610558 4149.0155 4471.9178 638.7749396099565 4501.0957 5549.5553 38.306710899928476 5298.6253 5672.1026 -3.7677556413939612 5672.1026 5800.4854 220.3010146472119 5800.4854 6582.4534 596.7683612847894 7500.585 8846.6594 2009D "" "" ""
OBSERVED "" -0.7399999998669955 10.138202756756783 3955.8808 4076.8594 96.066086366626 3955.8808 4510.8044 143.89732062125154 4510.8044 5110.4376 90.80911679384599 5220.8963 5691.6609 "" "" "" "" "" "" "" "" "" 2009D 124.398002748936 3595.5749 3955.8808
CMFGEN 1.04 -0.7399999998669955 -4.034962708785571 3997.9603 4147.8686 -63.442569264868155 4147.8686 4450.3151 807.252419932013 4500.2845 5549.6426 156.61848783260564 5205.1165 5654.8414 "" "" "" "" "" "" "" "" "" 2009D 125.28170972362165 3774.4128 4097.8991
CMFGEN 1.02 -0.7399999998669955 7.3135647839669105 3997.9603 4147.8686 -78.71373962305051 4147.8686 4450.3151 777.4829920262148 4500.2845 5549.6426 232.57472453071676 5152.5171 5628.5417 "" "" "" "" "" "" "" "" "" 2009D 145.77568800668558 3756.003 4097.8991
CMFGEN 1.4 -0.7399999998669955 17.733871004713592 3997.9603 4147.8686 -96.77379005517014 4147.8686 4450.3151 691.5112306927813 4500.2845 5549.6426 190.36882191668303 5155.1471 5589.0921 "" "" "" "" "" "" "" "" "" 2009D 143.53577084828564 3761.263 4097.8991
CMFGEN 1.7 -0.7399999998669955 11.622263344385175 3997.9603 4147.8686 115.36955271658545 4147.8686 4471.3549 640.3771034695678 4500.2845 5549.6426 38.95501983586075 5299.7954 5673.2512 "" "" "" "" "" "" "" "" "" 2009D 82.5999875404323 3798.0825 4097.8991
OBSERVED "" 78.12000000000262 3.0354194907420364 3959.5032 4001.0441 346.9799033954731 3959.5032 4647.8955 335.8093179859743 4647.8955 5413.4353 8.329468936667666 5294.7469 5535.0908 113.86233456967071 5558.8285 5870.3853 235.33528940711267 5870.3853 6490.5318 653.4218222799548 7718.956 8707.0364 2009D "" "" ""
CMFGEN 1.04 78.12000000000262 -0.5546476099064037 3965.4376 4001.0441 279.42775544943106 3965.4376 4650.8627 228.21643670265553 4650.8627 5202.7635 8.875055322729054 5202.7635 5535.0908 129.13089721336627 5552.894 5861.4837 42.957463193922536 5861.4837 6202.7126 393.08079328701047 7852.4804 8715.938 2009D "" "" ""
CMFGEN 1.02 78.12000000000262 -1.3572839325243393 3956.536 4001.0441 285.36551835977286 3956.536 4636.0267 289.5831997999439 4636.0267 5315.5174 2.8273209608735783 5297.7141 5523.2219 102.41158403721067 5552.894 5852.5821 161.2714166368276 5852.5821 6478.663 505.5052797828428 7704.12 8704.0691 2009D "" "" ""
CMFGEN 1.4 78.12000000000262 -1.7271150956915449 3950.6016 4001.0441 299.0485711520648 3950.6016 4636.0267 296.79886056811745 4636.0267 5315.5174 4.91988761608917 5297.7141 5517.2875 82.97185289963195 5552.894 5846.6476 188.07153960840276 5846.6476 6472.7286 504.74104535147 7701.1528 8698.1347 2009D "" "" ""
CMFGEN 1.7 78.12000000000262 -0.9604077626551017 3959.5032 4001.0441 283.7121084372011 3959.5032 4636.0267 271.7208368137577 4636.0267 5247.2716 -1.3778623664854308 5247.2716 5502.4515 153.90567544524998 5552.894 5882.2541 58.35677949569555 5882.2541 6202.7126 377.27182394145245 7861.382 8790.1182 2009D "" "" ""
OBSERVED "" -4.759999999885622 12.152016463560017 3953.6629 4068.395 96.67330382521311 3953.6629 4502.0435 119.41690157642938 4502.0435 5095.1502 71.17185437471676 5192.3808 5668.8107 10.191045179380865 5668.8107 5882.718 77.28986220290676 5882.718 6296.9204 148.99682803566247 7757.3241 8449.606 2009D "" "" ""
CMFGEN 1.04 -4.759999999885622 -4.069790125512384 3998.3889 4148.1241 -65.74015041610039 4148.1241 4451.4836 806.4432857545197 4500.0989 5548.2448 158.16449134287973 5204.0484 5653.2538 -2.703326048754434 5653.2538 5801.0443 251.7614184969981 5801.0443 6598.3353 464.1602439617668 7500.6353 8898.8114 2009D "" "" ""
CMFGEN 1.02 -4.759999999885622 7.20565477210269 3998.3889 4148.1241 -80.9164322675424 4148.1241 4451.4836 774.7420394730299 4500.0989 5548.2448 231.37770708845852 5153.4885 5629.9185 -1.7087469912154347 5629.9185 5801.0443 197.228429279402 5801.0443 6598.3353 456.29281897290616 7500.6353 8898.8114 2009D "" "" ""
CMFGEN 1.4 -4.759999999885622 17.562209080363402 3998.3889 4148.1241 -98.69168053417764 4148.1241 4451.4836 688.5585777830338 4500.0989 5548.2448 190.95737680090457 5155.4331 5587.137 49.97391622744283 5587.137 5999.3948 55.15011854145416 5999.3948 6598.3353 342.13955051044195 7500.6353 8898.8114 2009D "" "" ""
CMFGEN 1.7 -4.759999999885622 11.529642472775237 3998.3889 4148.1241 114.89937044823299 4148.1241 4472.8743 637.4478002123209 4500.0989 5548.2448 41.71875919397996 5299.3344 5662.9769 -5.247458459106582 5662.9769 5801.0443 219.69717535530071 5801.0443 6582.7784 596.6861252733103 7500.6353 8846.3069 2009D "" "" ""
OBSERVED "" 29.229999999872234 1.1301507474898145 3962.4826 4001.4586 302.4428144328394 3962.4826 4638.7167 373.2129721563086 4638.7167 5484.4966 19.69865113538438 5289.6165 5525.4214 69.80568651069515 5550.7559 5858.6665 221.81389642508316 5858.6665 6517.3615 437.5594469139944 7686.6424 8614.272 2009D "" "" ""
CMFGEN 1.04 29.229999999872234 1.0155669853555338 3937.1482 4015.1002 60.338102800766364 3937.1482 4539.3278 125.66241839753218 4539.3278 5123.9683 76.06550541504464 5151.2515 5591.6807 6.013465780757969 5591.6807 5800.2025 157.85730059698915 5800.2025 6293.2493 91.1649545100131 7791.8777 8450.5726 2009D "" "" ""
CMFGEN 1.02 29.229999999872234 20.203113647114435 3900.1209 4067.7179 94.80907368341678 4067.7179 4476.9662 131.23135777895783 4500.3518 5061.6067 88.40456310827813 5151.2515 5589.7319 19.86167470838123 5589.7319 5837.2297 166.56009110695658 5837.2297 6322.4813 91.90125308357813 7721.7208 8450.5726 2009D "" "" ""
CMFGEN 1.4 29.229999999872234 -1.2073983901640801 3999.5098 4061.8715 105.11854812699846 4061.8715 4471.1198 150.33398885265984 4500.3518 5055.7603 78.68466128557725 5151.2515 5576.0903 36.961444179120576 5576.0903 5850.8713 159.50147175299952 5850.8713 6320.5325 111.1783723706169 7747.0553 8444.7262 2009D "" "" ""
CMFGEN 1.7 29.229999999872234 15.954901681169758 3900.1209 4069.6667 70.65270381842765 4069.6667 4533.4814 129.7457314155297 4533.4814 5131.7635 90.15900759824274 5151.2515 5597.5271 7.609715843753435 5597.5271 5800.2025 138.43717778964435 5800.2025 6314.6861 101.55117825534171 7739.2601 8479.8047 2009D "" "" ""
OBSERVED "" -0.7700000001277658 "" "" "" "" "" "" "" "" "" 75.58801431384177 5200.4462 5584.3058 9.453815036662263 5584.3058 5883.7162 82.24860146281412 5883.7162 6302.1232 177.9021017533064 7822.207 8543.863 2009D "" "" ""
CMFGEN 1.04 -0.7700000001277658 "" "" "" "" "" "" "" "" "" 157.9569623837928 5204.2848 5653.4005 -2.699470050957359 5653.4005 5803.1057 249.7988876196198 5803.1057 6597.695 460.0924366414813 7503.6036 8897.0138 2009D "" "" ""
CMFGEN 1.02 -0.7700000001277658 "" "" "" "" "" "" "" "" "" 230.5345639687406 5154.3831 5630.3689 -1.5320335921706487 5630.3689 5803.1057 195.49263408254387 5803.1057 6597.695 451.48645661455294 7503.6036 8897.0138 2009D "" "" ""
CMFGEN 1.4 -0.7700000001277658 "" "" "" "" "" "" "" "" "" 193.8289538303723 5150.5445 5588.1444 49.954251970668906 5588.1444 5998.8741 55.30757628486799 5998.8741 6597.695 337.4111960167925 7503.6036 8897.0138 2009D "" "" ""
CMFGEN 1.7 -0.7700000001277658 "" "" "" "" "" "" "" "" "" 36.55035391073375 5296.4111 5672.5935 -3.8854116471525515 5672.5935 5803.1057 217.35918408184887 5803.1057 6582.3406 590.188334332729 7503.6036 8847.1121 2009D "" "" ""
OBSERVED "" 0.16999999981635483 14.931636666111075 3940.45780093989 4082.19735511535 97.10054432391013 3940.45780093989 4510.06535510292 139.45367160413844 4510.06535510292 5112.78962753125 89.93632916430931 5151.20502071899 5695.6438690004 0.1360835384754182 5695.6438690004 5802.94203617994 98.25018849817343 5802.94203617994 6301.01747888994 "" "" "" 2009D "" "" ""
CMFGEN 1.04 0.16999999981635483 -4.1931757183847935 3998.74322508681 4149.75546037654 -63.37195508532466 4149.75546037654 4450.4552622254 807.0077354504854 4500.79267398864 5549.93030863311 157.47246383916752 5204.19176994346 5654.57913835143 -2.4824909778264157 5654.57913835143 5800.29269871872 252.41343668273055 5800.29269871872 6599.06794327758 "" "" "" 2009D "" "" ""
CMFGEN 1.02 0.16999999981635483 7.133480365272334 3998.74322508681 4149.75546037654 -78.31371800061254 4149.75546037654 4450.4552622254 777.640885050218 4500.79267398864 5549.93030863311 231.30600319309406 5153.85435818021 5629.41043246981 -1.8400545591356092 5629.41043246981 5800.29269871872 197.90688579004552 5800.29269871872 6599.06794327758 "" "" "" 2009D "" "" ""
CMFGEN 1.4 0.16999999981635483 17.642342159695488 3998.74322508681 4149.75546037654 -95.74325258586055 4149.75546037654 4450.4552622254 691.6016255082217 4500.79267398864 5549.93030863311 190.59476362708438 5155.17902691082 5588.34570182085 49.979885647429455 5588.34570182085 5998.99300831047 55.19200876059051 5998.99300831047 6599.06794327758 "" "" "" 2009D "" "" ""
CMFGEN 1.7 0.16999999981635483 11.534318075255925 3998.74322508681 4149.75546037654 113.5372824390875 4149.75546037654 4472.9746306458 640.1401583880184 4500.79267398864 5549.93030863311 41.655871013735464 5299.5679185475 5663.85181946572 -5.03227046560869 5663.85181946572 5800.29269871872 220.53580366112328 5800.29269871872 6583.17191851023 "" "" "" 2009D "" "" ""
OBSERVED "" 2.169999999816355 16.314152172587995 3954.20251095608 4089.43397910585 95.76257155475298 4089.43397910585 4503.08317579927 155.8449198663028 4503.08317579927 5120.9053734247 94.53330503134998 5222.9918738907 5698.9536098296 0.773432253369478 5698.9536098296 5802.36590900296 103.5679643914479 5802.36590900296 6304.84361908887 "" "" "" 2009D "" "" ""
CMFGEN 1.04 2.169999999816355 -4.170089519464824 3999.279667006 4149.09492093663 -62.68894954158952 4149.09492093663 4450.05122750524 806.7682207762018 4500.43157838457 5549.13835589897 157.70276642441496 5204.43069198779 5653.87645377968 -2.5632732823342224 5653.87645377968 5801.04011029561 251.9613098971056 5801.04011029561 6599.17093212073 "" "" "" 2009D "" "" ""
CMFGEN 1.02 2.169999999816355 6.963519023564942 3999.279667006 4149.09492093663 -77.63564621903618 4149.09492093663 4450.05122750524 776.3065172319195 4500.43157838457 5549.13835589897 234.3114909880568 5150.07294498641 5628.68627834001 -1.9622167721450978 5628.68627834001 5801.04011029561 197.29839078319048 5801.04011029561 6599.17093212073 "" "" "" 2009D "" "" ""
CMFGEN 1.4 2.169999999816355 17.219645090650232 3999.279667006 4149.09492093663 -95.4336883395024 4149.09492093663 4450.05122750524 690.3309022246115 4500.43157838457 5549.13835589897 195.00050210050335 5150.07294498641 5587.58651841214 50.15188714355054 5587.58651841214 5999.90991639821 54.98858449721365 5999.90991639821 6599.17093212073 "" "" "" 2009D "" "" ""
CMFGEN 1.7 2.169999999816355 11.326452225741491 3999.279667006 4149.09492093663 114.28315806334425 4149.09492093663 4472.5898055302 639.000743869483 4500.43157838457 5549.13835589897 42.11599723027547 5299.88819891704 5663.15704473113 -5.214671659691703 5663.15704473113 5801.04011029561 219.70229847166763 5801.04011029561 6583.26134763252 "" "" "" 2009D "" "" ""
OBSERVED "" 45.270000000127766 4.729763201724875 3997.6041 4018.6217 341.7762035400687 3997.6041 4604.1112 296.9523057213552 4604.1112 5480.8444 25.748939852646288 5288.6837 5522.8795 117.79673626717212 5552.9046 5877.1758 188.5903068253267 5877.1758 6441.6478 507.53284157568373 7663.6697 8576.4329 2009F "" "" ""
CMFGEN 1.04 45.270000000127766 -1.9308854104198758 3925.5438 4000.6066 124.88657501907824 3925.5438 4544.061 237.47340973871798 4544.061 5195.6059 19.711644644746627 5195.6059 5501.8619 54.73219164719134 5552.9046 5862.1632 110.07999805708215 5862.1632 6237.4771 206.84783664277631 7894.863 8540.4028 2009F "" "" ""
CMFGEN 1.02 45.270000000127766 35.64655967055364 3913.5338 4147.7296 148.75008701896843 3913.5338 4571.0836 232.12555522960895 4571.0836 5207.6159 62.083862497780956 5207.6159 5612.9548 24.83747978282969 5612.9548 5862.1632 170.56554252975735 5862.1632 6360.58 275.21536399407483 7882.8529 8663.5057 2009F "" "" ""
CMFGEN 1.4 45.270000000127766 43.05428164470729 3913.5338 4135.7196 162.20836284817221 3913.5338 4559.0736 237.5640609160015 4559.0736 5213.6209 75.02553626907638 5213.6209 5606.9498 30.04741511828206 5606.9498 5877.1758 166.24723254442972 5877.1758 6366.585 279.0897991138627 7849.8253 8657.5007 2009F "" "" ""
CMFGEN 1.7 45.270000000127766 26.72692654599382 3913.5338 4147.7296 131.58442916770605 3913.5338 4559.0736 231.4343761921856 4559.0736 5201.6109 18.78553246789687 5201.6109 5501.8619 42.99280434768957 5552.9046 5865.1657 141.14254019725172 5865.1657 6273.5072 231.50352555912082 7924.8881 8675.5158 2009F "" "" ""
OBSERVED "" -5.700000000077125 21.072884685401945 3920.0437 4053.8581 202.80920985927457 3920.0437 4502.5301 91.44178723972539 4502.5301 5069.2737 33.28940797798492 5187.3453 5553.3672 42.979374056039774 5553.3672 5950.8748 84.54170033085686 5950.8748 6273.6038 257.7375851240254 7763.2736 8652.7461 2009F "" "" ""
CMFGEN 1.04 -5.700000000077125 -3.9380586741809225 3998.7581 4148.3154 -65.03775721099635 4148.3154 4451.3658 809.758545158943 4500.5623 5549.4315 158.41958223110095 5205.056 5653.728 -2.6378665289496723 5653.728 5801.3175 251.12030271009132 5801.3175 6598.3007 463.3818597723689 7501.5482 8898.7286 2009F "" "" ""
CMFGEN 1.02 -5.700000000077125 7.276351087213726 3998.7581 4148.3154 -80.17340411293844 4148.3154 4451.3658 780.0963140243921 4500.5623 5549.4315 232.00471507952344 5153.8917 5630.1137 -1.7349060771643963 5630.1137 5801.3175 197.7539193328073 5801.3175 6598.3007 455.9898439492981 7501.5482 8898.7286 2009F "" "" ""
CMFGEN 1.4 -5.700000000077125 17.555246039565276 3998.7581 4148.3154 -97.84522086293356 4148.3154 4451.3658 694.8309492537456 4500.5623 5549.4315 190.77307744402742 5155.8595 5588.7887 49.5944554777501 5588.7887 5998.1035 56.447112619981226 5998.1035 6598.3007 342.63294164226 7501.5482 8898.7286 2009F "" "" ""
CMFGEN 1.7 -5.700000000077125 11.57946545117565 3998.7581 4148.3154 115.43496082982603 4148.3154 4473.0122 641.7583890039339 4500.5623 5549.4315 39.165418755293956 5299.5133 5673.4066 -3.6546717064571226 5673.4066 5801.3175 219.2924708985728 5801.3175 6582.5578 594.3470523188466 7501.5482 8847.5642 2009F "" "" ""
OBSERVED "" 29.230000000090513 "" "" "" "" "" "" "" "" "" "" "" "" 99.16237162207798 5565.2915 5864.3799 195.1518709331267 5864.3799 6474.2096 504.2157515435023 7701.6375 8540.6389 2009F "" "" ""
CMFGEN 1.04 29.230000000090513 "" "" "" "" "" "" "" "" "" "" "" "" 5.989378160733935 5592.4814 5802.2317 157.83939558888233 5802.2317 6295.5334 91.8866157197192 7802.6284 8451.3008 2009F "" "" ""
