results/equivalent_width/fixed_True.ecsv
# %ECSV 0.9
# ---
# datatype:
# - name: model
#   datatype: string
# - name: version
#   datatype: string
# - name: time
#   datatype: float64
# - name: pW2
#   datatype: float64
# - name: pW2_start
#   datatype: float64
# - name: pW2_end
#   datatype: float64
# - name: pW3
#   datatype: float64
# - name: pW3_start
#   datatype: float64
# - name: pW3_end
#   datatype: float64
# - name: pW4
#   datatype: float64
# - name: pW4_start
#   datatype: float64
# - name: pW4_end
#   datatype: float64
# - name: pW5
#   datatype: float64
# - name: pW5_start
#   datatype: float64
# - name: pW5_end
#   datatype: float64
# - name: pW6
#   datatype: float64
# - name: pW6_start
#   datatype: float64
# - name: pW6_end
#   datatype: float64
# - name: pW7
#   datatype: float64
# - name: pW7_start
#   datatype: float64
# - name: pW7_end
#   datatype: float64
# - name: pW8
#   datatype: float64
# - name: pW8_start
#   datatype: float64
# - name: pW8_end
#   datatype: float64
# - name: obj_id
#   datatype: string
# - name: pW1
#   datatype: float64
# - name: pW1_start
#   datatype: float64
# - name: pW1_end
#   datatype: float64
# schema: astropy-2.0
model version time pW2 pW2_start pW2_end pW3 pW3_start pW3_end pW4 pW4_start pW4_end pW5 pW5_start pW5_end pW6 pW6_start pW6_end pW7 pW7_start pW7_end pW8 pW8_start pW8_end obj_id pW1 pW1_start pW1_end
[from data line 109]
CMFGEN 1.7 53348.25999999978 -0.620080820727452 3970.0886 4008.4492 481.4033235847618 3970.0886 4625.1698 -68.8614687513325 4625.1698 5469.1032 66.22751322337774 5295.0051 5501.5622 177.41527357539965 5551.7261 5885.1684 308.40294928412743 5885.1684 6572.7086 196.1834531584633 7661.5598 8694.3455 2004gc "" "" ""
OBSERVED "" 53358.20999999996 6.283962970045728 3952.057 4008.9601 303.7406639492807 3952.057 4626.7654 454.27017691331207 4626.7654 5525.0217 37.20412228937542 5297.4093 5577.8604 64.77410729741104 5577.8604 5854.2469 308.0946372206869 5854.2469 6516.7618 "" "" "" 2004gc 230.82988417057294 3594.3803 3952.057
CMFGEN 1.04 53358.20999999996 -1.9502527307046549 3952.057 4008.9601 466.1745673028792 3952.057 4626.7654 47.56557285289364 4626.7654 5525.0217 125.2798635924101 5297.4093 5577.8604 146.67032507653485 5577.8604 5854.2469 263.6676511874082 5854.2469 6516.7618 "" "" "" 2004gc 212.08137410886673 3594.3803 3952.057
CMFGEN 1.02 53358.20999999996 -3.4219116419991025 3952.057 4008.9601 457.1376965956681 3952.057 4626.7654 66.1404985522471 4626.7654 5525.0217 107.8656760594958 5297.4093 5577.8604 149.11314499284552 5577.8604 5854.2469 221.43670009882646 5854.2469 6516.7618 "" "" "" 2004gc 138.5998293222636 3594.3803 3952.057
CMFGEN 1.4 53358.20999999996 -3.346476266715726 3952.057 4008.9601 420.50996736489014 3952.057 4626.7654 79.7860632736465 4626.7654 5525.0217 85.06652551681506 5297.4093 5577.8604 147.31854506348773 5577.8604 5854.2469 202.30976168638728 5854.2469 6516.7618 "" "" "" 2004gc 114.24110486645253 3594.3803 3952.057
CMFGEN 1.7 53358.20999999996 -2.453137766857111 3952.057 4008.9601 486.93395235505443 3952.057 4626.7654 36.88081197762153 4626.7654 5525.0217 145.665748594224 5297.4093 5577.8604 153.05276243480952 5577.8604 5854.2469 269.7339767240188 5854.2469 6516.7618 "" "" "" 2004gc 228.70076546477208 3594.3803 3952.057
OBSERVED "" 53335.220000000205 43.12699731963971 3923.6054 4094.3148 304.6925188340615 3923.6054 4602.3783 295.31183651322533 4602.3783 5264.8932 49.16950414692815 5264.8932 5590.0539 42.576599853355674 5590.0539 5886.763 153.38861261404293 5886.763 6374.504 "" "" "" 2004gc 221.14269890759223 3529.3481 3923.6054
CMFGEN 1.04 53335.220000000205 -57.406245110783516 3923.6054 4094.3148 436.4566657703277 3923.6054 4602.3783 44.39208964732552 4602.3783 5264.8932 132.63086343580235 5264.8932 5590.0539 124.30062229506086 5590.0539 5886.763 93.19346194958348 5886.763 6374.504 "" "" "" 2004gc 244.61306397915877 3529.3481 3923.6054
CMFGEN 1.02 53335.220000000205 -59.63410835960849 3923.6054 4094.3148 420.0154247926448 3923.6054 4602.3783 79.79418735104218 4602.3783 5264.8932 121.35167329247574 5264.8932 5590.0539 127.28332268808603 5590.0539 5886.763 87.65479860567336 5886.763 6374.504 "" "" "" 2004gc 135.45310711289414 3529.3481 3923.6054
CMFGEN 1.4 53335.220000000205 -48.772076120653196 3923.6054 4094.3148 368.2126732778417 3923.6054 4602.3783 97.1715593027385 4602.3783 5264.8932 98.44465245089896 5264.8932 5590.0539 127.1055784321178 5590.0539 5886.763 85.41919714508788 5886.763 6374.504 "" "" "" 2004gc 83.89619870133555 3529.3481 3923.6054
CMFGEN 1.7 53335.220000000205 -74.59297622124672 3923.6054 4094.3148 449.50151115726896 3923.6054 4602.3783 28.895597452316224 4602.3783 5264.8932 148.70018519039337 5264.8932 5590.0539 140.98410489201302 5590.0539 5886.763 113.56345189478441 5886.763 6374.504 "" "" "" 2004gc 259.7786982436694 3529.3481 3923.6054
OBSERVED "" -3.6700000002238085 42.31206119557936 3905.7871 4050.9483 145.26645399780773 4050.9483 4519.0193 327.2551542456147 4519.0193 5508.4858 95.23810405365202 5209.2759 5508.4858 59.14686765420879 5621.0599 5899.5325 148.79493510383065 5899.5325 6340.9412 346.0855749751905 7899.2029 8553.9098 2004gs "" "" ""
CMFGEN 1.04 -3.6700000002238085 24.55987994808227 3905.7871 4050.9483 -283.9139128934107 4050.9483 4519.0193 747.526234360337 4519.0193 5508.4858 145.3005130834427 5209.2759 5508.4858 -15.710795810582113 5621.0599 5899.5325 97.01121112278469 5899.5325 6340.9412 49.72381784389961 7899.2029 8553.9098 2004gs "" "" ""
CMFGEN 1.02 -3.6700000002238085 26.62682660949642 3905.7871 4050.9483 -363.2772098155891 4050.9483 4519.0193 657.5527352285003 4519.0193 5508.4858 122.37377347723981 5209.2759 5508.4858 4.430739566590944 5621.0599 5899.5325 70.38022655767645 5899.5325 6340.9412 44.55314208862137 7899.2029 8553.9098 2004gs "" "" ""
CMFGEN 1.4 -3.6700000002238085 26.342796972616043 3905.7871 4050.9483 -439.058352392301 4050.9483 4519.0193 611.3196240333601 4519.0193 5508.4858 102.60126454646979 5209.2759 5508.4858 25.815247389299657 5621.0599 5899.5325 12.383775645462606 5899.5325 6340.9412 4.870174277522551 7899.2029 8553.9098 2004gs "" "" ""
CMFGEN 1.7 -3.6700000002238085 17.390334632952616 3905.7871 4050.9483 58.75752492780566 4050.9483 4519.0193 481.46421206964493 4519.0193 5508.4858 -96.72868895174815 5209.2759 5508.4858 -28.61620985544755 5621.0599 5899.5325 93.99087602744999 5899.5325 6340.9412 62.54173014785488 7899.2029 8553.9098 2004gs "" "" ""
OBSERVED "" 2.319999999999709 36.78770581354408 3910.5431 4126.8132 191.68612488199892 3910.5431 4559.3533 221.2931278411262 4559.3533 5224.4856 87.45124728836993 5224.4856 5599.8978 49.831424180370675 5599.8978 5938.5848 140.40926316297197 5938.5848 6391.5277 "" "" "" 2004gs "" "" ""
CMFGEN 1.04 2.319999999999709 30.19095912448506 3910.5431 4126.8132 -587.0333611444421 3910.5431 4559.3533 258.7451331472365 4559.3533 5224.4856 151.0142022056717 5224.4856 5599.8978 -23.626891009285316 5599.8978 5938.5848 106.93732464175969 5938.5848 6391.5277 "" "" "" 2004gs "" "" ""
CMFGEN 1.02 2.319999999999709 50.942411294823614 3910.5431 4126.8132 -664.0662520945634 3910.5431 4559.3533 148.86749798992332 4559.3533 5224.4856 178.01869937660697 5224.4856 5599.8978 -1.430116945167299 5599.8978 5938.5848 68.81675995819853 5938.5848 6391.5277 "" "" "" 2004gs "" "" ""
CMFGEN 1.4 2.319999999999709 62.84459518763899 3910.5431 4126.8132 -705.6276077388577 3910.5431 4559.3533 30.0179549568104 4559.3533 5224.4856 124.7437354000443 5224.4856 5599.8978 36.801595574268674 5599.8978 5938.5848 12.01872304858955 5938.5848 6391.5277 "" "" "" 2004gs "" "" ""
CMFGEN 1.7 2.319999999999709 46.27317352553561 3910.5431 4126.8132 -85.45797581673253 3910.5431 4559.3533 393.0998105241505 4559.3533 5224.4856 25.66588884885988 5224.4856 5599.8978 -47.90296845241943 5599.8978 5938.5848 81.0205412233093 5938.5848 6391.5277 "" "" "" 2004gs "" "" ""
OBSERVED "" -4.639999999926658 6.692549392915339 3918.80939049093 4022.95492114111 88.52732408148051 3918.80939049093 4495.61540639964 115.88139981683798 4511.63779573044 5084.43821430645 84.5041235383004 5152.53336896234 5653.23303554977 11.311992035868116 5653.23303554977 5881.55208351364 76.90009560751605 5881.55208351364 6294.12860878167 "" "" "" 2004gu 127.74799407248568 3542.28324121719 3918.80939049093
CMFGEN 1.04 -4.639999999926658 11.464940886303324 3918.80939049093 4022.95492114111 -330.1268265157013 3918.80939049093 4495.61540639964 203.639978313693 4511.63779573044 5084.43821430645 180.8950876759813 5152.53336896234 5653.23303554977 -2.615696198963633 5653.23303554977 5881.55208351364 75.56166514088352 5881.55208351364 6294.12860878167 "" "" "" 2004gu -36.31099059936514 3542.28324121719 3918.80939049093
CMFGEN 1.02 -4.639999999926658 11.066879734199361 3918.80939049093 4022.95492114111 -309.3798552303888 3918.80939049093 4495.61540639964 251.83493583482044 4511.63779573044 5084.43821430645 217.38922809955653 5152.53336896234 5653.23303554977 8.056798759861039 5653.23303554977 5881.55208351364 60.23512147529863 5881.55208351364 6294.12860878167 "" "" "" 2004gu -104.2513230454108 3542.28324121719 3918.80939049093
CMFGEN 1.4 -4.639999999926658 10.25515658534276 3918.80939049093 4022.95492114111 -317.91700349848145 3918.80939049093 4495.61540639964 246.54997641374536 4511.63779573044 5084.43821430645 121.74453700320487 5152.53336896234 5653.23303554977 13.577329554824729 5653.23303554977 5881.55208351364 13.211914321922336 5881.55208351364 6294.12860878167 "" "" "" 2004gu -131.0889687652737 3542.28324121719 3918.80939049093
CMFGEN 1.7 -4.639999999926658 6.719046810584615 3918.80939049093 4022.95492114111 295.36881146626035 3918.80939049093 4495.61540639964 289.49164059695005 4511.63779573044 5084.43821430645 18.08696794900004 5152.53336896234 5653.23303554977 -11.730606874206842 5653.23303554977 5881.55208351364 89.59951423613597 5881.55208351364 6294.12860878167 "" "" "" 2004gu -71.57689658016528 3542.28324121719 3918.80939049093
OBSERVED "" 4.389999999868451 91.32175765222371 3913.306 4121.626 191.73705003931565 4121.626 4575.465 637.4263774225587 4575.465 5518.218 107.75311899043156 5290.767 5518.218 24.45599602303156 5612.734 5870.701 149.1773007909557 5870.701 6367.526 "" "" "" 2005A 266.82520262511673 3579.57 3913.306
CMFGEN 1.04 4.389999999868451 28.469667657252728 3913.306 4121.626 -263.56948453549353 4121.626 4575.465 710.093453868574 4575.465 5518.218 80.88028966033664 5290.767 5518.218 -20.02757035420717 5612.734 5870.701 128.33953020399667 5870.701 6367.526 "" "" "" 2005A -31.465872432460174 3579.57 3913.306
CMFGEN 1.02 4.389999999868451 47.84683236982278 3913.306 4121.626 -342.80973392741816 4121.626 4575.465 629.5585530942417 4575.465 5518.218 73.05567280454233 5290.767 5518.218 -2.8745991362997074 5612.734 5870.701 93.47180555053819 5870.701 6367.526 "" "" "" 2005A -83.63163485016645 3579.57 3913.306
CMFGEN 1.4 4.389999999868451 58.277181119704466 3913.306 4121.626 -407.48069575342856 4121.626 4575.465 562.6257401746151 4575.465 5518.218 42.92401135172395 5290.767 5518.218 23.402990745603887 5612.734 5870.701 19.88676734081605 5870.701 6367.526 "" "" "" 2005A -95.16915855163057 3579.57 3913.306
CMFGEN 1.7 4.389999999868451 42.78447138280819 3913.306 4121.626 -377.23366372276075 4121.626 4575.465 421.8007572201615 4575.465 5518.218 -25.30226416050573 5290.767 5518.218 -31.467282968605673 5612.734 5870.701 127.55457646380648 5870.701 6367.526 "" "" "" 2005A -73.74376330497853 3579.57 3913.306
OBSERVED "" 25.369999999849824 106.94491892161736 3976.3303 4092.7177 502.8023428842062 3976.3303 4582.1414 564.1950989845922 4582.1414 5549.0517 27.051336556345092 5283.4498 5549.0517 69.68867694508785 5569.9417 5883.2923 284.2915629456152 5883.2923 6530.8835 555.9240817969327 7739.5213 8784.0232 2005A "" "" ""
CMFGEN 1.04 25.369999999849824 -8.366094010056784 3976.3303 4092.7177 32.19991501474283 3976.3303 4582.1414 198.1635542684594 4582.1414 5549.0517 10.012418860391989 5283.4498 5549.0517 -18.13432588834064 5569.9417 5883.2923 93.59305774448114 5883.2923 6530.8835 108.09535054982985 7739.5213 8784.0232 2005A "" "" ""
CMFGEN 1.02 25.369999999849824 -11.460705854314696 3976.3303 4092.7177 1.7848767905359182 3976.3303 4582.1414 193.00174827148032 4582.1414 5549.0517 16.506005106690566 5283.4498 5549.0517 -22.054530832504952 5569.9417 5883.2923 17.9521150193666 5883.2923 6530.8835 33.981768747925 7739.5213 8784.0232 2005A "" "" ""
CMFGEN 1.4 25.369999999849824 -6.4185318344947575 3976.3303 4092.7177 -58.3557934854548 3976.3303 4582.1414 171.66606300089643 4582.1414 5549.0517 10.610184179031762 5283.4498 5549.0517 7.730381962379795 5569.9417 5883.2923 43.125895388596064 5883.2923 6530.8835 -603.8998673375668 7739.5213 8784.0232 2005A "" "" ""
CMFGEN 1.7 25.369999999849824 -11.390596211509717 3976.3303 4092.7177 -30.040109599919333 3976.3303 4582.1414 195.8388976190838 4582.1414 5549.0517 19.184496037563974 5283.4498 5549.0517 3.7517389062840607 5569.9417 5883.2923 91.70396296098556 5883.2923 6530.8835 105.21752567584895 7739.5213 8784.0232 2005A "" "" ""
OBSERVED "" 33.369999999849824 8.403732138282031 3991.2518 4003.189 399.3585735987613 4003.189 4644.8115 548.9220076823274 4644.8115 5468.4759 47.045154117804515 5295.387 5569.9417 64.6470950839254 5569.9417 5841.5122 453.55845770841955 5841.5122 6563.7107 578.0066699375 7879.783 8751.196 2005A "" "" ""
CMFGEN 1.04 33.369999999849824 0.0011689352236725625 3991.2518 4003.189 23.60691146566387 4003.189 4644.8115 48.20187901745635 4644.8115 5468.4759 15.866220328185193 5295.387 5569.9417 10.318477674986127 5569.9417 5841.5122 103.59110797330163 5841.5122 6563.7107 132.68559712998513 7879.783 8751.196 2005A "" "" ""
CMFGEN 1.02 33.369999999849824 0.014531619796954942 3991.2518 4003.189 -51.103801480078346 4003.189 4644.8115 98.56589851350213 4644.8115 5468.4759 14.542560253508498 5295.387 5569.9417 10.646165926436367 5569.9417 5841.5122 83.95950893403312 5841.5122 6563.7107 53.76338248379329 7879.783 8751.196 2005A "" "" ""
CMFGEN 1.4 33.369999999849824 0.010744437744966362 3991.2518 4003.189 -49.66030656247881 4003.189 4644.8115 116.75487706438275 4644.8115 5468.4759 19.71962085708941 5295.387 5569.9417 25.35122938767185 5569.9417 5841.5122 88.17881121355958 5841.5122 6563.7107 3.3963970582528873 7879.783 8751.196 2005A "" "" ""
CMFGEN 1.7 33.369999999849824 0.006937288302900413 3991.2518 4003.189 -14.792776547030712 4003.189 4644.8115 84.49536416851629 4644.8115 5468.4759 13.556203794682062 5295.387 5569.9417 5.418480989552222 5569.9417 5841.5122 79.25270855720237 5841.5122 6563.7107 134.610893160841 7879.783 8751.196 2005A "" "" ""
OBSERVED "" 66.54000000003725 3.9399252603560555 3968.1322 4000.8672 312.93013303878104 3968.1322 4670.4457 364.7370406811449 4670.4457 5539.4099 32.90078082521421 5298.3617 5575.1208 114.32099867156239 5575.1208 5875.6872 264.4768533918696 5875.6872 6575.0248 748.751358515958 7637.4228 8771.2425 2005M "" "" ""
CMFGEN 1.04 66.54000000003725 -0.42089472101478265 3968.1322 4000.8672 220.08698517054148 3968.1322 4670.4457 174.65858156994977 4670.4457 5539.4099 24.686512235183926 5298.3617 5575.1208 87.08313581150944 5575.1208 5875.6872 159.29397557125696 5875.6872 6575.0248 221.9889862160121 7637.4228 8771.2425 2005M "" "" ""
CMFGEN 1.02 66.54000000003725 -0.5108030277017406 3968.1322 4000.8672 203.57787138223955 3968.1322 4670.4457 135.4880113962722 4670.4457 5539.4099 -9.998305099123115 5298.3617 5575.1208 61.49345529262138 5575.1208 5875.6872 111.36046616382896 5875.6872 6575.0248 422.9132898631426 7637.4228 8771.2425 2005M "" "" ""
CMFGEN 1.4 66.54000000003725 -0.2813137899990181 3968.1322 4000.8672 196.45155562880166 3968.1322 4670.4457 209.5314273191608 4670.4457 5539.4099 -14.094501458410832 5298.3617 5575.1208 50.36504888919012 5575.1208 5875.6872 111.61454190408017 5875.6872 6575.0248 421.5334948181396 7637.4228 8771.2425 2005M "" "" ""
CMFGEN 1.7 66.54000000003725 -0.328861843444308 3968.1322 4000.8672 208.82645187545904 3968.1322 4670.4457 76.86907409902369 4670.4457 5539.4099 45.81908266889212 5298.3617 5575.1208 123.43134073752654 5575.1208 5875.6872 210.10627816844976 5875.6872 6575.0248 257.5733602450746 7637.4228 8771.2425 2005M "" "" ""
OBSERVED "" 3.7299999999813735 14.299261224499233 3974.084 4093.1202 97.23612871061255 4093.1202 4512.7228 162.27929353849026 4512.7228 5155.5182 94.73310258439187 5155.5182 5631.663 23.37238996125228 5631.663 5929.2535 160.21734901905438 5929.2535 6580.9766 198.74053650375913 7851.688 8762.3148 2005M "" "" ""
CMFGEN 1.04 3.7299999999813735 3.3409802906112986 3974.084 4093.1202 -215.83794185619263 4093.1202 4512.7228 241.69641222098937 4512.7228 5155.5182 184.5779832997834 5155.5182 5631.663 -6.452110201861501 5631.663 5929.2535 138.66484086964783 5929.2535 6580.9766 19.72556156400617 7851.688 8762.3148 2005M "" "" ""
CMFGEN 1.02 3.7299999999813735 10.911480866797405 3974.084 4093.1202 -266.5453847378301 4093.1202 4512.7228 263.1492323255281 4512.7228 5155.5182 228.7104291824848 5155.5182 5631.663 13.287044743188403 5631.663 5929.2535 98.87720214794956 5929.2535 6580.9766 42.413729630404305 7851.688 8762.3148 2005M "" "" ""
