results/equivalent_width/fixed_False.ecsv
# %ECSV 0.9
# ---
# datatype:
# - name: model
#   datatype: string
# - name: version
#   datatype: string
# - name: time
#   datatype: float64
# - name: pW2
#   datatype: float64
# - name: pW2_start
#   datatype: float64
# - name: pW2_end
#   datatype: float64
# - name: pW3
#   datatype: float64
# - name: pW3_start
#   datatype: float64
# - name: pW3_end
#   datatype: float64
# - name: pW4
#   datatype: float64
# - name: pW4_start
#   datatype: float64
# - name: pW4_end
#   datatype: float64
# - name: pW5
#   datatype: float64
# - name: pW5_start
#   datatype: float64
# - name: pW5_end
#   datatype: float64
# - name: pW6
#   datatype: float64
# - name: pW6_start
#   datatype: float64
# - name: pW6_end
#   datatype: float64
# - name: pW7
#   datatype: float64
# - name: pW7_start
#   datatype: float64
# - name: pW7_end
#   datatype: float64
# - name: pW8
#   datatype: float64
# - name: pW8_start
#   datatype: float64
# - name: pW8_end
#   datatype: float64
# - name: obj_id
#   datatype: string
# - name: pW1
#   datatype: float64
# - name: pW1_start
#   datatype: float64
# - name: pW1_end
#   datatype: float64
# schema: astropy-2.0
model version time pW2 pW2_start pW2_end pW3 pW3_start pW3_end pW4 pW4_start pW4_end pW5 pW5_start pW5_end pW6 pW6_start pW6_end pW7 pW7_start pW7_end pW8 pW8_start pW8_end obj_id pW1 pW1_start pW1_end
[from data line 215]
OBSERVED "" 49.05000000003929 93.0874687721389 3931.7652 4041.6524 535.7958988719906 3931.7652 4577.0003 614.9847286133672 4577.0003 5394.1102 215.20543080099995 5165.8829 5501.1798 143.5212652229396 5557.5322 5822.3885 448.18674698545954 5822.3885 6521.1584 "" "" "" 2005ag "" "" ""
CMFGEN 1.04 49.05000000003929 -1.8331699930819658 3940.218 4002.2057 144.40140810506756 3940.218 4562.9122 243.81994618879875 4562.9122 5205.3296 11.051692677482437 5205.3296 5501.1798 75.34834863438692 5551.8969 5861.8352 94.23056953139611 5861.8352 6230.9435 "" "" "" 2005ag "" "" ""
CMFGEN 1.02 49.05000000003929 38.34732427365864 3926.1299 4148.7219 204.4134730521644 3926.1299 4605.1765 259.9212356650787 4605.1765 5233.5058 3.225448184061467 5233.5058 5501.1798 38.70983605702206 5551.8969 5864.6528 179.9975542756365 5864.6528 6374.6421 "" "" "" 2005ag "" "" ""
CMFGEN 1.4 49.05000000003929 45.25902895160195 3920.4947 4148.7219 213.60382423215856 3920.4947 4593.906 264.550235030981 4593.906 5233.5058 51.56502571362198 5233.5058 5619.5198 31.72255600735295 5619.5198 5870.2881 174.60483228637645 5870.2881 6371.8245 "" "" "" 2005ag "" "" ""
CMFGEN 1.7 49.05000000003929 31.023881708781108 3923.3123 4148.7219 162.64821651120812 3923.3123 4574.1826 250.16785303349215 4574.1826 5216.6001 10.543925292581044 5216.6001 5501.1798 67.27343726173845 5551.8969 5867.4704 137.7279989590548 5867.4704 6264.7549 "" "" "" 2005ag "" "" ""
OBSERVED "" 42.270000000113214 7.405794249946861 3963.7407 4017.8154 299.1643193856014 3963.7407 4627.6585 374.99634571094964 4627.6585 5540.9209 25.89567913821377 5288.5721 5540.9209 78.93207536262518 5558.9459 5856.357 260.25907551699913 5856.357 6517.2706 526.6907349319581 7760.9899 8725.323 2005al "" "" ""
CMFGEN 1.04 42.270000000113214 -1.2363780547314729 3918.6784 4002.7947 108.19216657204866 3918.6784 4534.5297 221.0362580960423 4534.5297 5186.4309 25.07975639387024 5186.4309 5501.867 24.05519295585411 5619.0289 5856.357 120.64807226373017 5856.357 6249.901 198.52977986474573 7896.1768 8548.078 2005al "" "" ""
CMFGEN 1.02 42.270000000113214 30.789632654997213 3906.6618 4125.9649 114.54401857506691 3906.6618 4549.5505 204.1378333379298 4549.5505 5192.4392 78.8598000565445 5192.4392 5604.0081 22.175562041138992 5604.0081 5862.3653 164.24032531173526 5862.3653 6361.0547 276.8687843396156 7502.6328 8638.2026 2005al "" "" ""
CMFGEN 1.4 42.270000000113214 40.4900896137849 3906.6618 4122.9608 135.1954707470412 3906.6618 4540.538 216.45328122201647 4540.538 5198.4475 83.47753260418665 5198.4475 5588.9874 27.699863192090667 5588.9874 5874.3819 161.4843077922781 5874.3819 6361.0547 253.06523913651515 7827.0813 8632.1943 2005al "" "" ""
CMFGEN 1.7 42.270000000113214 20.5932088532801 3906.6618 4131.9732 104.78853213689291 3906.6618 4540.538 207.23240657556738 4540.538 5189.435 63.27950811194547 5189.435 5625.0372 19.983637357069803 5625.0372 5856.357 140.19562730508093 5856.357 6276.9384 222.4422389173003 7890.1685 8638.2026 2005al "" "" ""
OBSERVED "" 45.21999999983382 1.4347594190107682 3957.7324 4002.7947 302.61584742178945 3957.7324 4633.6668 367.7972562580934 4633.6668 5513.8836 23.376718551829885 5279.5596 5513.8836 81.10006794784887 5567.9583 5859.3611 235.67738348124544 5859.3611 6520.2748 508.7184250402623 7721.9359 8719.3147 2005al "" "" ""
CMFGEN 1.04 45.21999999983382 -1.792003182317813 3927.6908 4002.7947 125.01772974473288 3927.6908 4543.5422 237.68239140543085 4543.5422 5195.4434 20.2631899638921 5195.4434 5501.867 54.083767457171604 5552.9375 5862.3653 110.64565802861206 5862.3653 6237.8844 206.61155777288926 7893.1726 8542.0697 2005al "" "" ""
CMFGEN 1.02 45.21999999983382 35.83419703241562 3915.6742 4149.9981 148.13571940722022 3915.6742 4570.5796 232.09289440121069 4570.5796 5207.46 62.916137262631665 5207.46 5613.0206 24.810893101532344 5613.0206 5862.3653 170.5869904949353 5862.3653 6361.0547 274.9395569858161 7881.156 8662.2358 2005al "" "" ""
CMFGEN 1.4 45.21999999983382 43.03286180134467 3912.6701 4134.9774 161.78350712853995 3912.6701 4558.5629 237.7073102688744 4558.5629 5213.4683 75.5725337168161 5213.4683 5607.0123 29.900993032259443 5607.0123 5874.3819 166.16757138735858 5874.3819 6364.0588 278.83210047964315 7848.1103 8656.2275 2005al "" "" ""
CMFGEN 1.7 45.21999999983382 26.84064943174169 3912.6701 4149.9981 131.117523835827 3912.6701 4555.5588 231.25683880691489 4555.5588 5201.4517 19.3161013082642 5201.4517 5501.867 42.970469625988706 5552.9375 5862.3653 141.01387685951448 5862.3653 6273.9342 231.42782269433056 7923.2142 8674.2524 2005al "" "" ""
OBSERVED "" 14.210000000057335 19.865290509098386 3963.7407 4074.8943 249.2600989308775 3963.7407 4609.6335 247.4998790247858 4609.6335 5246.514 -7.207291975087543 5246.514 5507.8753 77.14116373330471 5558.9459 5874.3819 130.63636727137944 5874.3819 6397.1045 277.61152097951157 7926.2183 8722.3188 2005al "" "" ""
CMFGEN 1.04 14.210000000057335 -4.250905909290044 3999.7905 4149.9981 -63.22309641135568 4149.9981 4450.4134 806.4592111111131 4501.484 5549.9334 156.96782404433512 5204.4558 5655.0787 -2.4205754284688727 5655.0787 5802.2822 250.7391064778947 5802.2822 6598.3827 461.969325227014 7502.6328 8899.5639 2005al "" "" ""
CMFGEN 1.02 14.210000000057335 6.833778449410349 3999.7905 4149.9981 -78.10203753496101 4149.9981 4450.4134 777.1441947522128 4501.484 5549.9334 232.17175477443317 5153.3852 5628.0414 -2.050905494043181 5628.0414 5802.2822 196.2616752351094 5802.2822 6598.3827 452.7702755795366 7502.6328 8899.5639 2005al "" "" ""
CMFGEN 1.4 14.210000000057335 17.130570743127755 3999.7905 4149.9981 -95.47559201265179 4149.9981 4450.4134 691.0514172627059 4501.484 5549.9334 193.99333660145123 5150.3811 5588.9874 49.69229634326147 5588.9874 5997.5522 55.61575619931343 5997.5522 6598.3827 338.61518907827565 7502.6328 8899.5639 2005al "" "" ""
CMFGEN 1.7 14.210000000057335 11.249777768943158 3999.7905 4149.9981 113.74360338125157 4149.9981 4471.4425 639.1008243320421 4501.484 5549.9334 37.3215356149796 5297.5845 5673.1037 -3.740142127381297 5673.1037 5802.2822 218.32355925595084 5802.2822 6583.362 592.236218816417 7502.6328 8845.4891 2005al "" "" ""
OBSERVED "" 49.17000000002008 2.418194488557561 3966.7448 4011.8071 304.9524772721802 3966.7448 4642.6792 375.1606162027599 4642.6792 5507.8753 24.578614199252932 5291.5762 5507.8753 85.89122010503131 5555.9417 5832.3238 246.09316807654187 5832.3238 6529.2872 511.63488230968096 7742.965 8770.3853 2005al "" "" ""
CMFGEN 1.04 49.17000000002008 -1.939682816276429 3939.7074 4002.7947 144.976889327815 3939.7074 4564.5712 243.65773628235078 4564.5712 5204.4558 10.430719462374766 5204.4558 5501.867 75.07791693085686 5552.9375 5862.3653 93.93364670219125 5862.3653 6231.8761 214.13343204571177 7866.1353 8704.2939 2005al "" "" ""
CMFGEN 1.02 49.17000000002008 38.48740457674302 3924.6867 4149.9981 206.3481165608698 3924.6867 4606.6294 260.58756318111534 4606.6294 5234.4973 2.7322186859518607 5234.4973 5501.867 39.218450900225946 5552.9375 5865.3694 180.27683694229302 5865.3694 6376.0754 305.4738393148266 7884.1602 8680.2607 2005al "" "" ""
CMFGEN 1.4 49.17000000002008 45.19904936984945 3918.6784 4149.9981 215.62907469742595 3918.6784 4594.6128 265.2639023925998 4594.6128 5234.4973 50.45279397858283 5234.4973 5619.0289 31.690818822349197 5619.0289 5868.3736 174.83881625453802 5868.3736 6373.0713 301.4564459676634 7878.1519 8677.2565 2005al "" "" ""
CMFGEN 1.7 49.17000000002008 31.397565823579136 3924.6867 4149.9981 163.4279481685976 3924.6867 4573.5837 250.35069252271154 4573.5837 5216.4724 10.188500650306464 5216.4724 5501.867 68.04365049528825 5552.9375 5865.3694 137.07123951353555 5865.3694 6264.9218 246.70515103799914 7923.2142 8707.2981 2005al "" "" ""
OBSERVED "" 18.159999999777938 -1.767515856369885 3957.7324 4002.7947 277.3216497133203 3957.7324 4636.6709 292.9675186730196 4636.6709 5411.7424 -4.936464757538895 5288.5721 5501.867 78.74212749512743 5552.9375 5859.3611 162.48433421472743 5859.3611 6427.146 359.2770282835064 7658.8487 8704.2939 2005al "" "" ""
CMFGEN 1.04 18.159999999777938 -0.152192408933626 3999.7905 4050.8611 58.71858596146156 4050.8611 4450.4134 124.44055345372094 4501.484 5051.244 6.668506233730237 5150.3811 5501.867 -8.720899887047672 5697.1369 5802.2822 107.78904769572289 5802.2822 6243.8927 -18.500136462341878 7998.318 8334.7831 2005al "" "" ""
CMFGEN 1.02 18.159999999777938 6.833778449410349 3999.7905 4149.9981 -78.10203753496101 4149.9981 4450.4134 777.1441947522128 4501.484 5549.9334 232.17175477443317 5153.3852 5628.0414 -2.050905494043181 5628.0414 5802.2822 196.2616752351094 5802.2822 6598.3827 452.7702755795366 7502.6328 8899.5639 2005al "" "" ""
CMFGEN 1.4 18.159999999777938 17.130570743127755 3999.7905 4149.9981 -95.47559201265179 4149.9981 4450.4134 691.0514172627059 4501.484 5549.9334 193.99333660145123 5150.3811 5588.9874 49.69229634326147 5588.9874 5997.5522 55.61575619931343 5997.5522 6598.3827 338.61518907827565 7502.6328 8899.5639 2005al "" "" ""
CMFGEN 1.7 18.159999999777938 6.280129129056829 3900.6535 4002.7947 280.8890681493139 3900.6535 4486.4633 209.074190659634 4501.484 5381.7008 51.55494179705493 5204.4558 5697.1369 0.41106738303348317 5697.1369 5820.3072 84.20254747573313 5820.3072 6337.0215 415.1010145544162 7502.6328 8295.7291 2005al "" "" ""
OBSERVED "" 23.17000000002008 69.2240951636804 3970.7451 4086.8513 252.7158431311949 4086.8513 4633.5179 337.8421511744533 4633.5179 5465.6122 14.014838772440429 5279.3586 5523.6653 64.51446850353912 5562.3674 5833.2818 222.51852331321112 5833.2818 6515.4057 "" "" "" 2005al "" "" ""
CMFGEN 1.04 23.17000000002008 -0.291565480171461 3999.7716 4033.636 86.19525843971408 4033.636 4495.6418 122.59561265336264 4500.4796 5085.8482 37.58156297583647 5151.158 5552.6919 2.608355545293441 5552.6919 5801.8364 170.10851340398403 5801.8364 6297.7066 "" "" "" 2005al "" "" ""
CMFGEN 1.02 23.17000000002008 -0.11828102010858331 3999.7716 4028.7982 90.55515533909222 4028.7982 4452.102 137.17458482581347 4500.4796 5051.9839 35.384515206683986 5151.158 5504.3143 33.746925618162024 5550.273 5801.8364 153.2587154757614 5801.8364 6290.4499 "" "" "" 2005al "" "" ""
CMFGEN 1.4 23.17000000002008 84.96852981263578 3900.5976 4149.7421 274.7150005360144 3900.5976 4512.574 159.53319115169944 4512.574 5119.7126 21.511365069246825 5151.158 5501.8954 10.319762758597467 5550.273 5801.8364 108.07539029653506 5801.8364 6355.7596 "" "" "" 2005al "" "" ""
CMFGEN 1.7 23.17000000002008 -0.2322164254306009 3999.7716 4031.2171 74.91330761158156 4031.2171 4452.102 115.64083382567884 4500.4796 5107.6182 57.08756452977545 5151.158 5555.1107 16.88601599847112 5555.1107 5823.6063 154.6496929589964 5823.6063 6292.8688 "" "" "" 2005al "" "" ""
OBSERVED "" 37.270000000113214 6.490275863031751 3963.7407 4014.8113 298.0343279636784 3963.7407 4630.6626 373.917760796544 4630.6626 5525.9002 25.117490975369 5285.5679 5525.9002 61.01511710422362 5561.95 5832.3238 248.14771425995957 5832.3238 6523.2789 476.3213248809459 7697.9027 8722.3188 2005al "" "" ""
CMFGEN 1.04 37.270000000113214 0.2616372564256462 3909.6659 4002.7947 73.46896807689033 3909.6659 4450.4134 169.31073608850818 4513.5007 5168.406 67.06834356695202 5168.406 5613.0206 16.679022327066313 5613.0206 5847.3445 136.75975239212528 5847.3445 6261.9176 180.90154168821056 7884.1602 8545.0738 2005al "" "" ""
CMFGEN 1.02 37.270000000113214 28.199155700083686 3900.6535 4107.94 87.43593927393727 3900.6535 4522.5131 162.80955400282724 4522.5131 5117.3354 91.70591510315836 5171.4101 5625.0372 18.849674497159835 5625.0372 5853.3528 156.7197622495778 5853.3528 6340.0256 191.9638975133397 7815.0647 8575.1154 2005al "" "" ""
CMFGEN 1.4 37.270000000113214 36.34738488224629 3900.6535 4104.9359 93.97791781583284 4104.9359 4513.5007 180.34766710055501 4513.5007 5108.3229 92.49683027233783 5174.4143 5622.0331 29.92900808638343 5622.0331 5886.3985 157.73116797701624 5886.3985 6340.0256 195.88015369532195 7779.0148 8566.1029 2005al "" "" ""
CMFGEN 1.7 37.270000000113214 13.69115279521836 3900.6535 4095.9234 69.2411118770867 3900.6535 4516.5048 158.68663808508546 4516.5048 5159.3935 84.55955804850592 5159.3935 5616.0248 15.681012099355186 5616.0248 5841.3362 140.01096027617353 5841.3362 6300.9716 183.24808190821486 7857.1228 8572.1112 2005al "" "" ""
OBSERVED "" 35.50999999977648 4.798818005983405 3939.2039 4002.573 347.12983995458853 3939.2039 4597.0353 491.58067734869417 4597.0353 5541.5362 41.19827126955877 5291.0775 5541.5362 89.65562038103805 5553.6065 5861.3992 287.6317708303592 5861.3992 6552.4238 710.620565569998 7542.1884 8722.0602 2005am "" "" ""
CMFGEN 1.04 35.50999999977648 0.3690597390332418 3906.0106 4002.573 60.55639979273154 3906.0106 4452.1917 152.7761301345874 4500.4729 5158.3042 71.35402818805996 5158.3042 5604.9053 15.114053573874752 5604.9053 5840.2762 142.46911662163436 5840.2762 6262.7366 165.25263501174317 7868.0865 8537.9881 2005am "" "" ""
CMFGEN 1.02 35.50999999977648 26.030691043601504 3902.9931 4099.1354 76.50085379500086 4099.1354 4512.5432 155.12984319425985 4512.5432 5107.0054 93.95423264924749 5161.3218 5619.9932 18.18367383956043 5619.9932 5843.2937 155.43729334535828 5843.2937 6335.1584 170.19382137438686 7795.6647 8556.0936 2005am "" "" ""
CMFGEN 1.4 35.50999999977648 31.423640083456885 3902.9931 4096.1178 97.31592329789999 4096.1178 4506.508 173.06555492913063 4506.508 5097.9527 94.00956126846714 5164.3394 5616.9756 31.45222090792214 5616.9756 5879.5046 158.8312422644198 5879.5046 6338.176 174.52256819133257 7762.4714 8541.0057 2005am "" "" ""
CMFGEN 1.7 35.50999999977648 12.94112220260396 3902.9931 4087.0651 59.997288789159214 3902.9931 4512.5432 146.0319651115966 4512.5432 5152.2691 90.55004051009028 5152.2691 5619.9932 14.141194035624297 5619.9932 5828.2059 139.17048835003828 5828.2059 6311.0179 161.64716567900774 7852.9986 8547.0409 2005am "" "" ""
OBSERVED "" 38.5 3.379978356631602 3981.45 4002.573 322.18739297692764 3981.45 4618.1583 419.0108481752362 4618.1583 5526.4484 29.40082118395046 5279.0072 5556.6241 72.33869989448279 5556.6241 5828.2059 266.09543998547815 5828.2059 6495.0899 579.5995082629329 7765.489 8821.6402 2005am "" "" ""
CMFGEN 1.04 38.5 -0.1425345594072079 3909.0282 4002.573 80.4313325524158 3909.0282 4455.2093 182.43056783953364 4521.5959 5173.3921 65.28421922930377 5173.3921 5619.9932 17.49232673285206 5619.9932 5849.3289 132.31528023665817 5849.3289 6259.7191 188.11462498461998 7892.2271 8547.0409 2005am "" "" ""
CMFGEN 1.02 38.5 28.261030113763592 3902.9931 4111.2057 90.67804248209593 3902.9931 4527.6311 168.98926457442084 4527.6311 5125.1109 86.13471681477947 5176.4097 5574.7296 17.19504699939776 5574.7296 5855.364 158.4210029149677 5855.364 6347.2287 207.64613765913276 7822.8229 8592.3045 2005am "" "" ""
CMFGEN 1.4 38.5 37.31613686931502 3902.9931 4108.1881 92.57336734893937 4108.1881 4521.5959 186.0085145093062 4521.5959 5116.0582 90.89713782851675 5179.4272 5626.0283 28.097918435946873 5626.0283 5867.4343 157.751651137703 5867.4343 6344.2112 210.52941180389783 7789.6296 8583.2518 2005am "" "" ""
CMFGEN 1.7 38.5 14.871478242490856 3902.9931 4111.2057 75.81384942645172 3902.9931 4518.5783 169.36311921644148 4518.5783 5167.357 79.06981300188205 5167.357 5610.9405 16.51935485903145 5610.9405 5846.3113 139.98257665239356 5846.3113 6289.8948 197.11725861485945 7859.0338 8586.2693 2005am "" "" ""
OBSERVED "" 7.589999999850988 45.68176547862823 3927.1336 4147.4166 211.28532781224936 3927.1336 4578.9298 227.8033311496631 4578.9298 5218.6557 49.1010640528272 5218.6557 5565.6768 40.923547851861365 5565.6768 5864.4168 133.18906512138068 5864.4168 6371.3693 259.6335109343041 7874.1217 8682.8317 2005am "" "" ""
