results/equivalent_width/fixed_False.ecsv
# %ECSV 0.9
# ---
# datatype:
# - name: model
#   datatype: string
# - name: version
#   datatype: string
# - name: time
#   datatype: float64
# - name: pW2
#   datatype: float64
# - name: pW2_start
#   datatype: float64
# - name: pW2_end
#   datatype: float64
# - name: pW3
#   datatype: float64
# - name: pW3_start
#   datatype: float64
# - name: pW3_end
#   datatype: float64
# - name: pW4
#   datatype: float64
# - name: pW4_start
#   datatype: float64
# - name: pW4_end
#   datatype: float64
# - name: pW5
#   datatype: float64
# - name: pW5_start
#   datatype: float64
# - name: pW5_end
#   datatype: float64
# - name: pW6
#   datatype: float64
# - name: pW6_start
#   datatype: float64
# - name: pW6_end
#   datatype: float64
# - name: pW7
#   datatype: float64
# - name: pW7_start
#   datatype: float64
# - name: pW7_end
#   datatype: float64
# - name: pW8
#   datatype: float64
# - name: pW8_start
#   datatype: float64
# - name: pW8_end
#   datatype: float64
# - name: obj_id
#   datatype: string
# - name: pW1
#   datatype: float64
# - name: pW1_start
#   datatype: float64
# - name: pW1_end
#   datatype: float64
# schema: astropy-2.0
model version time pW2 pW2_start pW2_end pW3 pW3_start pW3_end pW4 pW4_start pW4_end pW5 pW5_start pW5_end pW6 pW6_start pW6_end pW7 pW7_start pW7_end pW8 pW8_start pW8_end obj_id pW1 pW1_start pW1_end
[from data line 159]
CMFGEN 1.7 3.7299999999813735 11.690156881021483 3997.8913 4149.6624 113.44874947819818 4149.6624 4471.0601 635.4370012036287 4500.8192 5548.3376 37.51116386608618 5298.3617 5673.3257 -3.614654774268792 5673.3257 5801.2896 219.4308213304816 5801.2896 6583.9525 596.9899913785694 7500.5312 8845.6402 2005M "" "" ""
OBSERVED "" 69.54000000003725 12.300417702853874 3980.0358 4027.6503 358.5735910880966 3980.0358 4670.4457 365.05224366932345 4670.4457 5533.4581 49.573565557793735 5283.4821 5551.3136 128.06797723263065 5551.3136 5884.6149 383.3209185316701 5884.6149 6580.9766 693.7510259948413 7705.8686 8723.6281 2005M "" "" ""
CMFGEN 1.04 69.54000000003725 -0.9296895237094116 3959.2045 4000.8672 246.88301260346373 3959.2045 4640.6867 232.63348693282543 4640.6867 5212.0604 4.015199031857598 5212.0604 5533.4581 119.30248056939195 5551.3136 5857.8317 38.695453997971285 5857.8317 6200.0608 364.7841474572442 7842.7602 8711.7244 2005M "" "" ""
CMFGEN 1.02 69.54000000003725 -2.015821265407183 3950.2768 4000.8672 275.4866594006486 3950.2768 4631.759 285.97796933095634 4631.759 5313.2412 -2.5837375077982156 5298.3617 5506.675 88.1365844424004 5551.3136 5848.904 175.66942528633112 5848.904 6464.9163 494.3244289860452 7702.8927 8699.8208 2005M "" "" ""
CMFGEN 1.4 69.54000000003725 -2.331710089838648 3944.325 4000.8672 289.9656553265403 3944.325 4631.759 312.3637768978271 4631.759 5506.675 5.771060762806982 5298.3617 5506.675 66.88689785715272 5551.3136 5842.9522 196.7062295106925 5842.9522 6464.9163 485.85054864465565 7699.9168 8693.869 2005M "" "" ""
CMFGEN 1.7 69.54000000003725 -1.5518489870756622 3953.2527 4000.8672 254.6410542735278 3953.2527 4625.8072 275.6005341303429 4625.8072 5247.7713 -2.7030973593278715 5247.7713 5500.7232 145.65489212249383 5551.3136 5881.639 62.14148462395243 5881.639 6200.0608 331.2685064557485 7869.5434 8777.1943 2005M "" "" ""
OBSERVED "" 38.62000000011176 2.297129485148746 3983.0117 4000.8672 319.61709516890414 3983.0117 4670.4457 408.5154156905455 4670.4457 5539.4099 29.109835239589273 5295.3857 5557.2654 55.161035560643114 5557.2654 5828.0727 249.5771762826749 5828.0727 6518.4826 479.5383954975076 7750.5072 8750.4112 2005M "" "" ""
CMFGEN 1.04 38.62000000011176 -0.029187873132357392 3911.59 4000.8672 81.58400336063565 3911.59 4456.1806 183.86398715201693 4521.6505 5173.3737 65.15888627133151 5173.3737 5619.7594 17.632693533525988 5619.7594 5848.904 131.91349404016296 5848.904 6259.5789 188.7240167414297 7890.3747 8545.0738 2005M "" "" ""
CMFGEN 1.02 38.62000000011176 28.379464874726565 3902.6623 4110.9756 91.48053957729681 3902.6623 4527.6023 169.77875866966616 4527.6023 5125.7592 86.09905982172623 5176.3496 5575.1208 17.48259927596469 5575.1208 5857.8317 158.64841171583834 5857.8317 6345.8801 209.29968102843452 7821.9289 8595.6641 2005M "" "" ""
CMFGEN 1.4 38.62000000011176 37.57608242047103 3902.6623 4110.9756 92.62466917073424 4110.9756 4521.6505 186.7738275597688 4521.6505 5116.8315 90.75913706931206 5179.3255 5625.7112 27.994049530996985 5625.7112 5866.7595 157.85067711434542 5866.7595 6345.8801 211.71088350372852 7789.194 8580.7846 2005M "" "" ""
CMFGEN 1.7 38.62000000011176 14.9675600920141 3902.6623 4110.9756 76.79731379058762 3902.6623 4518.6746 170.58838762524425 4518.6746 5167.4218 78.61149323436604 5167.4218 5610.8317 16.69064877417812 5610.8317 5848.904 140.32574158891148 5848.904 6289.3379 198.39482675174364 7860.6157 8586.7364 2005M "" "" ""
OBSERVED "" 7.75 35.23941318732374 3908.6141 4119.9034 136.55205617602095 4119.9034 4572.2409 201.45174738510252 4572.2409 5259.6749 88.75847019825687 5259.6749 5640.5907 44.71164590174148 5640.5907 5956.0366 148.0373183633134 5956.0366 6530.3862 401.9464049641659 7848.7121 8851.592 2005M "" "" ""
CMFGEN 1.04 7.75 -4.226812920388135 3997.8913 4149.6624 -63.09875200546909 4149.6624 4450.2288 804.5555504172385 4500.8192 5548.3376 160.65000571828864 5200.1568 5652.4943 -2.872353702892843 5652.4943 5801.2896 251.90819379207954 5801.2896 6598.832 464.3001563347488 7500.5312 8899.2064 2005M "" "" ""
CMFGEN 1.02 7.75 7.290401672734025 3997.8913 4149.6624 -78.01658187246899 4149.6624 4450.2288 772.8457287252478 4500.8192 5548.3376 232.0766956371972 5152.5423 5628.6871 -1.9204341712032738 5628.6871 5801.2896 196.74871093386736 5801.2896 6598.832 455.8889394980497 7500.5312 8899.2064 2005M "" "" ""
CMFGEN 1.4 7.75 18.00114712933911 3997.8913 4149.6624 -95.59672648711661 4149.6624 4450.2288 686.201935321712 4500.8192 5548.3376 190.37992506353368 5155.5182 5587.0244 49.64740462190224 5587.0244 5997.6993 55.076845315818105 5997.6993 6598.832 341.37624833137704 7500.5312 8899.2064 2005M "" "" ""
CMFGEN 1.7 7.75 11.690156881021483 3997.8913 4149.6624 113.44874947819818 4149.6624 4471.0601 635.4370012036287 4500.8192 5548.3376 37.51116386608618 5298.3617 5673.3257 -3.614654774268792 5673.3257 5801.2896 219.4308213304816 5801.2896 6583.9525 596.9899913785694 7500.5312 8845.6402 2005M "" "" ""
OBSERVED "" 42.580000000074506 9.066384485439896 3971.1081 4003.8431 404.8399319462807 3971.1081 4640.6867 480.1662034095396 4640.6867 5533.4581 50.456687949887694 5292.4098 5566.1931 78.02651714140492 5566.1931 5819.145 305.7547343688808 5819.145 6518.4826 629.2740051754715 7744.5554 8747.4353 2005M "" "" ""
CMFGEN 1.04 42.580000000074506 -1.4304512658211153 3917.5418 4000.8672 109.92488006710528 3917.5418 4533.5541 223.52366479644178 4533.5541 5188.2532 24.676093571142854 5188.2532 5500.7232 25.167892126794673 5616.7835 5857.8317 119.77352222332968 5857.8317 6247.6753 199.34401545770035 7896.3265 8548.0497 2005M "" "" ""
CMFGEN 1.02 42.580000000074506 31.177527278151896 3908.6141 4125.8552 117.77246479073452 3908.6141 4551.4095 207.42214579662243 4551.4095 5194.205 77.68313437565234 5194.205 5604.8798 22.5502614518181 5604.8798 5863.7836 164.89100535369244 5863.7836 6360.7597 283.2207739166165 7500.5312 8643.2786 2005M "" "" ""
CMFGEN 1.4 42.580000000074506 40.76815064820796 3905.6382 4125.8552 137.53531563724385 3905.6382 4542.4818 218.90972225555967 4542.4818 5200.1568 83.37559887920568 5200.1568 5592.9762 28.21110028002112 5592.9762 5875.6872 161.8916090045153 5875.6872 6360.7597 256.1581871022739 7827.8807 8631.375 2005M "" "" ""
CMFGEN 1.7 42.580000000074506 21.218441778686756 3908.6141 4131.807 107.8576196896586 3908.6141 4542.4818 210.41428732355143 4542.4818 5191.2291 62.45073162375444 5191.2291 5625.7112 20.33162599372759 5625.7112 5857.8317 140.6440054341704 5857.8317 6277.4343 224.01631317953957 7890.3747 8640.3027 2005M "" "" ""
OBSERVED "" 47.56999999983236 107.33036135977292 3986.1868 4101.2268 398.74617954750715 4101.2268 4602.1298 456.80140580597515 4602.1298 5529.6393 63.70695300458703 5292.3694 5567.986 101.07755496375226 5567.986 5826.8258 320.3738061979536 5826.8258 6517.0654 "" "" "" 2005M "" "" ""
CMFGEN 1.04 47.56999999983236 -2.0237344461287465 3933.4602 4000.5668 136.88592727697255 3933.4602 4554.1965 243.1513916903581 4554.1965 5201.2962 14.583112341694333 5201.2962 5500.8793 69.49937135432643 5551.2093 5862.7758 101.01515165486606 5862.7758 6231.8623 "" "" "" 2005M "" "" ""
CMFGEN 1.02 47.56999999983236 38.174801404012655 3919.0802 4149.1601 181.7813054122609 3919.0802 4597.3365 250.6703806610387 4597.3365 5220.4695 45.52925833806508 5220.4695 5611.1259 28.857375607683622 5611.1259 5862.7758 176.63683254249685 5862.7758 6368.4722 "" "" "" 2005M "" "" ""
CMFGEN 1.4 47.56999999983236 44.943621877025436 3916.6835 4144.3667 191.68601556602854 3916.6835 4575.7665 254.34492164452428 4575.7665 5225.2628 62.382369719984545 5225.2628 5615.9193 31.016215730458566 5615.9193 5872.3625 171.42181133136933 5872.3625 6366.0755 "" "" "" 2005M "" "" ""
CMFGEN 1.7 47.56999999983236 29.846135766759776 3919.0802 4149.1601 151.3495144829091 3919.0802 4566.1798 244.1690991205955 4566.1798 5210.8828 13.282153643321665 5210.8828 5500.8793 58.72617877754872 5551.2093 5865.1725 139.4570444457412 5865.1725 6267.8122 "" "" "" 2005M "" "" ""
OBSERVED "" 56.580000000074506 2.6714430303835277 3968.1322 4003.8431 301.58773560954626 3968.1322 4670.4457 371.12445715764704 4670.4457 5536.434 22.786067051841275 5295.3857 5566.1931 91.63771214075528 5566.1931 5866.7595 268.3253030096968 5866.7595 6580.9766 547.3794755966398 7708.8445 8726.604 2005M "" "" ""
CMFGEN 1.04 56.580000000074506 -1.4757825229307064 3950.2768 4000.8672 186.37010822443534 3950.2768 4593.0722 238.38755144218388 4593.0722 5206.1086 -4.791537153573253 5206.1086 5500.7232 95.84792362354045 5551.3136 5854.8558 52.9156939879728 5854.8558 6214.9403 288.34774955665404 7836.8084 8708.7485 2005M "" "" ""
CMFGEN 1.02 56.580000000074506 -3.190912031016776 3935.3973 4000.8672 267.5947023440016 3935.3973 4622.8313 291.6131214857132 4622.8313 5292.4098 -5.476683077591762 5292.4098 5500.7232 70.8121766004012 5551.3136 5863.7836 189.18826300038222 5863.7836 6414.3259 504.28028169304105 7506.483 8690.8931 2005M "" "" ""
CMFGEN 1.4 56.580000000074506 -3.9905677776484803 3923.4936 4000.8672 291.01859818569426 3923.4936 4622.8313 311.32134877844965 4622.8313 5295.3857 -0.0930500595930306 5295.3857 5500.7232 51.36919136500588 5551.3136 5869.7354 187.7188303063724 5869.7354 6417.3019 444.40145710765006 7637.4228 8687.9172 2005M "" "" ""
CMFGEN 1.7 56.580000000074506 32.536353892322424 3938.3732 4149.6624 201.58712948368947 3938.3732 4604.9758 268.55106369576237 4604.9758 5232.8917 1.1508672189323665 5232.8917 5500.7232 107.49874154872661 5551.3136 5872.7113 115.67787879410622 5872.7113 6244.6994 277.97843643911665 7881.447 8753.3871 2005M "" "" ""
OBSERVED "" -0.2900000000372529 12.899066152307348 3953.2527 4090.1443 101.65899223166421 4090.1443 4521.6505 149.73420522740594 4521.6505 5140.6387 77.47013653401173 5158.4941 5622.7353 20.911030687544603 5622.7353 5908.4221 203.25864741838114 5908.4221 6580.9766 93.72904339371073 7833.8325 8360.5677 2005M "" "" ""
CMFGEN 1.04 -0.2900000000372529 -4.226812920388135 3997.8913 4149.6624 -63.09875200546909 4149.6624 4450.2288 804.5555504172385 4500.8192 5548.3376 160.65000571828864 5200.1568 5652.4943 -2.872353702892843 5652.4943 5801.2896 251.90819379207954 5801.2896 6598.832 464.3001563347488 7500.5312 8899.2064 2005M "" "" ""
CMFGEN 1.02 -0.2900000000372529 7.290401672734025 3997.8913 4149.6624 -78.01658187246899 4149.6624 4450.2288 772.8457287252478 4500.8192 5548.3376 232.0766956371972 5152.5423 5628.6871 -1.9204341712032738 5628.6871 5801.2896 196.74871093386736 5801.2896 6598.832 455.8889394980497 7500.5312 8899.2064 2005M "" "" ""
CMFGEN 1.4 -0.2900000000372529 18.00114712933911 3997.8913 4149.6624 -95.59672648711661 4149.6624 4450.2288 686.201935321712 4500.8192 5548.3376 190.37992506353368 5155.5182 5587.0244 49.64740462190224 5587.0244 5997.6993 55.076845315818105 5997.6993 6598.832 341.37624833137704 7500.5312 8899.2064 2005M "" "" ""
CMFGEN 1.7 -0.2900000000372529 11.690156881021483 3997.8913 4149.6624 113.44874947819818 4149.6624 4471.0601 635.4370012036287 4500.8192 5548.3376 37.51116386608618 5298.3617 5673.3257 -3.614654774268792 5673.3257 5801.2896 219.4308213304816 5801.2896 6583.9525 596.9899913785694 7500.5312 8845.6402 2005M "" "" ""
OBSERVED "" -7.320000000225264 "" "" "" "" "" "" "" "" "" "" "" "" "" "" "" 272.1028430707915 5869.506 6505.826 "" "" "" 2005W "" "" ""
CMFGEN 1.04 -7.320000000225264 "" "" "" "" "" "" "" "" "" "" "" "" "" "" "" 252.24937193177183 5800.375 6599.31 "" "" "" 2005W "" "" ""
CMFGEN 1.02 -7.320000000225264 "" "" "" "" "" "" "" "" "" "" "" "" "" "" "" 198.1186606602368 5800.375 6599.31 "" "" "" 2005W "" "" ""
CMFGEN 1.4 -7.320000000225264 "" "" "" "" "" "" "" "" "" "" "" "" "" "" "" 55.33262362773478 5999.9123 6599.31 "" "" "" 2005W "" "" ""
CMFGEN 1.7 -7.320000000225264 "" "" "" "" "" "" "" "" "" "" "" "" "" "" "" 220.39694163512343 5800.375 6582.8128 "" "" "" 2005W "" "" ""
OBSERVED "" 34.05000000003929 23.23507767399421 3965.5766 4036.0171 369.5750734377028 3965.5766 4610.8117 531.9261751569805 4610.8117 5503.9974 51.6285275935779 5295.4935 5503.9974 94.43413336603412 5574.4379 5839.2942 335.9303683870993 5839.2942 6487.3469 "" "" "" 2005ag "" "" ""
CMFGEN 1.04 34.05000000003929 0.3104685574778707 3903.589 4002.2057 56.48822332299298 3903.589 4500.9245 141.1119549692714 4500.9245 5146.1596 75.67905543117917 5151.7948 5599.7965 13.15512208059204 5599.7965 5830.8414 147.00361938875702 5830.8414 6270.3902 "" "" "" 2005ag "" "" ""
CMFGEN 1.02 34.05000000003929 25.82528224685324 3900.7713 4095.1872 80.06804831761607 4095.1872 4506.5597 149.68521322082609 4506.5597 5098.26 95.28010233963465 5154.6125 5613.8846 17.74880650859902 5613.8846 5836.4766 155.79282533158846 5836.4766 6329.5602 "" "" "" 2005ag "" "" ""
CMFGEN 1.4 34.05000000003929 29.158811077977205 3900.7713 4089.5519 100.9545608778518 4089.5519 4498.1069 166.60382051300712 4500.9245 5086.9896 94.05401692292669 5157.4301 5608.2494 32.63484669334458 5608.2494 5873.1057 160.05377068963978 5873.1057 6335.1954 "" "" "" 2005ag "" "" ""
CMFGEN 1.7 34.05000000003929 13.605157604681251 3900.7713 4078.2814 57.62334400187189 3900.7713 4506.5597 137.38581813617634 4506.5597 5146.1596 93.79164501007044 5151.7948 5619.5198 12.658269894616614 5619.5198 5816.7533 137.5798375305364 5816.7533 6309.8369 "" "" "" 2005ag "" "" ""
OBSERVED "" 30.099999999853026 49.77352471564329 3914.8595 4044.47 415.9812940265373 3914.8595 4619.2646 480.65638340733585 4619.2646 5503.9974 41.54971995668521 5298.3111 5503.9974 105.13076746903468 5554.7146 5839.2942 296.50379950744207 5839.2942 6464.806 "" "" "" 2005ag "" "" ""
CMFGEN 1.04 30.099999999853026 0.6369295177885091 3943.0357 4019.1114 58.46480479480215 3943.0357 4540.3712 126.30769139166483 4540.3712 5129.2539 78.4190673313947 5151.7948 5596.9789 7.337925871108871 5596.9789 5802.6652 156.35308880772368 5802.6652 6290.1135 "" "" "" 2005ag "" "" ""
CMFGEN 1.02 30.099999999853026 21.18618783075044 3900.7713 4072.6462 91.48686944961123 4072.6462 4484.0188 134.56746500457746 4500.9245 5070.0838 91.87563510210069 5151.7948 5591.3436 19.34901201098226 5591.3436 5844.9295 164.383379883747 5844.9295 6323.925 "" "" "" 2005ag "" "" ""
CMFGEN 1.4 30.099999999853026 -1.5502034918716907 3999.3881 4067.011 109.25224228221458 4067.011 4478.3835 151.53953485675515 4500.9245 5061.631 84.57580301421439 5151.7948 5582.8908 36.214559137523025 5582.8908 5856.2 160.53757253480114 5856.2 6323.925 "" "" "" 2005ag "" "" ""
CMFGEN 1.7 30.099999999853026 15.08525737512304 3900.7713 4075.4638 68.48095192886699 4075.4638 4537.5536 131.15363142147677 4537.5536 5134.8891 92.31429764972081 5151.7948 5599.7965 8.29388638210809 5599.7965 5802.6652 137.94100613237623 5802.6652 6315.4721 "" "" "" 2005ag "" "" ""
OBSERVED "" -0.8499999998675776 30.46397344494672 3917.6771 4019.1114 194.85942514358027 4019.1114 4495.2893 244.72327966383028 4562.9122 5115.1658 178.93578721280278 5168.7006 5667.4194 45.90985542240934 5667.4194 5839.2942 213.97151424265752 5839.2942 6383.095 "" "" "" 2005ag "" "" ""
CMFGEN 1.04 -0.8499999998675776 -4.185533429171586 3999.3881 4148.7219 -63.13568905488089 4148.7219 4450.2073 805.5569471415208 4500.9245 5549.0793 156.9414142175495 5205.3296 5653.3313 -2.6957942297577384 5653.3313 5802.6652 250.1524089767701 5802.6652 6597.2341 "" "" "" 2005ag "" "" ""
CMFGEN 1.02 -0.8499999998675776 6.880464876742758 3999.3881 4148.7219 -78.24454163031089 4148.7219 4450.2073 774.9376043923 4500.9245 5549.0793 233.05062308331352 5151.7948 5627.9727 -2.0303765605701627 5627.9727 5802.6652 195.64894991449273 5802.6652 6597.2341 "" "" "" 2005ag "" "" ""
CMFGEN 1.4 -0.8499999998675776 17.044759562117257 3999.3881 4148.7219 -96.09649811841058 4148.7219 4450.2073 688.7657689018268 4500.9245 5549.0793 190.57882781277502 5154.6125 5588.526 50.24168278344337 5588.526 5999.8986 54.88380030234376 5999.8986 6597.2341 "" "" "" 2005ag "" "" ""
