results/equivalent_width/fixed_True.ecsv
# %ECSV 0.9
# ---
# datatype:
# - name: model
#   datatype: string
# - name: version
#   datatype: string
# - name: time
#   datatype: float64
# - name: pW2
#   datatype: float64
# - name: pW2_start
#   datatype: float64
# - name: pW2_end
#   datatype: float64
# - name: pW3
#   datatype: float64
# - name: pW3_start
#   datatype: float64
# - name: pW3_end
#   datatype: float64
# - name: pW4
#   datatype: float64
# - name: pW4_start
#   datatype: float64
# - name: pW4_end
#   datatype: float64
# - name: pW5
#   datatype: float64
# - name: pW5_start
#   datatype: float64
# - name: pW5_end
#   datatype: float64
# - name: pW6
#   datatype: float64
# - name: pW6_start
#   datatype: float64
# - name: pW6_end
#   datatype: float64
# - name: pW7
#   datatype: float64
# - name: pW7_start
#   datatype: float64
# - name: pW7_end
#   datatype: float64
# - name: pW8
#   datatype: float64
# - name: pW8_start
#   datatype: float64
# - name: pW8_end
#   datatype: float64
# - name: obj_id
#   datatype: string
# - name: pW1
#   datatype: float64
# - name: pW1_start
#   datatype: float64
# - name: pW1_end
#   datatype: float64
# schema: astropy-2.0
model version time pW2 pW2_start pW2_end pW3 pW3_start pW3_end pW4 pW4_start pW4_end pW5 pW5_start pW5_end pW6 pW6_start pW6_end pW7 pW7_start pW7_end pW8 pW8_start pW8_end obj_id pW1 pW1_start pW1_end
[from data line 1944]
CMFGEN 1.7 3.110000000015134 "" "" "" "" "" "" "" "" "" "" "" "" "" "" "" 100.98101273084639 5897.1895 6358.2445 166.81949240272127 7795.2551 8613.0387 2007on "" "" ""
OBSERVED "" 3.080000000220025 19.650104242032384 3929.1369 4069.0689 180.97524924675184 3929.1369 4553.6097 "" "" "" "" "" "" "" "" "" "" "" "" "" "" "" 2007on 98.93861444965118 3665.9811 3929.1369
CMFGEN 1.04 3.080000000220025 17.21642466132399 3929.1369 4069.0689 -573.8163025462188 3929.1369 4553.6097 "" "" "" "" "" "" "" "" "" "" "" "" "" "" "" 2007on 13.831276699018419 3665.9811 3929.1369
CMFGEN 1.02 3.080000000220025 23.1252558578419 3929.1369 4069.0689 -648.5341665386746 3929.1369 4553.6097 "" "" "" "" "" "" "" "" "" "" "" "" "" "" "" 2007on -9.74014454157378 3665.9811 3929.1369
CMFGEN 1.4 3.080000000220025 25.066016041565387 3929.1369 4069.0689 -693.2672427634509 3929.1369 4553.6097 "" "" "" "" "" "" "" "" "" "" "" "" "" "" "" 2007on -17.045446840010026 3665.9811 3929.1369
CMFGEN 1.7 3.080000000220025 16.51367321429008 3929.1369 4069.0689 -57.60230746089175 3929.1369 4553.6097 "" "" "" "" "" "" "" "" "" "" "" "" "" "" "" 2007on -59.20699019212105 3665.9811 3929.1369
OBSERVED "" 9.089999999996508 0.006152103132539777 3958.2849 4001.2282 270.4201750366584 3958.2849 4630.0585 258.71686945081865 4630.0585 5417.352 1.034645704397021 5271.9476 5500.225 63.81281655829813 5551.4556 5897.0109 132.8713351552903 5897.0109 6410.3213 325.53873460550653 7830.7143 8752.1114 2007on 102.22103471838716 3673.252 3958.2849
CMFGEN 1.04 9.089999999996508 0.9285322487832796 3958.2849 4001.2282 -829.7663235435973 3958.2849 4630.0585 395.2289571863332 4630.0585 5417.352 83.60178997751407 5271.9476 5500.225 -74.50045953131597 5551.4556 5897.0109 132.9828084095331 5897.0109 6410.3213 39.27395902974491 7830.7143 8752.1114 2007on 41.68835953409508 3673.252 3958.2849
CMFGEN 1.02 9.089999999996508 0.9164455227893347 3958.2849 4001.2282 -1073.988392692055 3958.2849 4630.0585 286.60430835670803 4630.0585 5417.352 70.37886109280649 5271.9476 5500.225 -82.09214696370557 5551.4556 5897.0109 96.52861825155998 5897.0109 6410.3213 59.168181739829485 7830.7143 8752.1114 2007on 16.11213822240632 3673.252 3958.2849
CMFGEN 1.4 9.089999999996508 0.7133450515001649 3958.2849 4001.2282 -1162.1692805520404 3958.2849 4630.0585 323.58060713348556 4630.0585 5417.352 55.16722904333433 5271.9476 5500.225 -7.8600016167011235 5551.4556 5897.0109 23.43347238047897 5897.0109 6410.3213 -26.122846360098993 7830.7143 8752.1114 2007on 5.761069374685121 3673.252 3958.2849
CMFGEN 1.7 9.089999999996508 0.5505196977710373 3958.2849 4001.2282 -692.7983163340177 3958.2849 4630.0585 372.39035577448783 4630.0585 5417.352 -65.01026927811117 5271.9476 5500.225 -129.04865060318366 5551.4556 5897.0109 114.34888099020668 5897.0109 6410.3213 59.62376043974301 7830.7143 8752.1114 2007on -53.69948745688609 3673.252 3958.2849
OBSERVED "" 14.020000000164146 0.25614919251793045 3970.0293 4002.8193 260.94265842998783 3970.0293 4634.0272 325.2307510575183 4634.0272 5492.0327 13.017854289551277 5295.2926 5500.2302 53.78139080541633 5552.1477 5888.2454 "" "" "" "" "" "" 2007on 104.60352658454683 3683.1167 3970.0293
CMFGEN 1.04 14.020000000164146 0.41414371961455776 3970.0293 4002.8193 -815.1543153770746 3970.0293 4634.0272 606.0345367356658 4634.0272 5492.0327 67.71844601789026 5295.2926 5500.2302 -72.28593780051976 5552.1477 5888.2454 "" "" "" "" "" "" 2007on 54.15371525297679 3683.1167 3970.0293
CMFGEN 1.02 14.020000000164146 0.4250826537818312 3970.0293 4002.8193 -1070.4237468736071 3970.0293 4634.0272 496.2289849916158 4634.0272 5492.0327 54.836620930309266 5295.2926 5500.2302 -78.97267408423932 5552.1477 5888.2454 "" "" "" "" "" "" 2007on 30.91338161507007 3683.1167 3970.0293
CMFGEN 1.4 14.020000000164146 0.37092458895946506 3970.0293 4002.8193 -1165.9561874975261 3970.0293 4634.0272 472.38319732856166 4634.0272 5492.0327 38.05199288009366 5295.2926 5500.2302 -7.508701428483159 5552.1477 5888.2454 "" "" "" "" "" "" 2007on 21.032929966344334 3683.1167 3970.0293
CMFGEN 1.7 14.020000000164146 0.2699613029151038 3970.0293 4002.8193 -729.0440521844366 3970.0293 4634.0272 288.6937742483899 4634.0272 5492.0327 -34.690851273138065 5295.2926 5500.2302 -121.37962702971218 5552.1477 5888.2454 "" "" "" "" "" "" 2007on -41.6791624705154 3683.1167 3970.0293
OBSERVED "" 14.040000000182772 "" "" "" "" "" "" "" "" "" "" "" "" "" "" "" 165.555253133379 5894.4243 6503.0779 327.5461777013769 7696.5165 8667.1798 2007on "" "" ""
CMFGEN 1.04 14.040000000182772 "" "" "" "" "" "" "" "" "" "" "" "" "" "" "" 158.29882314652156 5894.4243 6503.0779 209.73886956960914 7696.5165 8667.1798 2007on "" "" ""
CMFGEN 1.02 14.040000000182772 "" "" "" "" "" "" "" "" "" "" "" "" "" "" "" 122.4982546491673 5894.4243 6503.0779 200.8997185342111 7696.5165 8667.1798 2007on "" "" ""
CMFGEN 1.4 14.040000000182772 "" "" "" "" "" "" "" "" "" "" "" "" "" "" "" 59.75649181298171 5894.4243 6503.0779 123.25971015164652 7696.5165 8667.1798 2007on "" "" ""
CMFGEN 1.7 14.040000000182772 "" "" "" "" "" "" "" "" "" "" "" "" "" "" "" 123.03212280249252 5894.4243 6503.0779 316.32435034424606 7696.5165 8667.1798 2007on "" "" ""
OBSERVED "" 17.020000000164146 -0.03930200798184341 3953.7655 4002.114 254.66420003144503 3953.7655 4630.6453 346.1550511310333 4630.6453 5506.9631 21.46434611622011 5295.4381 5506.9631 25.80150028117837 5552.2898 5800.0762 206.1024952450063 5800.0762 6519.2611 350.44629589028153 7694.7355 8628.4672 2007on "" "" ""
CMFGEN 1.04 17.020000000164146 1.205766058033853 3953.7655 4002.114 -41.71690436440821 3953.7655 4630.6453 91.9382799427171 4630.6453 5506.9631 -2.093623920322181 5295.4381 5506.9631 -0.9952664680225259 5552.2898 5800.0762 61.847957937373906 5800.0762 6519.2611 -117.43785851318341 7694.7355 8628.4672 2007on "" "" ""
CMFGEN 1.02 17.020000000164146 1.2997000991246668 3953.7655 4002.114 -1083.5108349141592 3953.7655 4630.6453 542.6131932875799 4630.6453 5506.9631 60.09651660159591 5295.4381 5506.9631 -58.156931652863776 5552.2898 5800.0762 193.28482209145852 5800.0762 6519.2611 198.56827338377695 7694.7355 8628.4672 2007on "" "" ""
CMFGEN 1.4 17.020000000164146 1.0770316747199176 3953.7655 4002.114 -1167.471536082236 3953.7655 4630.6453 493.0070539431073 4630.6453 5506.9631 38.73749572321896 5295.4381 5506.9631 -14.755427798339715 5552.2898 5800.0762 94.3083621887115 5800.0762 6519.2611 133.98864092738836 7694.7355 8628.4672 2007on "" "" ""
CMFGEN 1.7 17.020000000164146 0.7240246875977916 3953.7655 4002.114 -690.6152428148407 3953.7655 4630.6453 319.0824357460396 4630.6453 5506.9631 -30.314859134067717 5295.4381 5506.9631 -65.71349448715597 5552.2898 5800.0762 214.2270308400109 5800.0762 6519.2611 320.77904024260704 7694.7355 8628.4672 2007on "" "" ""
OBSERVED "" 23.049999999959255 0.24751839084182292 3959.809 4002.114 255.7882279421674 3959.809 4636.6889 343.1913438186011 4636.6889 5497.8977 20.88732266903731 5298.4599 5519.0502 35.14742058620135 5558.3334 5809.1416 216.87376519358884 5809.1416 6470.9125 370.50554437514995 7730.9969 8622.4236 2007on "" "" ""
CMFGEN 1.04 23.049999999959255 -0.1271375840915663 3959.809 4002.114 -28.787091221098915 3959.809 4636.6889 124.50667873521525 4636.6889 5497.8977 5.059811864293526 5298.4599 5519.0502 1.800310094597884 5558.3334 5809.1416 144.30825484285342 5809.1416 6470.9125 42.71810018638365 7730.9969 8622.4236 2007on "" "" ""
CMFGEN 1.02 23.049999999959255 -0.12899646873982698 3959.809 4002.114 -40.30358716134057 3959.809 4636.6889 114.87669763270246 4636.6889 5497.8977 7.045816162182176 5298.4599 5519.0502 31.16969211665257 5558.3334 5809.1416 121.48124320303259 5809.1416 6470.9125 -383.92444611594635 7730.9969 8622.4236 2007on "" "" ""
CMFGEN 1.4 23.049999999959255 1.2218190069584483 3959.809 4002.114 -4.302523962859098 3959.809 4636.6889 83.58803263382178 4636.6889 5497.8977 0.192578579845922 5298.4599 5519.0502 7.965176542544437 5558.3334 5809.1416 78.35085513033415 5809.1416 6470.9125 82.04025561251976 7730.9969 8622.4236 2007on "" "" ""
CMFGEN 1.7 23.049999999959255 0.09215332229265459 3959.809 4002.114 -57.177656793376364 3959.809 4636.6889 149.82629088128198 4636.6889 5497.8977 12.9559222965031 5298.4599 5519.0502 16.436848343595745 5558.3334 5809.1416 121.98998870034536 5809.1416 6470.9125 34.46864928405907 7730.9969 8622.4236 2007on "" "" ""
OBSERVED "" 24.040000000182772 0.27064863178923837 3953.7655 4002.114 257.2425420829809 3953.7655 4630.6453 347.5857864354026 4630.6453 5519.0502 23.057479551543775 5295.4381 5519.0502 37.81720445160344 5558.3334 5806.1198 222.59309439911993 5806.1198 6464.869 389.7765761463843 7700.7791 8661.7068 2007on "" "" ""
CMFGEN 1.04 24.040000000182772 0.11260867636334543 3953.7655 4002.114 -18.077030583725417 3953.7655 4630.6453 143.80814004772446 4630.6453 5519.0502 5.75845943481774 5295.4381 5519.0502 1.7835572081059812 5558.3334 5806.1198 149.05401855537417 5806.1198 6464.869 55.40045835330749 7700.7791 8661.7068 2007on "" "" ""
CMFGEN 1.02 24.040000000182772 0.18561886036078334 3953.7655 4002.114 -28.682543620565287 3953.7655 4630.6453 151.49081257134068 4630.6453 5519.0502 11.32166899083489 5295.4381 5519.0502 28.087255503376404 5558.3334 5806.1198 131.76256064356818 5806.1198 6464.869 -174.3255013810445 7700.7791 8661.7068 2007on "" "" ""
CMFGEN 1.4 24.040000000182772 2.4408654383099435 3953.7655 4002.114 -117.12325450904025 3953.7655 4630.6453 106.18473832328696 4630.6453 5519.0502 4.744626060444246 5295.4381 5519.0502 29.02712581577501 5558.3334 5806.1198 97.45414804503295 5806.1198 6464.869 -34.706019719269534 7700.7791 8661.7068 2007on "" "" ""
CMFGEN 1.7 24.040000000182772 0.399858674832965 3953.7655 4002.114 -70.83973455015345 3953.7655 4630.6453 160.1182927302301 4630.6453 5519.0502 14.895513413817921 5295.4381 5519.0502 12.060500626437397 5558.3334 5806.1198 119.91595944949376 5806.1198 6464.869 45.683325094738805 7700.7791 8661.7068 2007on "" "" ""
OBSERVED "" 285.19000000008964 "" "" "" "" "" "" 266.33139704282235 4691.6009 5204.5367 118.54538153511915 5204.5367 5543.3964 190.63675767763957 5561.3616 5946.0634 425.17967011522677 5946.0634 6599.0034 "" "" "" 2007on "" "" ""
CMFGEN 1.04 285.19000000008964 "" "" "" "" "" "" 188.8642450681188 4691.6009 5204.5367 15.438183895042833 5204.5367 5543.3964 133.81550912846018 5561.3616 5946.0634 243.14922466100862 5946.0634 6599.0034 "" "" "" 2007on "" "" ""
CMFGEN 1.02 285.19000000008964 "" "" "" "" "" "" 217.573924866424 4691.6009 5204.5367 22.694146340270773 5204.5367 5543.3964 134.28772858555578 5561.3616 5946.0634 176.62034737562078 5946.0634 6599.0034 "" "" "" 2007on "" "" ""
CMFGEN 1.4 285.19000000008964 "" "" "" "" "" "" 228.12013889493403 4691.6009 5204.5367 25.364260918371954 5204.5367 5543.3964 136.71968768681634 5561.3616 5946.0634 128.2130535660993 5946.0634 6599.0034 "" "" "" 2007on "" "" ""
CMFGEN 1.7 285.19000000008964 "" "" "" "" "" "" 192.09791117846504 4691.6009 5204.5367 -5.5323064686668175 5204.5367 5543.3964 111.10769309906783 5561.3616 5946.0634 281.5709334327129 5946.0634 6599.0034 "" "" "" 2007on "" "" ""
OBSERVED "" 32.02999999994063 "" "" "" "" "" "" "" "" "" "" "" "" "" "" "" 221.64210338174286 5813.0554 6489.4937 412.4855157578822 7694.2942 8693.8075 2007on "" "" ""
CMFGEN 1.04 32.02999999994063 "" "" "" "" "" "" "" "" "" "" "" "" "" "" "" 134.03804288476613 5813.0554 6489.4937 72.71908963800709 7694.2942 8693.8075 2007on "" "" ""
CMFGEN 1.02 32.02999999994063 "" "" "" "" "" "" "" "" "" "" "" "" "" "" "" 113.90680747873127 5813.0554 6489.4937 41.59618982273888 7694.2942 8693.8075 2007on "" "" ""
CMFGEN 1.4 32.02999999994063 "" "" "" "" "" "" "" "" "" "" "" "" "" "" "" 106.88655726137615 5813.0554 6489.4937 -18.14057851043568 7694.2942 8693.8075 2007on "" "" ""
CMFGEN 1.7 32.02999999994063 "" "" "" "" "" "" "" "" "" "" "" "" "" "" "" 108.8597839597991 5813.0554 6489.4937 93.40030832412356 7694.2942 8693.8075 2007on "" "" ""
OBSERVED "" 32.009999999922 "" "" "" "" "" "" 347.8817916991791 4607.6759 5524.9112 24.016314984797916 5293.9526 5524.9112 60.321109863709616 5551.3064 5818.5584 212.88744324591838 5818.5584 6488.3382 406.17702924652536 7689.3225 8656.0489 2007on "" "" ""
CMFGEN 1.04 32.009999999922 "" "" "" "" "" "" 141.08923651641012 4607.6759 5524.9112 14.880424926669551 5293.9526 5524.9112 6.789589960460174 5551.3064 5818.5584 135.1479859088106 5818.5584 6488.3382 70.65035135714137 7689.3225 8656.0489 2007on "" "" ""
CMFGEN 1.02 32.009999999922 "" "" "" "" "" "" 200.228206961999 4607.6759 5524.9112 17.94400326011987 5293.9526 5524.9112 7.327280500185375 5551.3064 5818.5584 115.63148765391587 5818.5584 6488.3382 82.52573491346527 7689.3225 8656.0489 2007on "" "" ""
CMFGEN 1.4 32.009999999922 "" "" "" "" "" "" 203.00527951668613 4607.6759 5524.9112 19.443674716904923 5293.9526 5524.9112 21.68012094949001 5551.3064 5818.5584 109.78438127574704 5818.5584 6488.3382 30.989408066294914 7689.3225 8656.0489 2007on "" "" ""
CMFGEN 1.7 32.009999999922 "" "" "" "" "" "" 174.73927405064023 4607.6759 5524.9112 18.143192110795706 5293.9526 5524.9112 2.176716607170052 5551.3064 5818.5584 109.75912066038191 5818.5584 6488.3382 97.49681230185995 7689.3225 8656.0489 2007on "" "" ""
OBSERVED "" 31.989999999903375 1.0717465763003622 3962.5535 4004.3242 278.12327576050296 3962.5535 4635.0627 "" "" "" "" "" "" "" "" "" "" "" "" "" "" "" 2007on 115.19618035334477 3695.2206 3962.5535
CMFGEN 1.04 31.989999999903375 -0.053137332302508763 3962.5535 4004.3242 27.100999100224364 3962.5535 4635.0627 "" "" "" "" "" "" "" "" "" "" "" "" "" "" "" 2007on 2.1695289083475195 3695.2206 3962.5535
CMFGEN 1.02 31.989999999903375 0.8143463027701489 3962.5535 4004.3242 -79.9952692838334 3962.5535 4635.0627 "" "" "" "" "" "" "" "" "" "" "" "" "" "" "" 2007on -41.51611136508163 3695.2206 3962.5535
CMFGEN 1.4 31.989999999903375 0.8012094189229869 3962.5535 4004.3242 -85.70140466342701 3962.5535 4635.0627 "" "" "" "" "" "" "" "" "" "" "" "" "" "" "" 2007on -64.67847873217042 3695.2206 3962.5535
CMFGEN 1.7 31.989999999903375 0.39971946477462794 3962.5535 4004.3242 -35.51114577692863 3962.5535 4635.0627 "" "" "" "" "" "" "" "" "" "" "" "" "" "" "" 2007on -5.2153148177276805 3695.2206 3962.5535
OBSERVED "" 41.09999999977299 2.2857873830020017 3974.5801 4002.8321 305.1479332177675 3974.5801 4639.6789 355.48941982453994 4639.6789 5524.9077 21.48601565665639 5298.8919 5524.9077 83.46057296595234 5555.514 5821.5535 210.47829079577906 5821.5535 6486.6523 427.9324034424067 7676.2573 8622.4572 2007on "" "" ""
CMFGEN 1.04 41.09999999977299 -0.03636204982010575 3974.5801 4002.8321 43.03675430386569 3974.5801 4639.6789 89.98103079650569 4639.6789 5524.9077 16.079716415407482 5298.8919 5524.9077 27.58655869348935 5555.514 5821.5535 135.17919886017276 5821.5535 6486.6523 91.3550825481204 7676.2573 8622.4572 2007on "" "" ""
CMFGEN 1.02 41.09999999977299 0.31196391581395677 3974.5801 4002.8321 -36.147568829625094 3974.5801 4639.6789 160.24513035185404 4639.6789 5524.9077 6.033636276080023 5298.8919 5524.9077 3.9894794932597026 5555.514 5821.5535 123.04057814823832 5821.5535 6486.6523 230.1518357554908 7676.2573 8622.4572 2007on "" "" ""
CMFGEN 1.4 41.09999999977299 0.4186940416019219 3974.5801 4002.8321 -68.04393374649085 3974.5801 4639.6789 185.46703189189438 4639.6789 5524.9077 11.649056976807929 5298.8919 5524.9077 9.303685320693553 5555.514 5821.5535 103.53139268233221 5821.5535 6486.6523 231.95232354325643 7676.2573 8622.4572 2007on "" "" ""
CMFGEN 1.7 41.09999999977299 0.13261288784270203 3974.5801 4002.8321 -5.335377036107044 3974.5801 4639.6789 117.904431706178 4639.6789 5524.9077 11.491618936370413 5298.8919 5524.9077 16.009223903456537 5555.514 5821.5535 137.32237914539851 5821.5535 6486.6523 174.33454944599112 7676.2573 8622.4572 2007on "" "" ""
