results/equivalent_width/fixed_True.ecsv
# %ECSV 0.9
# ---
# datatype:
# - name: model
#   datatype: string
# - name: version
#   datatype: string
# - name: time
#   datatype: float64
# - name: pW2
#   datatype: float64
# - name: pW2_start
#   datatype: float64
# - name: pW2_end
#   datatype: float64
# - name: pW3
#   datatype: float64
# - name: pW3_start
#   datatype: float64
# - name: pW3_end
#   datatype: float64
# - name: pW4
#   datatype: float64
# - name: pW4_start
#   datatype: float64
# - name: pW4_end
#   datatype: float64
# - name: pW5
#   datatype: float64
# - name: pW5_start
#   datatype: float64
# - name: pW5_end
#   datatype: float64
# - name: pW6
#   datatype: float64
# - name: pW6_start
#   datatype: float64
# - name: pW6_end
#   datatype: float64
# - name: pW7
#   datatype: float64
# - name: pW7_start
#   datatype: float64
# - name: pW7_end
#   datatype: float64
# - name: pW8
#   datatype: float64
# - name: pW8_start
#   datatype: float64
# - name: pW8_end
#   datatype: float64
# - name: obj_id
#   datatype: string
# - name: pW1
#   datatype: float64
# - name: pW1_start
#   datatype: float64
# - name: pW1_end
#   datatype: float64
# schema: astropy-2.0
model version time pW2 pW2_start pW2_end pW3 pW3_start pW3_end pW4 pW4_start pW4_end pW5 pW5_start pW5_end pW6 pW6_start pW6_end pW7 pW7_start pW7_end pW8 pW8_start pW8_end obj_id pW1 pW1_start pW1_end
[from data line 708]
CMFGEN 1.4 1.9699999998338171 20.77154081977926 3924.4332 4054.9547 -488.67303979946655 3924.4332 4523.6747 202.16663761452492 4523.6747 5111.9859 139.29445464902545 5197.5 5554.9874 -0.6211104947600461 5554.9874 5907.9741 10.989482225709594 5907.9741 6338.1164 43.63819318649132 7819.5031 8553.7669 2006D "" "" ""
CMFGEN 1.7 1.9699999998338171 13.672007267303684 3924.4332 4054.9547 166.65471968835914 3924.4332 4523.6747 284.26634274430455 4523.6747 5111.9859 -22.41865304617619 5197.5 5554.9874 -126.32039272131999 5554.9874 5907.9741 86.8765593813655 5907.9741 6338.1164 138.22752127627177 7819.5031 8553.7669 2006D "" "" ""
OBSERVED "" 53824.25999999978 43.51325753993511 3934.494 4019.2095 419.3482708174597 3934.494 4627.3462 515.7519165573322 4627.3462 5547.115 23.04566492507945 5292.9683 5574.345 53.21714093136927 5574.345 5843.6194 245.20322939091477 5843.6194 6527.3949 496.02892434267903 7789.0515 8766.3059 2006X "" "" ""
CMFGEN 1.04 53824.25999999978 -6.568525124056208 3934.494 4019.2095 463.6458326617665 3934.494 4627.3462 134.05418639455593 4627.3462 5547.115 124.0746674595714 5292.9683 5574.345 148.93856411318308 5574.345 5843.6194 255.03532126588402 5843.6194 6527.3949 166.9839788155823 7789.0515 8766.3059 2006X "" "" ""
CMFGEN 1.02 53824.25999999978 -9.687978706677669 3934.494 4019.2095 454.5564357447918 3934.494 4627.3462 133.4294026801299 4627.3462 5547.115 108.45731332837039 5292.9683 5574.345 150.47557007043713 5574.345 5843.6194 207.98128126620577 5843.6194 6527.3949 302.21568308993983 7789.0515 8766.3059 2006X "" "" ""
CMFGEN 1.4 53824.25999999978 -8.364623187891056 3934.494 4019.2095 413.26182945731784 3934.494 4627.3462 128.8781302665093 4627.3462 5547.115 86.56836566758145 5292.9683 5574.345 147.90457350521595 5574.345 5843.6194 184.98634414029493 5843.6194 6527.3949 266.6736717470609 7789.0515 8766.3059 2006X "" "" ""
CMFGEN 1.7 53824.25999999978 -8.906596800315725 3934.494 4019.2095 482.6936138618566 3934.494 4627.3462 135.7531685191948 4627.3462 5547.115 143.4998790375729 5292.9683 5574.345 150.48589201337654 5574.345 5843.6194 254.54405408991192 5843.6194 6527.3949 547.7460780522847 7789.0515 8766.3059 2006X "" "" ""
OBSERVED "" 53793.330000000075 65.36897972632642 3901.2129 4143.2573 147.45471061611437 4143.2573 4524.4773 328.288708796239 4524.4773 5241.5339 31.41350299270175 5241.5339 5695.3672 11.191059191861115 5695.3672 5867.8239 165.54301053213334 5867.8239 6412.4238 481.6757253251276 7556.0838 8678.5648 2006X "" "" ""
CMFGEN 1.04 53793.330000000075 -142.13520286927303 3901.2129 4143.2573 157.3734459080997 4143.2573 4524.4773 -758.9366853141573 4524.4773 5241.5339 252.1770473283801 5241.5339 5695.3672 29.392489320692135 5695.3672 5867.8239 143.56388015716527 5867.8239 6412.4238 -211.5841159589918 7556.0838 8678.5648 2006X "" "" ""
CMFGEN 1.02 53793.330000000075 -132.47858824756696 3901.2129 4143.2573 74.666169387955 4143.2573 4524.4773 -696.7530588135519 4524.4773 5241.5339 243.1462285972847 5241.5339 5695.3672 37.10412390120155 5695.3672 5867.8239 123.31787965244735 5867.8239 6412.4238 36.135490850736005 7556.0838 8678.5648 2006X "" "" ""
CMFGEN 1.4 53793.330000000075 -117.86923428126352 3901.2129 4143.2573 40.61818648833474 4143.2573 4524.4773 -549.5647793982928 4524.4773 5241.5339 223.28709284017623 5241.5339 5695.3672 40.5599027863866 5695.3672 5867.8239 124.43744324343845 5867.8239 6412.4238 57.31585821264457 7556.0838 8678.5648 2006X "" "" ""
CMFGEN 1.7 53793.330000000075 -211.2448083720427 3901.2129 4143.2573 179.20723332113235 4143.2573 4524.4773 -903.4481482017943 4524.4773 5241.5339 258.9434274500499 5241.5339 5695.3672 43.20263272534402 5695.3672 5867.8239 165.09597973199504 5867.8239 6412.4238 235.81985917996906 7556.0838 8678.5648 2006X "" "" ""
OBSERVED "" 53827.20999999996 27.636160832005725 3979.8773 4037.3629 375.25939472495264 3979.8773 4612.2184 496.437878384271 4612.2184 5538.0383 16.688067604455625 5295.9939 5586.4472 60.755509338833804 5586.4472 5855.7217 249.9005539700596 5855.7217 6572.7783 506.13567020012135 7767.8726 8811.6892 2006X "" "" ""
CMFGEN 1.04 53827.20999999996 -2.051800024273277 3979.8773 4037.3629 442.73710684330206 3979.8773 4612.2184 13.27055749498129 4612.2184 5538.0383 136.64342734532767 5295.9939 5586.4472 136.6935780354095 5586.4472 5855.7217 251.7211067044725 5855.7217 6572.7783 142.8058233507286 7767.8726 8811.6892 2006X "" "" ""
CMFGEN 1.02 53827.20999999996 -0.7554814616809864 3979.8773 4037.3629 426.1683100577859 3979.8773 4612.2184 13.575717536859429 4612.2184 5538.0383 118.7129521556565 5295.9939 5586.4472 138.99525715480112 5586.4472 5855.7217 201.65802600878135 5855.7217 6572.7783 378.0511346412476 7767.8726 8811.6892 2006X "" "" ""
CMFGEN 1.4 53827.20999999996 0.6447735318248959 3979.8773 4037.3629 385.3548933892492 3979.8773 4612.2184 19.419390696875666 4612.2184 5538.0383 94.13382118636346 5295.9939 5586.4472 137.07268330892109 5586.4472 5855.7217 166.066173335126 5855.7217 6572.7783 342.3130664653288 7767.8726 8811.6892 2006X "" "" ""
CMFGEN 1.7 53827.20999999996 -2.012384992359074 3979.8773 4037.3629 460.73993468131596 3979.8773 4612.2184 -35.823336258264135 4612.2184 5538.0383 157.24614860399626 5295.9939 5586.4472 145.36574907308864 5586.4472 5855.7217 287.40515417208996 5855.7217 6572.7783 590.4002807922354 7767.8726 8811.6892 2006X "" "" ""
OBSERVED "" 53799.29000000004 66.28694601337224 3910.2895 4149.3084 326.79053034398794 3910.2895 4560.784 362.2359078172171 4560.784 5320.1983 -5.410185449552785 5299.0195 5504.7572 71.28540663989503 5550.1406 5907.1561 160.81085438900914 5907.1561 6454.7816 429.4193159081881 7837.4604 8739.0759 2006X "" "" ""
CMFGEN 1.04 53799.29000000004 -114.78416696870158 3910.2895 4149.3084 319.76006440952926 3910.2895 4560.784 -371.661948073609 4560.784 5320.1983 58.87806830993324 5299.0195 5504.7572 159.50517171150656 5550.1406 5907.1561 206.67606719315654 5907.1561 6454.7816 403.63172567803326 7837.4604 8739.0759 2006X "" "" ""
CMFGEN 1.02 53799.29000000004 -106.07146871470229 3910.2895 4149.3084 263.4834739121238 3910.2895 4560.784 -349.37950620665674 4560.784 5320.1983 56.67533528367093 5299.0195 5504.7572 164.69972804510775 5550.1406 5907.1561 171.7856281198268 5907.1561 6454.7816 434.6983733423838 7837.4604 8739.0759 2006X "" "" ""
CMFGEN 1.4 53799.29000000004 -100.04273870882281 3910.2895 4149.3084 179.94941205126395 3910.2895 4560.784 -290.2006100888516 4560.784 5320.1983 49.79239144881882 5299.0195 5504.7572 167.1098900239607 5550.1406 5907.1561 161.79640344296206 5907.1561 6454.7816 406.4043834793745 7837.4604 8739.0759 2006X "" "" ""
CMFGEN 1.7 53799.29000000004 -158.2983153724448 3910.2895 4149.3084 322.2592124288917 3910.2895 4560.784 -434.7064665234507 4560.784 5320.1983 70.68780373869583 5299.0195 5504.7572 170.7459133785626 5550.1406 5907.1561 243.48946371400257 5907.1561 6454.7816 536.172157104017 7837.4604 8739.0759 2006X "" "" ""
OBSERVED "" 53802.35999999987 67.00169772811424 3916.3407 4143.2573 354.5091737635784 3916.3407 4575.9117 381.0632321364553 4575.9117 5420.0417 -14.19426211999857 5299.0195 5507.7828 79.12902852872384 5553.1661 5913.2072 162.1659365260901 5913.2072 6500.1649 553.5043156008442 7525.8282 8748.1526 2006X "" "" ""
CMFGEN 1.04 53802.35999999987 -97.56894155284851 3916.3407 4143.2573 367.94499001718737 3916.3407 4575.9117 -567.9972449218956 4575.9117 5420.0417 61.67440866473976 5299.0195 5507.7828 154.6471115009233 5553.1661 5913.2072 263.9736909752385 5913.2072 6500.1649 80.56193071655434 7525.8282 8748.1526 2006X "" "" ""
CMFGEN 1.02 53802.35999999987 -93.64990034462915 3916.3407 4143.2573 333.60191619918083 3916.3407 4575.9117 -559.7280413296262 4575.9117 5420.0417 58.98117896979079 5299.0195 5507.7828 159.67467534330999 5553.1661 5913.2072 225.04447765922203 5913.2072 6500.1649 45.1005327605892 7525.8282 8748.1526 2006X "" "" ""
CMFGEN 1.4 53802.35999999987 -91.69976909500423 3916.3407 4143.2573 263.8362781071498 3916.3407 4575.9117 -484.98196744103734 4575.9117 5420.0417 51.74802852829586 5299.0195 5507.7828 162.33114681473705 5553.1661 5913.2072 208.18344005632224 5913.2072 6500.1649 35.91964214695895 7525.8282 8748.1526 2006X "" "" ""
CMFGEN 1.7 53802.35999999987 -128.68355694801681 3916.3407 4143.2573 379.5677384638734 3916.3407 4575.9117 -710.8349668665146 4575.9117 5420.0417 73.61736948867335 5299.0195 5507.7828 165.66394675040226 5553.1661 5913.2072 289.51806025969825 5913.2072 6500.1649 516.2910587449578 7525.8282 8748.1526 2006X "" "" ""
OBSERVED "" 53818.20999999996 75.17708360093357 3901.2129 4131.1551 375.55532999566896 3901.2129 4609.1928 522.1100394958488 4609.1928 5544.0894 19.701876075773157 5299.0195 5559.2172 39.46540959682562 5559.2172 5834.5428 245.19349759241504 5834.5428 6548.5738 483.25098964942526 7767.8726 8720.9226 2006X "" "" ""
CMFGEN 1.04 53818.20999999996 -136.45499994037965 3901.2129 4131.1551 438.1544847031503 3901.2129 4609.1928 -11.517830751179645 4609.1928 5544.0894 108.12879648510798 5299.0195 5559.2172 159.24359272484847 5559.2172 5834.5428 234.31612582979443 5834.5428 6548.5738 32.74121761579863 7767.8726 8720.9226 2006X "" "" ""
CMFGEN 1.02 53818.20999999996 -133.09100178163322 3901.2129 4131.1551 431.2515767960531 3901.2129 4609.1928 -18.54264390286653 4609.1928 5544.0894 93.77934508713534 5299.0195 5559.2172 160.3554383507605 5559.2172 5834.5428 179.53634483647852 5834.5428 6548.5738 258.0440101793829 7767.8726 8720.9226 2006X "" "" ""
CMFGEN 1.4 53818.20999999996 -119.97184823984776 3901.2129 4131.1551 382.6605141869356 3901.2129 4609.1928 -16.439787513973442 4609.1928 5544.0894 75.75701870492534 5299.0195 5559.2172 157.3154893311534 5559.2172 5834.5428 148.663046641665 5834.5428 6548.5738 267.534944405935 7767.8726 8720.9226 2006X "" "" ""
CMFGEN 1.7 53818.20999999996 -200.53657844846464 3901.2129 4131.1551 439.15758370367246 3901.2129 4609.1928 -62.955136074387724 4609.1928 5544.0894 126.50352844827714 5299.0195 5559.2172 158.57365520133936 5559.2172 5834.5428 239.38552500723398 5834.5428 6548.5738 405.18089235900175 7767.8726 8720.9226 2006X "" "" ""
OBSERVED "" 53809.33999999985 "" "" "" "" "" "" 458.6435146789989 4583.693 5518.5903 -3.377855234234403 5297.2542 5518.5903 65.28385107205773 5558.2326 5872.0674 211.10007007844945 5872.0674 6503.0405 513.307108387469 7682.3986 8742.8298 2006X "" "" ""
CMFGEN 1.04 53809.33999999985 "" "" "" "" "" "" -465.1338373742942 4583.693 5518.5903 71.49849185745353 5297.2542 5518.5903 161.4570760237225 5558.2326 5872.0674 263.5229449733157 5872.0674 6503.0405 48.460082792639355 7682.3986 8742.8298 2006X "" "" ""
CMFGEN 1.02 53809.33999999985 "" "" "" "" "" "" -430.6535951098858 4583.693 5518.5903 67.24189084072415 5297.2542 5518.5903 166.05328034195796 5558.2326 5872.0674 226.64647820683456 5872.0674 6503.0405 315.70472116429585 7682.3986 8742.8298 2006X "" "" ""
CMFGEN 1.4 53809.33999999985 "" "" "" "" "" "" -373.25363348786414 4583.693 5518.5903 58.51003270705408 5297.2542 5518.5903 166.34671528065255 5558.2326 5872.0674 210.6524664354746 5872.0674 6503.0405 315.70576258803226 7682.3986 8742.8298 2006X "" "" ""
CMFGEN 1.7 53809.33999999985 "" "" "" "" "" "" -578.3598620296561 4583.693 5518.5903 84.27254772552939 5297.2542 5518.5903 172.57470557915278 5558.2326 5872.0674 283.03731280472164 5872.0674 6503.0405 383.93436904890837 7682.3986 8742.8298 2006X "" "" ""
OBSERVED "" 53809.35000000009 "" "" "" "" "" "" "" "" "" "" "" "" "" "" "" 212.5513501830742 5874.2212 6548.1339 507.23797094945803 7687.0463 8765.3066 2006X "" "" ""
CMFGEN 1.04 53809.35000000009 "" "" "" "" "" "" "" "" "" "" "" "" "" "" "" 265.7967101156509 5874.2212 6548.1339 86.18825856439594 7687.0463 8765.3066 2006X "" "" ""
CMFGEN 1.02 53809.35000000009 "" "" "" "" "" "" "" "" "" "" "" "" "" "" "" 223.3727779442147 5874.2212 6548.1339 339.62042952339834 7687.0463 8765.3066 2006X "" "" ""
CMFGEN 1.4 53809.35000000009 "" "" "" "" "" "" "" "" "" "" "" "" "" "" "" 200.63886107884434 5874.2212 6548.1339 319.20754786672956 7687.0463 8765.3066 2006X "" "" ""
CMFGEN 1.7 53809.35000000009 "" "" "" "" "" "" "" "" "" "" "" "" "" "" "" 307.1645430944868 5874.2212 6548.1339 465.25391654343673 7687.0463 8765.3066 2006X "" "" ""
OBSERVED "" 53779.35999999987 "" "" "" "" "" "" 318.68551816556567 4504.4084 5478.948 66.00344420718102 5151.8991 5654.0348 6.568073421388817 5654.0348 5809.3004 203.81875768516682 5809.3004 6334.5608 402.62589863121116 7520.5259 8462.0459 2006X "" "" ""
CMFGEN 1.04 53779.35999999987 "" "" "" "" "" "" -4318.5130757817915 4504.4084 5478.948 -4.949674254642218 5151.8991 5654.0348 58.141557367714725 5654.0348 5809.3004 -164.8773853209957 5809.3004 6334.5608 -554.0484300913577 7520.5259 8462.0459 2006X "" "" ""
CMFGEN 1.02 53779.35999999987 "" "" "" "" "" "" -3769.41439075947 4504.4084 5478.948 -63.932383639468526 5151.8991 5654.0348 59.49490663483634 5654.0348 5809.3004 -134.43498872226098 5809.3004 6334.5608 -515.6819487431126 7520.5259 8462.0459 2006X "" "" ""
CMFGEN 1.4 53779.35999999987 "" "" "" "" "" "" -2813.7565011832403 4504.4084 5478.948 -68.710575036926 5151.8991 5654.0348 54.76982809601569 5654.0348 5809.3004 -140.25966287306983 5809.3004 6334.5608 -419.51853742470325 7520.5259 8462.0459 2006X "" "" ""
CMFGEN 1.7 53779.35999999987 "" "" "" "" "" "" -5637.117057351288 4504.4084 5478.948 -37.29006972031277 5151.8991 5654.0348 66.31929328095782 5654.0348 5809.3004 -199.8847169865794 5809.3004 6334.5608 -47.36624753053388 7520.5259 8462.0459 2006X "" "" ""
OBSERVED "" 53779.33999999985 1.8190773495008514 3998.8646 4053.2343 121.26879819736541 4053.2343 4486.1011 "" "" "" "" "" "" "" "" "" "" "" "" "" "" "" 2006X 16.211211970515137 3785.5679 4053.2343
CMFGEN 1.04 53779.33999999985 -1.5780932480401262 3998.8646 4053.2343 157.0872958780435 4053.2343 4486.1011 "" "" "" "" "" "" "" "" "" "" "" "" "" "" "" 2006X -50.87484489705463 3785.5679 4053.2343
CMFGEN 1.02 53779.33999999985 -0.6047650226825851 3998.8646 4053.2343 55.99829313426801 4053.2343 4486.1011 "" "" "" "" "" "" "" "" "" "" "" "" "" "" "" 2006X 6.380549370678125 3785.5679 4053.2343
CMFGEN 1.4 53779.33999999985 -0.6682222043393224 3998.8646 4053.2343 9.593271733727306 4053.2343 4486.1011 "" "" "" "" "" "" "" "" "" "" "" "" "" "" "" 2006X 38.58473955449699 3785.5679 4053.2343
CMFGEN 1.7 53779.33999999985 -1.3203926514025284 3998.8646 4053.2343 207.43196840003532 4053.2343 4486.1011 "" "" "" "" "" "" "" "" "" "" "" "" "" "" "" 2006X -19.404381413474653 3785.5679 4053.2343
OBSERVED "" 53809.299999999814 54.707383194967505 3900.8698 4030.0136 418.53354471148765 3900.8698 4586.6232 472.12072945321523 4586.6232 5523.5611 -1.7203037796602132 5296.2681 5523.5611 66.2319688250787 5551.327 5879.3522 220.33636693303822 5879.3522 6521.8424 511.8713711519579 7673.159 8720.5149 2006X "" "" ""
CMFGEN 1.04 53809.299999999814 -24.62535443878872 3900.8698 4030.0136 383.20981686161406 3900.8698 4586.6232 -400.53412661386506 4586.6232 5523.5611 75.85652469411372 5296.2681 5523.5611 165.94644927679343 5551.327 5879.3522 270.06837119493537 5879.3522 6521.8424 -7.130737910189964 7673.159 8720.5149 2006X "" "" ""
CMFGEN 1.02 53809.299999999814 -27.341095359206122 3900.8698 4030.0136 361.5573170619453 3900.8698 4586.6232 -377.1265133631705 4586.6232 5523.5611 70.76404546139423 5296.2681 5523.5611 170.90055005468014 5551.327 5879.3522 229.59749684654912 5879.3522 6521.8424 308.4388259679529 7673.159 8720.5149 2006X "" "" ""
CMFGEN 1.4 53809.299999999814 -19.262219631211593 3900.8698 4030.0136 297.54098970684464 3900.8698 4586.6232 -330.75192993937526 4586.6232 5523.5611 61.14152995416549 5296.2681 5523.5611 171.64669151178748 5551.327 5879.3522 211.24504763028182 5879.3522 6521.8424 322.4130877415346 7673.159 8720.5149 2006X "" "" ""
