results/equivalent_width/fixed_True.ecsv
# %ECSV 0.9
# ---
# datatype:
# - name: model
#   datatype: string
# - name: version
#   datatype: string
# - name: time
#   datatype: float64
# - name: pW2
#   datatype: float64
# - name: pW2_start
#   datatype: float64
# - name: pW2_end
#   datatype: float64
# - name: pW3
#   datatype: float64
# - name: pW3_start
#   datatype: float64
# - name: pW3_end
#   datatype: float64
# - name: pW4
#   datatype: float64
# - name: pW4_start
#   datatype: float64
# - name: pW4_end
#   datatype: float64
# - name: pW5
#   datatype: float64
# - name: pW5_start
#   datatype: float64
# - name: pW5_end
#   datatype: float64
# - name: pW6
#   datatype: float64
# - name: pW6_start
#   datatype: float64
# - name: pW6_end
#   datatype: float64
# - name: pW7
#   datatype: float64
# - name: pW7_start
#   datatype: float64
# - name: pW7_end
#   datatype: float64
# - name: pW8
#   datatype: float64
# - name: pW8_start
#   datatype: float64
# - name: pW8_end
#   datatype: float64
# - name: obj_id
#   datatype: string
# - name: pW1
#   datatype: float64
# - name: pW1_start
#   datatype: float64
# - name: pW1_end
#   datatype: float64
# schema: astropy-2.0
model version time pW2 pW2_start pW2_end pW3 pW3_start pW3_end pW4 pW4_start pW4_end pW5 pW5_start pW5_end pW6 pW6_start pW6_end pW7 pW7_start pW7_end pW8 pW8_start pW8_end obj_id pW1 pW1_start pW1_end
[from data line 2601]
CMFGEN CMFGEN 10.790000000037253 2.178277989029681 3939.1364 4053.2777 35.64698466706102 3939.1364 4587.9394 46.95686855949191 4587.9394 5230.7349 7.391294334067993 5230.7349 5510.0806 -5.282221387429104 5552.1327 5846.497 154.42255867365373 5846.497 6393.1735 44.15958984085614 7624.6977 8697.0248 2008hv "" "" ""
CMFGEN CMFGEN 10.790000000037253 5.628316803342017 3939.1364 4053.2777 -34.50651983024841 3939.1364 4587.9394 49.54864282579206 4587.9394 5230.7349 16.438859566441465 5230.7349 5510.0806 12.87263782362146 5552.1327 5846.497 156.3216670490683 5846.497 6393.1735 -52.079785497606736 7624.6977 8697.0248 2008hv "" "" ""
CMFGEN CMFGEN 10.790000000037253 5.678858710923919 3939.1364 4053.2777 -32.95770992218195 3939.1364 4587.9394 77.07617934872542 4587.9394 5230.7349 24.199233651998043 5230.7349 5510.0806 30.179152453905374 5552.1327 5846.497 150.29019520797772 5846.497 6393.1735 -121.64780661916393 7624.6977 8697.0248 2008hv "" "" ""
CMFGEN CMFGEN 10.790000000037253 4.265526901651768 3939.1364 4053.2777 -26.522790589366537 3939.1364 4587.9394 24.619785263098038 4587.9394 5230.7349 10.47870284199746 5230.7349 5510.0806 -0.07111359828718378 5552.1327 5846.497 133.98120781497403 5846.497 6393.1735 59.381150819739446 7624.6977 8697.0248 2008hv "" "" ""
OBSERVED "" 11.779999999795109 17.71135454645936 3936.1327 4056.2814 237.18493301844603 3936.1327 4611.9691 232.0548490588825 4611.9691 5239.746 13.324743819048592 5239.746 5504.0732 69.22880454862491 5552.1327 5882.5416 161.85245992096458 5882.5416 6474.2739 362.11984517322253 7789.9021 8712.0434 2008hv "" "" ""
CMFGEN CMFGEN 11.779999999795109 2.595545902398726 3936.1327 4056.2814 34.2339966011225 3936.1327 4611.9691 32.7421540042493 4611.9691 5239.746 12.839736503581747 5239.746 5504.0732 -10.104160683085809 5552.1327 5882.5416 130.12012122323392 5882.5416 6474.2739 82.23572564585572 7789.9021 8712.0434 2008hv "" "" ""
CMFGEN CMFGEN 11.779999999795109 7.296304278478075 3936.1327 4056.2814 -56.64794085609401 3936.1327 4611.9691 28.047617830767308 4611.9691 5239.746 18.636564704356203 5239.746 5504.0732 7.016823949408945 5552.1327 5882.5416 123.66620484481564 5882.5416 6474.2739 19.498236120195088 7789.9021 8712.0434 2008hv "" "" ""
CMFGEN CMFGEN 11.779999999795109 7.431078247432481 3936.1327 4056.2814 -67.7571396632136 3936.1327 4611.9691 50.4773013958187 4611.9691 5239.746 24.996087832749595 5239.746 5504.0732 27.061939845140387 5552.1327 5882.5416 126.0420717645772 5882.5416 6474.2739 -6.992389228928232 7789.9021 8712.0434 2008hv "" "" ""
CMFGEN CMFGEN 11.779999999795109 5.409991297796481 3936.1327 4056.2814 -28.479540264053867 3936.1327 4611.9691 12.167755872564612 4611.9691 5239.746 13.895729427905081 5239.746 5504.0732 -2.7093596886519435 5552.1327 5882.5416 112.03304127344325 5882.5416 6474.2739 95.75377157910907 7789.9021 8712.0434 2008hv "" "" ""
OBSERVED "" -6.180000000167638 "" "" "" "" "" "" "" "" "" "" "" "" 15.114802587732527 5559.7566 5866.7369 101.42776065715276 5866.7369 6340.8077 152.63577138652374 7716.3903 8481.8982 2008hv "" "" ""
CMFGEN CMFGEN -6.180000000167638 "" "" "" "" "" "" "" "" "" "" "" "" -58.956050217740824 5559.7566 5866.7369 113.78984927976416 5866.7369 6340.8077 185.71079242797168 7716.3903 8481.8982 2008hv "" "" ""
CMFGEN CMFGEN -6.180000000167638 "" "" "" "" "" "" "" "" "" "" "" "" -58.55457522550762 5559.7566 5866.7369 86.42938070429943 5866.7369 6340.8077 151.3085715864538 7716.3903 8481.8982 2008hv "" "" ""
CMFGEN CMFGEN -6.180000000167638 "" "" "" "" "" "" "" "" "" "" "" "" 2.559023787175363 5559.7566 5866.7369 17.17962872502636 5866.7369 6340.8077 126.144378466327 7716.3903 8481.8982 2008hv "" "" ""
CMFGEN CMFGEN -6.180000000167638 "" "" "" "" "" "" "" "" "" "" "" "" -93.03943830147108 5559.7566 5866.7369 119.13685785843569 5866.7369 6340.8077 252.7262428821648 7716.3903 8481.8982 2008hv "" "" ""
OBSERVED "" 23.77999999979511 1.2278138206502192 3956.6329 4007.2172 270.5977296954251 3956.6329 4624.8777 362.17253467865623 4624.8777 5463.5116 14.274298538458766 5293.1225 5511.4335 "" "" "" "" "" "" "" "" "" 2008hv 88.84137074371733 3679.7506 3956.6329
CMFGEN CMFGEN 23.77999999979511 -0.12028449684796527 3956.6329 4007.2172 51.85543982988099 3956.6329 4624.8777 77.263167081127 4624.8777 5463.5116 14.342861877096311 5293.1225 5511.4335 "" "" "" "" "" "" "" "" "" 2008hv 62.39914784733514 3679.7506 3956.6329
CMFGEN CMFGEN 23.77999999979511 1.62432521204844 3956.6329 4007.2172 30.092507508532208 3956.6329 4624.8777 118.76592565740418 4624.8777 5463.5116 -0.7211104287517287 5293.1225 5511.4335 "" "" "" "" "" "" "" "" "" 2008hv 26.85610677029962 3679.7506 3956.6329
CMFGEN CMFGEN 23.77999999979511 2.1760113986810765 3956.6329 4007.2172 29.665620300692467 3956.6329 4624.8777 139.5391238864579 4624.8777 5463.5116 -1.8705213561309222 5293.1225 5511.4335 "" "" "" "" "" "" "" "" "" 2008hv 9.225026552415557 3679.7506 3956.6329
CMFGEN CMFGEN 23.77999999979511 0.9205181579567423 3956.6329 4007.2172 21.72877521910857 3956.6329 4624.8777 88.48345661550479 4624.8777 5463.5116 9.06532506739103 5293.1225 5511.4335 "" "" "" "" "" "" "" "" "" 2008hv 35.05420831664321 3679.7506 3956.6329
OBSERVED "" 56.700000000186265 "" "" "" "" "" "" 319.9565742835813 4646.8666 5520.522 8.417209043835271 5289.3673 5520.522 94.11945155541167 5551.4639 5837.222 213.66587185984946 5837.222 6492.3888 464.15335666976466 7719.0329 8810.2555 2008hv "" "" ""
CMFGEN CMFGEN 56.700000000186265 "" "" "" "" "" "" 193.4527016631214 4646.8666 5520.522 20.339970605713972 5289.3673 5520.522 126.2539117558008 5551.4639 5837.222 141.2770016253396 5837.222 6492.3888 287.7694659170263 7719.0329 8810.2555 2008hv "" "" ""
CMFGEN CMFGEN 56.700000000186265 "" "" "" "" "" "" 238.13779850849596 4646.8666 5520.522 -1.2917083345982405 5289.3673 5520.522 99.36288485183854 5551.4639 5837.222 162.49577952970697 5837.222 6492.3888 421.04885587778176 7719.0329 8810.2555 2008hv "" "" ""
CMFGEN CMFGEN 56.700000000186265 "" "" "" "" "" "" 302.5277919730062 4646.8666 5520.522 2.8107054124122044 5289.3673 5520.522 80.60026560692299 5551.4639 5837.222 190.45076037923417 5837.222 6492.3888 419.8885569012391 7719.0329 8810.2555 2008hv "" "" ""
CMFGEN CMFGEN 56.700000000186265 "" "" "" "" "" "" 127.36400932301751 4646.8666 5520.522 20.20459291113866 5289.3673 5520.522 148.06168864631357 5551.4639 5837.222 101.21690648575873 5837.222 6492.3888 244.87634541735372 7719.0329 8810.2555 2008hv "" "" ""
OBSERVED "" -6.189999999944121 16.442534041225827 3930.0096 4079.1001 91.02027027532006 3930.0096 4489.0989 109.90834750131387 4507.7352 5093.4477 74.50374378917707 5175.9799 5617.9267 "" "" "" "" "" "" "" "" "" 2008hv 153.7211705503072 3501.3745 3930.0096
CMFGEN CMFGEN -6.189999999944121 17.868602565469672 3930.0096 4079.1001 -306.56552652906475 3930.0096 4489.0989 211.73436408735643 4507.7352 5093.4477 180.86363599840917 5175.9799 5617.9267 "" "" "" "" "" "" "" "" "" 2008hv -31.020669737851904 3501.3745 3930.0096
CMFGEN CMFGEN -6.189999999944121 26.03739295343351 3930.0096 4079.1001 -286.15517776249635 3930.0096 4489.0989 259.7505883761912 4507.7352 5093.4477 217.24597119523492 5175.9799 5617.9267 "" "" "" "" "" "" "" "" "" 2008hv -95.66853980529561 3501.3745 3930.0096
CMFGEN CMFGEN -6.189999999944121 28.91228183948816 3930.0096 4079.1001 -293.55503879467597 3930.0096 4489.0989 239.97745571143355 4507.7352 5093.4477 149.8583359099353 5175.9799 5617.9267 "" "" "" "" "" "" "" "" "" 2008hv -156.39337491898073 3501.3745 3930.0096
CMFGEN CMFGEN -6.189999999944121 19.451872099729854 3930.0096 4079.1001 291.82565859981236 3930.0096 4489.0989 305.45923631572157 4507.7352 5093.4477 8.80692820625734 5175.9799 5617.9267 "" "" "" "" "" "" "" "" "" 2008hv -67.76708594552122 3501.3745 3930.0096
OBSERVED "" -1.1499999999068677 27.37150849735798 3933.4822 4098.8724 108.0078544798547 3933.4822 4512.3479 123.24808057781081 4512.3479 5099.0894 83.2472943945927 5193.5981 5674.0173 21.073194162245642 5674.0173 5888.6308 101.36617982343671 5888.6308 6333.6093 120.8700110851089 7788.6494 8511.2472 2008hv "" "" ""
CMFGEN CMFGEN -1.1499999999068677 17.262546847081268 3933.4822 4098.8724 -409.848993292979 3933.4822 4512.3479 210.89773964961034 4512.3479 5099.0894 144.97855414840808 5193.5981 5674.0173 0.04990485973354453 5674.0173 5888.6308 96.64029840558936 5888.6308 6333.6093 118.77818953196197 7788.6494 8511.2472 2008hv "" "" ""
CMFGEN CMFGEN -1.1499999999068677 29.727060803392817 3933.4822 4098.8724 -413.06496570685454 3933.4822 4512.3479 258.4800740525168 4512.3479 5099.0894 163.1325767182882 5193.5981 5674.0173 8.880665386130516 5674.0173 5888.6308 72.67687291651714 5888.6308 6333.6093 98.56361563878727 7788.6494 8511.2472 2008hv "" "" ""
CMFGEN CMFGEN -1.1499999999068677 35.45591620123963 3933.4822 4098.8724 -433.15064115802977 3933.4822 4512.3479 226.82725715326 4512.3479 5099.0894 54.958280536604605 5193.5981 5674.0173 8.223443739873744 5674.0173 5888.6308 13.248155704949511 5888.6308 6333.6093 68.32554093332806 7788.6494 8511.2472 2008hv "" "" ""
CMFGEN CMFGEN -1.1499999999068677 25.180355645226285 3933.4822 4098.8724 216.3260308589338 3933.4822 4512.3479 297.5457456298451 4512.3479 5099.0894 -2.5671218740424138 5193.5981 5674.0173 -4.843734387035624 5674.0173 5888.6308 99.34996912452596 5888.6308 6333.6093 167.23063006869017 7788.6494 8511.2472 2008hv "" "" ""
OBSERVED "" 5.800000000206637 0.407981464897901 3999.2882 4031.141 151.8441975913649 4031.141 4642.316 178.53524692464146 4642.316 5329.1414 75.67444372224651 5299.2794 5697.4391 29.501537514552126 5697.4391 5998.0496 114.54582011837613 5998.0496 6436.0252 201.0726928001908 7978.8938 8741.3696 2008ia "" "" ""
CMFGEN CMFGEN 5.800000000206637 -0.49441075348808283 3999.2882 4031.141 43.312951044442116 4031.141 4642.316 3.503775123165724 4642.316 5329.1414 -25.783216950739813 5299.2794 5697.4391 4.358220387598067 5697.4391 5998.0496 -132.6010588346727 5998.0496 6436.0252 45.41503144053911 7978.8938 8741.3696 2008ia "" "" ""
CMFGEN CMFGEN 5.800000000206637 -0.16048078631636287 3999.2882 4031.141 67.99744148147329 4031.141 4642.316 27.401735539588913 4642.316 5329.1414 -32.39791854177321 5299.2794 5697.4391 -68.90556503424688 5697.4391 5998.0496 -111.71817399265228 5998.0496 6436.0252 -93.7456228682579 7978.8938 8741.3696 2008ia "" "" ""
CMFGEN CMFGEN 5.800000000206637 -0.19323306624568204 3999.2882 4031.141 2.2595740598358134 4031.141 4642.316 42.637153638412315 4642.316 5329.1414 -29.311614130781436 5299.2794 5697.4391 -108.47504696653294 5697.4391 5998.0496 -79.42875954998203 5998.0496 6436.0252 -320.2557587246615 7978.8938 8741.3696 2008ia "" "" ""
CMFGEN CMFGEN 5.800000000206637 -0.27189920354967967 3999.2882 4031.141 50.57150096512248 4031.141 4642.316 8.295124380953212 4642.316 5329.1414 -37.07785854568209 5299.2794 5697.4391 -82.05677950468964 5697.4391 5998.0496 -110.7387949559004 5998.0496 6436.0252 -6.904460201951792 7978.8938 8741.3696 2008ia "" "" ""
OBSERVED "" 40.859999999796855 9.5932308679091 3982.7757 4028.621 299.40866057950007 4028.621 4690.3881 299.22836442372375 4690.3881 5541.5163 35.963901785825726 5284.3839 5657.1262 74.20689455058206 5657.1262 5960.104 222.163326064153 5960.104 6591.972 442.297762212154 7917.4995 8876.2645 2008ia "" "" ""
CMFGEN CMFGEN 40.859999999796855 0.5538516602123806 3982.7757 4028.621 34.217747853751916 4028.621 4690.3881 36.7616561566781 4690.3881 5541.5163 53.730948503633215 5284.3839 5657.1262 -86.00599638338537 5657.1262 5960.104 99.58837696509443 5960.104 6591.972 49.29131478001477 7917.4995 8876.2645 2008ia "" "" ""
CMFGEN CMFGEN 40.859999999796855 1.2961736741426293 3982.7757 4028.621 1.3297738374933488 4028.621 4690.3881 0.9914119969287185 4690.3881 5541.5163 -20.358819071147536 5284.3839 5657.1262 -35.359656135526734 5657.1262 5960.104 34.640474021450814 5960.104 6591.972 174.56613334335304 7917.4995 8876.2645 2008ia "" "" ""
CMFGEN CMFGEN 40.859999999796855 1.1891844873355453 3982.7757 4028.621 -2.643187755505778 4028.621 4690.3881 83.37191277919885 4690.3881 5541.5163 -48.78584151531925 5284.3839 5657.1262 -6.506809151717448 5657.1262 5960.104 34.715396449005425 5960.104 6591.972 187.58424794747498 7917.4995 8876.2645 2008ia "" "" ""
CMFGEN CMFGEN 40.859999999796855 1.376375377952641 3982.7757 4028.621 -16.626228427584692 4028.621 4690.3881 -41.67620104917512 4690.3881 5541.5163 68.04515459399852 5284.3839 5657.1262 -66.62250068823408 5657.1262 5960.104 138.54936073632382 5960.104 6591.972 190.17267370928198 7917.4995 8876.2645 2008ia "" "" ""
OBSERVED "" 10.830000000001746 1.4458291875209426 3997.6914 4049.3953 191.78673099798647 3997.6914 4697.2157 203.03823045544812 4697.2157 5323.7461 -2.3072720124239936 5299.4148 5503.1893 73.78085890031696 5557.9347 5995.8977 111.36126903628542 5995.8977 6567.6828 171.79543762384094 7988.0212 8833.5332 2008ia "" "" ""
CMFGEN CMFGEN 10.830000000001746 -0.12109112540409228 3997.6914 4049.3953 -0.5049674387179266 3997.6914 4697.2157 11.288895459184232 4697.2157 5323.7461 10.181072765877474 5299.4148 5503.1893 -166.14076410504185 5557.9347 5995.8977 -280.3061717013252 5995.8977 6567.6828 54.12391371568174 7988.0212 8833.5332 2008ia "" "" ""
CMFGEN CMFGEN 10.830000000001746 -0.2444975612318956 3997.6914 4049.3953 -72.83895159887334 3997.6914 4697.2157 17.306052896132996 4697.2157 5323.7461 18.347604514498528 5299.4148 5503.1893 -135.1851304766558 5557.9347 5995.8977 -201.81469594598934 5995.8977 6567.6828 66.57580411172307 7988.0212 8833.5332 2008ia "" "" ""
CMFGEN CMFGEN 10.830000000001746 -0.2194615436933134 3997.6914 4049.3953 -78.9416300287578 3997.6914 4697.2157 20.609666239588364 4697.2157 5323.7461 21.054305878906774 5299.4148 5503.1893 -114.25439148778969 5557.9347 5995.8977 -177.89020401831317 5995.8977 6567.6828 43.33522852657029 7988.0212 8833.5332 2008ia "" "" ""
CMFGEN CMFGEN 10.830000000001746 -0.25137306761337896 3997.6914 4049.3953 -54.750776552317575 3997.6914 4697.2157 8.516322718925153 4697.2157 5323.7461 15.509506995270755 5299.4148 5503.1893 -138.29407698331238 5557.9347 5995.8977 -147.82145784053773 5995.8977 6567.6828 68.04748994031775 7988.0212 8833.5332 2008ia "" "" ""
OBSERVED "" -2.129999999961001 "" "" "" "" "" "" "" "" "" "" "" "" 3.2781757228635797 5657.066 5810.5149 140.69853192078978 5810.5149 6424.3107 248.0856037717151 7596.8181 8706.372 2008ia "" "" ""
CMFGEN CMFGEN -2.129999999961001 "" "" "" "" "" "" "" "" "" "" "" "" -2.680941318675167 5657.066 5810.5149 196.49403289059126 5810.5149 6424.3107 338.0774641692983 7596.8181 8706.372 2008ia "" "" ""
CMFGEN CMFGEN -2.129999999961001 "" "" "" "" "" "" "" "" "" "" "" "" 1.3528633638825056 5657.066 5810.5149 156.40330181868694 5810.5149 6424.3107 340.4352871807714 7596.8181 8706.372 2008ia "" "" ""
CMFGEN CMFGEN -2.129999999961001 "" "" "" "" "" "" "" "" "" "" "" "" 6.697872968994318 5657.066 5810.5149 48.51002032890233 5810.5149 6424.3107 250.84666832327366 7596.8181 8706.372 2008ia "" "" ""
CMFGEN CMFGEN -2.129999999961001 "" "" "" "" "" "" "" "" "" "" "" "" -7.421675617235621 5657.066 5810.5149 187.89559030144522 5810.5149 6424.3107 460.65354274042556 7596.8181 8706.372 2008ia "" "" ""
OBSERVED "" 15.78000000018801 2.155633790406931 3997.6914 4034.1883 302.87329221963046 4034.1883 4697.2157 273.22723147657086 4697.2157 5393.6985 -18.355231011533192 5299.4148 5500.1479 141.23979853206117 5567.0589 5977.6493 168.20001787753472 5977.6493 6579.8484 405.0513867067518 7966.7314 8891.32 2008ia "" "" ""
CMFGEN CMFGEN 15.78000000018801 -0.1308233192043744 3997.6914 4034.1883 32.36880648985516 4034.1883 4697.2157 4.729979229628043 4697.2157 5393.6985 12.483677593982463 5299.4148 5500.1479 -167.40094621001754 5567.0589 5977.6493 -232.2513070812863 5977.6493 6579.8484 76.63836095901343 7966.7314 8891.32 2008ia "" "" ""
