results/equivalent_width/fixed_False.ecsv
# %ECSV 0.9
# ---
# datatype:
# - name: model
#   datatype: string
# - name: version
#   datatype: string
# - name: phase
#   datatype: float64
# - name: pW2
#   datatype: float64
# - name: pW2_start
#   datatype: float64
# - name: pW2_end
#   datatype: float64
# - name: pW3
#   datatype: float64
# - name: pW3_start
#   datatype: float64
# - name: pW3_end
#   datatype: float64
# - name: pW4
#   datatype: float64
# - name: pW4_start
#   datatype: float64
# - name: pW4_end
#   datatype: float64
# - name: pW5
#   datatype: float64
# - name: pW5_start
#   datatype: float64
# - name: pW5_end
#   datatype: float64
# - name: pW6
#   datatype: float64
# - name: pW6_start
#   datatype: float64
# - name: pW6_end
#   datatype: float64
# - name: pW7
#   datatype: float64
# - name: pW7_start
#   datatype: float64
# - name: pW7_end
#   datatype: float64
# - name: pW8
#   datatype: float64
# - name: pW8_start
#   datatype: float64
# - name: pW8_end
#   datatype: float64
# - name: pW1
#   datatype: float64
# - name: pW1_start
#   datatype: float64
# - name: pW1_end
#   datatype: float64
# - name: obj_id
#   datatype: string
# schema: astropy-2.0
model version phase pW2 pW2_start pW2_end pW3 pW3_start pW3_end pW4 pW4_start pW4_end pW5 pW5_start pW5_end pW6 pW6_start pW6_end pW7 pW7_start pW7_end pW8 pW8_start pW8_end pW1 pW1_start pW1_end obj_id
[from data line 437]
CMFGEN 1.02 46.56000000005588 "" "" "" "" "" "" 289.28617102668954 4638.1791 5312.638 7.521283617382561 5299.605 5530.9411 111.29613032066133 5550.4906 5856.7666 64.67186926454153 5856.7666 6218.433 509.5519363966106 7704.1974 8704.4818 "" "" "" 2005ki
CMFGEN 1.4 46.56000000005588 "" "" "" "" "" "" 301.77945988672406 4638.1791 5315.8962 5.070819709566339 5299.605 5521.1663 97.52173879118114 5550.4906 5850.2501 172.38928001446544 5850.2501 6479.0934 515.837846658324 7704.1974 8701.2236 "" "" "" 2005ki
CMFGEN 1.7 46.56000000005588 "" "" "" "" "" "" 270.21761121655265 4638.1791 5244.2146 -1.503257437033985 5244.2146 5501.6168 157.63414240363593 5550.4906 5882.8327 58.66902520812556 5882.8327 6202.1417 389.99071355817705 7860.5937 8792.4547 "" "" "" 2005ki
OBSERVED "" 145.39999999990687 21.226184907779206 3993.9746 4032.7679 365.86181045161186 3993.9746 4671.3644 264.48968552885157 4671.3644 5223.4221 133.85343780922798 5223.4221 5572.5613 210.25308687673237 5572.5613 5942.5891 354.1130229181214 5942.5891 6503.5991 677.2878208474191 7834.5058 8613.3548 "" "" "" 2005ki
CMFGEN 1.04 145.39999999990687 -0.058135916102879125 3985.0224 4002.9269 443.891804979824 3985.0224 4689.2689 233.4206216061548 4689.2689 5226.4062 31.76958873561629 5226.4062 5500.943 174.24005763209277 5551.6726 5873.9549 253.04285039276647 5873.9549 6512.5514 499.5981283096763 7870.315 8899.828 "" "" "" 2005ki
CMFGEN 1.02 145.39999999990687 -0.12331135916921358 3982.0383 4002.9269 426.0297159176348 3982.0383 4674.3485 241.71093736282717 4674.3485 5220.438 35.8325526711743 5220.438 5509.8953 176.90358237015408 5551.6726 5873.9549 205.54217000505508 5873.9549 6497.6309 577.7848929321202 7861.3627 8899.828 "" "" "" 2005ki
CMFGEN 1.4 145.39999999990687 -0.09966801370468628 3979.0542 4002.9269 390.8220409163034 3979.0542 4671.3644 240.35486033312603 4671.3644 5214.4698 27.540811552611277 5214.4698 5515.8634 175.2621493559888 5551.6726 5873.9549 86.57703956241104 5873.9549 6232.0464 564.7389824949469 7864.3468 8899.828 "" "" "" 2005ki
CMFGEN 1.7 145.39999999990687 -0.16274124271001064 3976.0701 4002.9269 476.6239532115693 3976.0701 4680.3166 254.09181279640964 4680.3166 5250.2789 43.527888923814295 5250.2789 5500.943 178.2898444841879 5551.6726 5885.8913 301.9707993702844 5885.8913 6551.3446 616.1751000043159 7861.3627 8858.0506 "" "" "" 2005ki
OBSERVED "" 21.56000000005588 9.510174342806494 3952.1973 4044.7043 262.5205571885611 3952.1973 4605.7142 337.9785024172771 4605.7142 5483.0384 6.063189410863972 5298.0245 5506.9112 59.71556092190102 5551.6726 5841.1299 210.21747067463895 5841.1299 6443.9172 429.73329122004924 7676.3487 8753.6073 "" "" "" 2005ki
CMFGEN 1.04 21.56000000005588 -1.9258604386956275 3943.245 4002.9269 166.0970664718817 3943.245 4587.8097 240.2242101015965 4587.8097 5205.5175 4.455945769481765 5205.5175 5500.943 85.63476688219596 5551.6726 5856.0504 69.54467044045509 5856.0504 6223.0941 250.29587348176221 7837.4899 8702.8777 "" "" "" 2005ki
CMFGEN 1.02 21.56000000005588 -3.3038466101079345 3937.2768 4002.9269 269.0733690142451 3937.2768 4623.6188 289.77074569729524 4623.6188 5301.0086 -5.484688535137159 5298.0245 5500.943 71.78282647549416 5551.6726 5856.0504 187.93820353045467 5856.0504 6426.0126 465.9503368462466 7685.301 8693.9254 "" "" "" 2005ki
CMFGEN 1.4 21.56000000005588 -3.1941880064071633 3934.2927 4002.9269 289.59321377485236 3934.2927 4626.6029 304.15507418603147 4626.6029 5306.9767 -0.3963099659304523 5298.0245 5500.943 64.6079478437789 5551.6726 5859.0344 193.85424822022424 5859.0344 6446.9013 466.6546278838244 7679.3328 8687.9572 "" "" "" 2005ki
CMFGEN 1.7 21.56000000005588 32.54338616003736 3937.2768 4149.1476 197.20284608425743 3937.2768 4602.7302 266.5331247134725 4602.7302 5229.3903 1.5411899787883305 5229.3903 5500.943 102.3248692659278 5551.6726 5870.9708 119.36384233829064 5870.9708 6246.9669 274.55994590982255 7882.2513 8747.6391 "" "" "" 2005ki
OBSERVED "" 11.339999999850988 18.289212671984824 3941.3037 4064.1951 214.92079664755363 3941.3037 4584.4355 "" "" "" "" "" "" "" "" "" "" "" "" "" "" "" 93.21617820627776 3668.8944 3941.3037 2005na
CMFGEN 1.04 11.339999999850988 -1.3834353785553966 3918.7736 4000.7012 110.41245614960475 3918.7736 4535.2789 "" "" "" "" "" "" "" "" "" "" "" "" "" "" "" 126.86327500708798 3589.0149 3918.7736 2005na
CMFGEN 1.02 11.339999999850988 38.194003705577984 3922.87 4148.1709 194.78313798844545 3922.87 4600.821 "" "" "" "" "" "" "" "" "" "" "" "" "" "" "" 115.76420911632157 3589.0149 3922.87 2005na
CMFGEN 1.4 11.339999999850988 41.933017897003246 3920.8218 4148.1709 245.65832408346523 3920.8218 4606.9656 "" "" "" "" "" "" "" "" "" "" "" "" "" "" "" 92.55641102783628 3648.4124 3920.8218 2005na
CMFGEN 1.7 11.339999999850988 26.870905681528665 3914.6772 4148.1709 131.69432587030852 3914.6772 4557.809 "" "" "" "" "" "" "" "" "" "" "" "" "" "" "" 110.57573504298728 3640.2197 3914.6772 2005na
OBSERVED "" 62.299999999813735 21.644269028083723 3954.4329 4016.6645 226.81728839484452 4016.6645 4612.3096 211.96932188672554 4612.3096 5498.3688 21.415984352926536 5293.8936 5516.1492 53.64722180983203 5557.637 5830.2706 247.08169904154994 5830.2706 6565.1959 307.73131002099245 7516.45 8692.9232 "" "" "" 2005na
CMFGEN 1.04 62.299999999813735 -0.43387730450720124 3969.25 4001.8475 329.1405685668769 3969.25 4665.651 231.17259458888793 4665.651 5207.9548 25.949930532001616 5207.9548 5533.9297 144.86417829832246 5551.7102 5868.7949 47.82479931194479 5868.7949 6200.6966 436.7830042764998 7866.1323 8728.4842 "" "" "" 2005na
CMFGEN 1.02 62.299999999813735 -0.7130886897047417 3963.3232 4001.8475 313.55436701994347 3963.3232 4644.9071 274.36473781771156 4644.9071 5290.9302 14.696509492211769 5290.9302 5530.9663 128.90595994368394 5551.7102 5862.8681 67.79730582212484 5862.8681 6221.4405 513.3365848547062 7706.1082 8707.7403 "" "" "" 2005na
CMFGEN 1.4 62.299999999813735 -0.7370385607176078 3960.3598 4001.8475 318.6981143250078 3960.3598 4644.9071 303.5289279192814 4644.9071 5320.5643 6.891889818908446 5299.8204 5522.0761 116.18565411122886 5551.7102 5859.9046 72.71892056239342 5859.9046 6221.4405 526.6906745837337 7703.1448 8701.8135 "" "" "" 2005na
CMFGEN 1.7 62.299999999813735 -0.583058620613011 3963.3232 4001.8475 343.0037355175027 3963.3232 4656.7608 264.5319411314319 4656.7608 5240.5523 13.169490469410533 5240.5523 5501.3322 167.73306470723304 5551.7102 5883.6119 62.10755956255506 5883.6119 6200.6966 466.44142170856867 7872.0591 8817.3864 "" "" "" 2005na
OBSERVED "" 69.25 "" "" "" "" "" "" "" "" "" 43.89037462057123 5279.7124 5501.5297 120.5489883875446 5550.6708 5823.6768 244.83209742114983 5823.6768 6439.3053 529.6789991768163 7650.7695 8690.2398 "" "" "" 2005na
CMFGEN 1.04 69.25 "" "" "" "" "" "" "" "" "" 29.42251912040196 5208.7308 5530.1954 151.37832218339923 5550.6708 5870.7704 48.897869772386834 5870.7704 6200.4251 452.2844679862785 7867.1267 8733.2382 "" "" "" 2005na
CMFGEN 1.02 69.25 "" "" "" "" "" "" "" "" "" 17.394871387590374 5284.49 5530.1954 136.24261692089277 5550.6708 5865.9927 70.816843842835 5865.9927 6225.6781 513.0136794426173 7705.3707 8710.0327 "" "" "" 2005na
CMFGEN 1.4 69.25 "" "" "" "" "" "" "" "" "" 9.022993709424183 5299.5053 5523.3702 124.06096475641432 5550.6708 5862.5802 75.19025212075891 5862.5802 6223.6306 528.8083907522398 7703.3231 8701.8426 "" "" "" 2005na
CMFGEN 1.7 69.25 "" "" "" "" "" "" "" "" "" 18.940959850890675 5240.809 5500.1647 171.6146490028026 5550.6708 5884.4207 64.03859424966865 5884.4207 6200.4251 492.30494590442845 7871.9043 8821.9652 "" "" "" 2005na
OBSERVED "" 69.23999999975786 70.1136997279375 3923.2992 4052.7259 500.1235604444143 3923.2992 4686.9168 405.2173150280544 4686.9168 5505.5407 82.47619735115373 5236.9803 5505.5407 113.76703173631385 5557.3114 5845.2858 335.7280622834453 5845.2858 6566.8397 420.8965204337604 7819.0431 8712.0874 "" "" "" 2005na
CMFGEN 1.04 69.23999999975786 -0.31433987434338395 3971.8343 4000.9553 347.60435868794866 3971.8343 4670.7385 232.996061268032 4670.7385 5207.8593 29.720939597592785 5207.8593 5531.4261 151.13711205876228 5550.8401 5871.1712 49.27814320823454 5871.1712 6201.2093 452.4892009563032 7867.5781 8734.7371 "" "" "" 2005na
CMFGEN 1.02 69.23999999975786 -0.5403868602928965 3965.3629 4000.9553 325.009707957022 3965.3629 4648.0888 265.99671672365275 4648.0888 5282.2797 17.119209401090203 5282.2797 5531.4261 135.7224723786422 5550.8401 5867.9355 71.53028074119267 5867.9355 6227.0946 513.0771504512124 7705.7947 8712.0874 "" "" "" 2005na
CMFGEN 1.4 69.23999999975786 -0.5693362452834566 3962.1272 4000.9553 323.72486831324466 3962.1272 4648.0888 299.99987945621774 4648.0888 5317.872 8.325208890464678 5298.458 5521.7191 123.67053115032986 5550.8401 5864.6998 75.52882219791995 5864.6998 6223.859 528.8852735152509 7705.7947 8702.3804 "" "" "" 2005na
CMFGEN 1.7 69.23999999975786 -0.40039602421598075 3965.3629 4000.9553 363.8940220504113 3965.3629 4673.9741 267.3778642084167 4673.9741 5240.216 20.091812734089913 5240.216 5502.3051 171.55401663837785 5550.8401 5884.1138 64.01400541995669 5884.1138 6201.2093 492.4168710311979 7867.5781 8822.1001 "" "" "" 2005na
OBSERVED "" 39.27999999979511 8.795631952731895 3997.7196 4023.6049 408.95767680486017 4023.6049 4599.5538 534.4443484691469 4599.5538 5537.8974 70.98903901538678 5246.6873 5537.8974 66.94328235637626 5579.9611 5803.2222 296.41482317640384 5803.2222 6453.5914 522.7185926914406 7751.0941 8670.0237 "" "" "" 2005na
CMFGEN 1.04 39.27999999979511 -0.7394179505180262 3962.1272 4000.9553 251.28361934164792 3962.1272 4641.6175 230.63191354435847 4641.6175 5207.8593 3.0883905213935288 5207.8593 5534.6617 121.30104409269823 5550.8401 5858.2285 39.06401425477275 5858.2285 6201.2093 368.756586311662 7844.9285 8712.0874 "" "" "" 2005na
CMFGEN 1.02 39.27999999979511 -1.4478608400002233 3955.6559 4000.9553 283.64632997899093 3955.6559 4635.1461 288.67141860234995 4635.1461 5314.6363 1.9823654646866575 5298.458 5521.7191 100.79539428716572 5550.8401 5851.7572 163.2541865003991 5851.7572 6476.241 503.6636439742374 7705.7947 8702.3804 "" "" "" 2005na
CMFGEN 1.4 39.27999999979511 -1.5408866371240684 3952.4202 4000.9553 300.2728561383886 3952.4202 4635.1461 297.0335274769124 4635.1461 5314.6363 4.993803856143088 5298.458 5518.4834 85.58222148319038 5550.8401 5848.5215 186.31433697341708 5848.5215 6473.0054 506.29149591197995 7702.5591 8699.1447 "" "" "" 2005na
CMFGEN 1.7 39.27999999979511 -1.3177213616070425 3955.6559 4000.9553 267.54711449221486 3955.6559 4628.6748 273.8832216625721 4628.6748 5249.923 -1.9561313735270192 5249.923 5502.3051 150.11688979129548 5550.8401 5884.1138 59.718772707658886 5884.1138 6201.2093 350.4668101105294 7867.5781 8783.2721 "" "" "" 2005na
OBSERVED "" 11.359999999869615 "" "" "" "" "" "" "" "" "" "" "" "" "" "" "" 159.76995244840265 5869.0733 6466.4367 308.46367089831085 7878.9867 8657.8695 "" "" "" 2005na
CMFGEN 1.04 11.359999999869615 "" "" "" "" "" "" "" "" "" "" "" "" "" "" "" 119.62894756096487 5859.1722 6248.6136 199.49376279468794 7898.7888 8548.9579 "" "" "" 2005na
CMFGEN 1.02 11.359999999869615 "" "" "" "" "" "" "" "" "" "" "" "" "" "" "" 178.53727638049799 5862.4726 6374.0269 298.7420672356409 7885.5874 8680.9719 "" "" "" 2005na
CMFGEN 1.4 11.359999999869615 "" "" "" "" "" "" "" "" "" "" "" "" "" "" "" 178.73648513307995 5869.0733 6380.6276 313.79751205443483 7878.9867 8680.9719 "" "" "" 2005na
CMFGEN 1.7 11.359999999869615 "" "" "" "" "" "" "" "" "" "" "" "" "" "" "" 141.1163953138518 5862.4726 6275.0164 232.1491201641719 7921.8913 8674.3712 "" "" "" 2005na
OBSERVED "" 77.14999999990687 1.447615360916466e-14 3998.8841 4001.8475 271.43305922495676 3998.8841 4677.5046 275.4827185147873 4677.5046 5433.1738 15.217094594527174 5299.8204 5510.2224 94.91778997417124 5563.5638 5833.234 278.3875054881868 5833.234 6565.1959 608.0302349293121 7756.4861 8772.9353 "" "" "" 2005na
CMFGEN 1.04 77.14999999990687 -0.24648718080253304 3975.1768 4001.8475 365.8127919133367 3975.1768 4674.5412 235.40763318508172 4674.5412 5210.9182 29.52741984318019 5210.9182 5522.0761 156.79995575749717 5551.7102 5871.7583 56.506968951987204 5871.7583 6218.4771 466.51638895917284 7869.0957 8740.3378 "" "" "" 2005na
CMFGEN 1.02 77.14999999990687 -0.4062106700704712 3969.25 4001.8475 338.2306777343025 3969.25 4653.7974 238.65488072476734 4653.7974 5204.9913 -2.798080931430377 5204.9913 5522.0761 142.8033556067312 5551.7102 5868.7949 73.83515471528459 5868.7949 6230.3307 511.8704136413859 7706.1082 8716.6305 "" "" "" 2005na
CMFGEN 1.4 77.14999999990687 -0.3717668678317879 3966.2866 4001.8475 329.9156634788849 3966.2866 4650.8339 293.2011826463081 4650.8339 5314.6375 11.705981000634333 5299.8204 5522.0761 131.26115838280842 5551.7102 5865.8315 77.78301532018612 5865.8315 6227.3673 529.7548591941343 7703.1448 8701.8135 "" "" "" 2005na
CMFGEN 1.7 77.14999999990687 -0.3677164861931057 3966.2866 4001.8475 386.62815850898045 3966.2866 4677.5046 269.2816173224894 4677.5046 5243.5157 26.89236435457411 5243.5157 5501.3322 173.75807494434258 5551.7102 5883.6119 65.4425137657596 5883.6119 6200.6966 515.592269579113 7872.0591 8826.2766 "" "" "" 2005na
OBSERVED "" 11.350000000093132 20.247753003311534 3952.4202 4049.4903 224.24237297788972 3952.4202 4609.2608 228.81319972635106 4609.2608 5220.802 37.52337409837261 5220.802 5528.1904 56.87209419264767 5554.0757 5854.9928 119.65381284204432 5854.9928 6330.636 281.77747079465786 7864.3425 8657.081 "" "" "" 2005na
CMFGEN 1.04 11.350000000093132 -1.2890215893711066 3920.0636 4000.9553 110.52352211811447 3920.0636 4534.8404 224.05989158651903 4534.8404 5188.4453 24.517140503601933 5188.4453 5502.3051 25.173330602745093 5618.7891 5858.2285 119.71964413753203 5858.2285 6249.7443 199.8232966276123 7896.6991 8547.0683 "" "" "" 2005na
CMFGEN 1.02 11.350000000093132 38.578776526654295 3923.2992 4149.796 194.8751049688729 3923.2992 4602.7894 255.67239123548168 4602.7894 5227.2733 5.588467699641735 5227.2733 5502.3051 31.219958910797722 5609.0821 5864.6998 178.5571551068729 5864.6998 6372.6997 298.56575559965177 7886.9921 8679.7307 "" "" "" 2005na
CMFGEN 1.4 11.350000000093132 42.67269476131305 3923.2992 4149.796 245.64567480532605 3923.2992 4606.0251 279.015237917377 4606.0251 5253.1586 35.29398679192957 5253.1586 5615.5534 33.55494574624341 5615.5534 5867.9355 178.7034322059293 5867.9355 6382.4067 313.07833997326713 7880.5208 8682.9664 "" "" "" 2005na
CMFGEN 1.7 11.350000000093132 26.96951106062997 3913.5922 4149.796 131.74786438710288 3913.5922 4557.4901 231.5901886158772 4557.4901 5201.388 18.96781299031638 5201.388 5502.3051 43.781182832468346 5550.8401 5864.6998 140.97625316952534 5864.6998 6272.394 231.6648416102136 7922.5845 8676.495 "" "" "" 2005na
OBSERVED "" 19.350000000093132 "" "" "" "" "" "" "" "" "" 9.205298618868289 5285.164 5503.3464 85.31632824560171 5553.9593 5854.2166 219.95568138574737 5854.2166 6564.1644 363.12671108424934 7613.3551 8691.272 "" "" "" 2005na
CMFGEN 1.04 19.350000000093132 "" "" "" "" "" "" "" "" "" 7.4762823148273325 5207.1929 5500.6106 81.44568957067413 5550.5395 5859.0043 84.0042284967401 5859.0043 6228.3413 231.25655395789215 7846.5846 8704.2672 "" "" "" 2005na
CMFGEN 1.02 19.350000000093132 "" "" "" "" "" "" "" "" "" -5.206533379131755 5293.3715 5500.6106 71.06715777150472 5550.5395 5863.108 189.2078919816932 5863.108 6414.3777 503.95899422977277 7508.0256 8692.6399 "" "" "" 2005na
CMFGEN 1.4 19.350000000093132 "" "" "" "" "" "" "" "" "" -0.6177677186031147 5299.5271 5500.6106 61.066063042284284 5550.5395 5866.5278 191.2770771491757 5866.5278 6434.2125 458.7073724394254 7665.3358 8688.5361 "" "" "" 2005na
