results/equivalent_width/fixed_False.ecsv
# %ECSV 0.9
# ---
# datatype:
# - name: model
#   datatype: string
# - name: version
#   datatype: string
# - name: phase
#   datatype: float64
# - name: pW2
#   datatype: float64
# - name: pW2_start
#   datatype: float64
# - name: pW2_end
#   datatype: float64
# - name: pW3
#   datatype: float64
# - name: pW3_start
#   datatype: float64
# - name: pW3_end
#   datatype: float64
# - name: pW4
#   datatype: float64
# - name: pW4_start
#   datatype: float64
# - name: pW4_end
#   datatype: float64
# - name: pW5
#   datatype: float64
# - name: pW5_start
#   datatype: float64
# - name: pW5_end
#   datatype: float64
# - name: pW6
#   datatype: float64
# - name: pW6_start
#   datatype: float64
# - name: pW6_end
#   datatype: float64
# - name: pW7
#   datatype: float64
# - name: pW7_start
#   datatype: float64
# - name: pW7_end
#   datatype: float64
# - name: pW8
#   datatype: float64
# - name: pW8_start
#   datatype: float64
# - name: pW8_end
#   datatype: float64
# - name: pW1
#   datatype: float64
# - name: pW1_start
#   datatype: float64
# - name: pW1_end
#   datatype: float64
# - name: obj_id
#   datatype: string
# schema: astropy-2.0
model version phase pW2 pW2_start pW2_end pW3 pW3_start pW3_end pW4 pW4_start pW4_end pW5 pW5_start pW5_end pW6 pW6_start pW6_end pW7 pW7_start pW7_end pW8 pW8_start pW8_end pW1 pW1_start pW1_end obj_id
[from data line 267]
CMFGEN 1.02 1.6200000001117587 28.57968843854609 3900.003 4112.7707 91.69227640132408 3900.003 4529.3158 169.7462283117241 4529.3158 5128.6614 85.87319756010541 5176.6091 5578.1706 17.52390687481257 5578.1706 5856.8663 158.63675260323149 5856.8663 6348.3297 209.972097317666 7825.7166 8598.8724 "" "" "" 2005el
CMFGEN 1.4 1.6200000001117587 39.94332978995844 3902.9997 4121.7608 129.48580048722522 3902.9997 4535.3093 210.07516697576872 4535.3093 5194.5894 84.28045155901692 5194.5894 5584.1641 27.226418327562126 5584.1641 5874.8467 160.45761589696986 5874.8467 6357.3199 244.04434921299807 7825.7166 8622.8462 "" "" "" 2005el
CMFGEN 1.7 1.6200000001117587 13.643621479118195 3900.003 4088.7968 62.038527677166584 3900.003 4514.3322 145.93394624154035 4514.3322 5152.6353 90.02847444487699 5152.6353 5620.1248 14.2332038975944 5620.1248 5829.8958 139.21561973487883 5829.8958 6312.369 162.29911274969248 7858.6806 8550.9248 "" "" "" 2005el
OBSERVED "" 14.600000000093132 18.288700779062903 3952.4786 4058.1108 268.4364787014542 3952.4786 4611.1264 "" "" "" "" "" "" "" "" "" "" "" "" "" "" "" 96.74851282023016 3656.2942 3952.4786 2005el
CMFGEN 1.04 14.600000000093132 -1.7889806093501213 3929.6952 4000.1167 128.58843294876763 3929.6952 4546.9186 "" "" "" "" "" "" "" "" "" "" "" "" "" "" "" 118.36991499520197 3643.8669 3929.6952 2005el
CMFGEN 1.02 14.600000000093132 36.23303731456021 3931.7664 4149.2445 239.67078930117876 3931.7664 4615.2689 "" "" "" "" "" "" "" "" "" "" "" "" "" "" "" 93.88200961562579 3652.1518 3931.7664 2005el
CMFGEN 1.4 14.600000000093132 -3.413035810012665 3923.4815 4000.1167 281.96251951204937 3923.4815 4619.4113 "" "" "" "" "" "" "" "" "" "" "" "" "" "" "" 84.6403662789385 3654.223 3923.4815 2005el
CMFGEN 1.7 14.600000000093132 30.61347411724191 3921.4103 4149.2445 158.8469389138287 3921.4103 4573.8445 "" "" "" "" "" "" "" "" "" "" "" "" "" "" "" 106.95607115614308 3645.9381 3921.4103 2005el
OBSERVED "" 14.59000000031665 "" "" "" "" "" "" "" "" "" "" "" "" "" "" "" 211.9004299633325 5848.2889 6459.0437 328.9740628796691 7957.5625 8695.1408 "" "" "" 2005el
CMFGEN 1.04 14.59000000031665 "" "" "" "" "" "" "" "" "" "" "" "" "" "" "" 107.1407632763325 5861.6387 6235.434 188.3886755661185 7890.8134 8688.4659 "" "" "" 2005el
CMFGEN 1.02 14.59000000031665 "" "" "" "" "" "" "" "" "" "" "" "" "" "" "" 184.88154163780104 5868.3136 6388.9571 330.91626242803943 7870.7886 8685.1284 "" "" "" 2005el
CMFGEN 1.4 14.59000000031665 "" "" "" "" "" "" "" "" "" "" "" "" "" "" "" 184.44995950828397 5871.6511 6398.9695 425.10094904740663 7620.4792 8688.4659 "" "" "" 2005el
CMFGEN 1.7 14.59000000031665 "" "" "" "" "" "" "" "" "" "" "" "" "" "" "" 138.1833942576305 5868.3136 6265.4712 244.21307214500285 7924.1879 8705.1532 "" "" "" 2005el
OBSERVED "" 14.580000000074506 "" "" "" "" "" "" 243.07678606610858 4625.0929 5256.5982 -4.319630553105721 5256.5982 5502.0019 78.68504748069233 5551.0826 5881.5595 171.08559802799715 5881.5595 6467.2561 321.4825561336897 7831.7002 8685.7048 "" "" "" 2005el
CMFGEN 1.04 14.580000000074506 "" "" "" "" "" "" 239.46214591984892 4546.5638 5197.7014 18.37736220529614 5197.7014 5502.0019 60.28921453660537 5551.0826 5861.9272 107.12950215354286 5861.9272 6234.9407 188.3023968039135 7890.5971 8688.9768 "" "" "" 2005el
CMFGEN 1.02 14.580000000074506 "" "" "" "" "" "" 274.9648603038007 4615.2768 5259.8703 -3.498826000997626 5259.8703 5502.0019 52.155827957760245 5551.0826 5868.4713 184.86604970106924 5868.4713 6388.7269 330.6461769590202 7870.9648 8685.7048 "" "" "" 2005el
CMFGEN 1.4 14.580000000074506 "" "" "" "" "" "" 301.57615963715097 4618.5488 5282.7746 -0.8699094742284775 5282.7746 5502.0019 42.101052582029915 5551.0826 5871.7433 184.31430311212395 5871.7433 6401.8151 425.83678664270747 7619.0171 8685.7048 "" "" "" 2005el
CMFGEN 1.7 14.580000000074506 "" "" "" "" "" "" 247.61153825248238 4572.7402 5214.0616 10.863104074587008 5214.0616 5502.0019 65.1438161307606 5551.0826 5865.1992 138.0870253408496 5865.1992 6267.6611 244.30947540989635 7923.3175 8705.3371 "" "" "" 2005el
OBSERVED "" -7.029999999795109 10.745901522553167 3926.4943 4056.5478 106.70850435693788 4056.5478 4514.6909 113.74260467302533 4514.6909 5108.7991 69.29729369988227 5159.047 5658.5707 17.899882427717696 5658.5707 5909.8105 76.05501115676483 5909.8105 6379.7766 400.7859631124387 7635.9754 8794.634 "" "" "" 2005eq
CMFGEN 1.04 -7.029999999795109 -0.36205395853442074 3997.4326 4041.769 86.53916805470512 4041.769 4508.7794 122.72115311761132 4508.7794 5094.0202 46.19077557144426 5150.1797 5561.0306 1.957416219156513 5561.0306 5800.4473 167.7397987222758 5800.4473 6299.971 41.318439536164654 7514.7891 8369.0043 "" "" "" 2005eq
CMFGEN 1.02 -7.029999999795109 19.730254522729364 3902.8482 4074.2824 91.97295681370383 4074.2824 4485.1333 134.07058113829763 4502.8679 5070.3741 92.30268540376174 5150.1797 5593.544 19.486459542412447 5593.544 5844.7837 164.5149855898414 5844.7837 6323.6171 101.96012448883526 7727.604 8469.5002 "" "" "" 2005eq
CMFGEN 1.4 -7.029999999795109 24.271516315403993 3902.8482 4083.1497 104.50754874598536 4083.1497 4491.0448 160.60282164028746 4502.8679 5082.1972 93.02729590227452 5153.1355 5602.4113 33.70332656687437 5602.4113 5865.4741 160.89827357885795 5865.4741 6332.4844 143.9917385999929 7748.2943 8499.0578 "" "" "" 2005eq
CMFGEN 1.7 -7.029999999795109 15.996554084898293 3902.8482 4056.5478 72.87858181089328 4056.5478 4517.6467 124.69255347017267 4517.6467 5123.5779 80.08132036419416 5150.1797 5590.5882 8.640522846467011 5590.5882 5818.1819 142.5733217012828 5818.1819 6311.7941 80.4022730174617 7689.1791 8448.8099 "" "" "" 2005eq
OBSERVED "" 5.900000000372529 "" "" "" "" "" "" "" "" "" "" "" "" "" "" "" 91.18395129581995 5830.8859 6288.4508 265.6625158722402 7845.4884 8582.8593 "" "" "" 2005eq
CMFGEN 1.04 5.900000000372529 "" "" "" "" "" "" "" "" "" "" "" "" "" "" "" 136.79028469250648 5847.345 6262.1162 180.7223489133723 7884.9904 8546.6491 "" "" "" 2005eq
CMFGEN 1.02 5.900000000372529 "" "" "" "" "" "" "" "" "" "" "" "" "" "" "" 165.51800050502374 5863.8042 6360.8712 256.9934907738142 7868.5313 8645.4042 "" "" "" 2005eq
CMFGEN 1.4 5.900000000372529 "" "" "" "" "" "" "" "" "" "" "" "" "" "" "" 167.13132693147838 5876.9716 6367.4549 281.8579941186728 7855.3639 8658.5715 "" "" "" 2005eq
CMFGEN 1.7 5.900000000372529 "" "" "" "" "" "" "" "" "" "" "" "" "" "" "" 140.21159739068966 5850.6369 6285.159 209.36853960112947 7868.5313 8602.6103 "" "" "" 2005eq
OBSERVED "" 5.919999999925494 21.99347647442801 3914.7903 4074.1369 104.84769626987867 4074.1369 4492.9325 "" "" "" "" "" "" "" "" "" "" "" "" "" "" "" 137.4606522183279 3604.2687 4074.1369 2005eq
CMFGEN 1.04 5.919999999925494 0.24859476495834093 3908.6616 4000.5923 73.36945014718313 3908.6616 4452.0744 "" "" "" "" "" "" "" "" "" "" "" "" "" "" "" 131.12130050337524 3594.0542 3908.6616 2005eq
CMFGEN 1.02 5.919999999925494 31.703316917419002 3908.6616 4129.2954 121.53419469047876 3908.6616 4552.1768 "" "" "" "" "" "" "" "" "" "" "" "" "" "" "" 127.47620626504963 3594.0542 3908.6616 2005eq
CMFGEN 1.4 5.919999999925494 43.44124040675655 3912.7474 4137.467 167.37719518993313 3912.7474 4560.3484 "" "" "" "" "" "" "" "" "" "" "" "" "" "" "" 110.97720013263269 3634.9123 3912.7474 2005eq
CMFGEN 1.7 5.919999999925494 16.543050232116727 3904.5758 4119.0808 85.33496298508035 3904.5758 4527.6619 "" "" "" "" "" "" "" "" "" "" "" "" "" "" "" 117.2479729041184 3628.7836 3904.5758 2005eq
OBSERVED "" 5.890000000130385 20.62803082785333 3958.358 4058.4049 146.78516741926683 3958.358 4526.366 186.1124787926843 4526.366 5204.1029 85.76837151452827 5204.1029 5591.3811 26.498825517797385 5591.3811 5862.4758 88.49573711283288 5862.4758 6301.3911 181.46078506345927 7898.9137 8521.7861 "" "" "" 2005eq
CMFGEN 1.04 5.890000000130385 0.3091335215032945 3909.9482 4000.3131 73.30827939551999 3909.9482 4452.1377 168.84430747218653 4513.4568 5168.6024 67.15284368335529 5168.6024 5613.9723 16.593365473752716 5613.9723 5849.5666 137.0973816871162 5849.5666 6262.6633 180.6098502672644 7882.7771 8544.3774 "" "" "" 2005eq
CMFGEN 1.02 5.890000000130385 31.697572530498057 3909.9482 4129.4059 121.2491203648997 3909.9482 4552.1846 210.62710024627708 4552.1846 5197.6482 75.99917530823372 5197.6482 5607.5177 22.81390671203849 5607.5177 5862.4758 165.388625902623 5862.4758 6359.4828 256.86604211712955 7866.6405 8647.6516 "" "" "" 2005eq
CMFGEN 1.4 5.890000000130385 43.371268206404224 3913.1755 4135.8605 167.0252663116957 3913.1755 4561.8665 240.88274092164048 4561.8665 5217.0122 73.65794654427062 5217.0122 5610.745 30.363521315445567 5610.745 5875.3851 167.11402664819087 5875.3851 6365.9375 281.5642350268853 7856.9586 8660.5608 "" "" "" 2005eq
CMFGEN 1.7 5.890000000130385 16.503586262167424 3903.4936 4119.7239 84.95735028102696 3903.4936 4526.366 182.20030350413674 4526.366 5175.057 73.299931328902 5175.057 5617.1996 17.61332640849458 5617.1996 5852.7939 140.46497813647343 5852.7939 6285.2545 209.24873137138334 7869.8678 8602.4691 "" "" "" 2005eq
OBSERVED "" -1.1699999999254942 16.176312155261996 3913.08025656143 4074.26785507789 106.09528968700342 3913.08025656143 4510.93971287703 127.64765918443402 4510.93971287703 5097.07643475508 86.22242118871085 5182.06625942739 5577.70854669507 24.23163274535672 5577.70854669507 5882.49964207165 89.35782251629388 5882.49964207165 6281.07261294872 "" "" "" "" "" "" 2005hc
CMFGEN 1.04 -1.1699999999254942 0.5899073912840251 3942.38709265534 4018.58486649948 51.2294359926811 3942.38709265534 4493.35561122069 126.43631318463257 4540.24654897094 5129.31395445837 78.50134560234646 5152.75942333349 5598.2233319608 7.479704244140188 5598.2233319608 5800.44050100872 156.18711466431958 5800.44050100872 6289.86466377689 "" "" "" "" "" "" 2005hc
CMFGEN 1.02 -1.1699999999254942 27.16372280232451 3901.35752212387 4103.5746911718 76.0421586538875 4103.5746911718 4513.87039648642 156.86846106687744 4513.87039648642 5108.79916919264 93.79616931231564 5164.48215777105 5621.66880083592 18.46575896423687 5621.66880083592 5847.33143875897 155.72208640381263 5847.33143875897 6336.75560152713 "" "" "" "" "" "" 2005hc
CMFGEN 1.4 -1.1699999999254942 37.95987665436731 3901.35752212387 4109.43605839058 92.60750399624142 4109.43605839058 4522.6624473146 186.99820974409943 4522.6624473146 5117.59122002081 90.67104729400629 5179.135575818 5624.59948444531 28.00590527790076 5624.59948444531 5867.8462240247 157.85768972218892 5867.8462240247 6345.5476523553 "" "" "" "" "" "" 2005hc
CMFGEN 1.7 -1.1699999999254942 13.634798307477396 3901.35752212387 4071.3371714685 54.37463186712347 3901.35752212387 4502.14766204886 131.71839957555818 4502.14766204886 5143.96737250532 94.88737395858969 5152.75942333349 5612.87675000775 10.927890207160942 5612.87675000775 5806.3018682275 136.55276326287964 5806.3018682275 6310.37944904262 "" "" "" "" "" "" 2005hc
OBSERVED "" 0.75 18.429523314391208 3924.54001151333 4056.42598768228 110.00346216541796 4056.42598768228 4507.76910612715 138.8741426687079 4507.76910612715 5105.65219809307 98.55672033534906 5184.78378379444 5603.88810806467 20.333129848930998 5603.88810806467 5835.42126622795 101.14112825133664 5835.42126622795 6336.58797566998 "" "" "" "" "" "" 2005hc
CMFGEN 1.04 0.75 0.32784774708396397 3901.09361574996 4021.25639403723 48.72163686243837 3901.09361574996 4501.9075071863 130.16820718104682 4501.9075071863 5134.96019279728 80.29872177761135 5152.54498961981 5603.88810806467 10.165028720943793 5603.88810806467 5809.04407099416 152.23772453145307 5809.04407099416 6286.76438467281 "" "" "" "" "" "" 2005hc
CMFGEN 1.02 0.75 28.305455274120373 3901.09361574996 4109.18037814986 89.2994115487171 3901.09361574996 4525.35390294967 165.7794653110749 4525.35390294967 5120.30619544518 86.27283271933527 5173.06058591276 5568.71851441962 16.520794497257253 5568.71851441962 5855.9368625209 157.4912894901904 5855.9368625209 6342.44957461082 "" "" "" "" "" "" 2005hc
CMFGEN 1.4 0.75 39.42608229237512 3901.09361574996 4117.97277656113 125.00082130744323 3901.09361574996 4531.21550189052 205.84134058630326 4531.21550189052 5190.64538273529 84.71484476154208 5190.64538273529 5574.58011336046 26.35780365441444 5574.58011336046 5873.52165934343 159.5383545854708 5873.52165934343 6354.1727724925 "" "" "" "" "" "" 2005hc
CMFGEN 1.7 0.75 13.488395567359305 3901.09361574996 4082.80318291607 59.4143924975817 3901.09361574996 4510.69990559757 141.4000952206383 4510.69990559757 5149.61419014939 92.88658480035355 5152.54498961981 5621.4729048872 13.35218835602178 5621.4729048872 5820.76726887584 138.19331559218156 5820.76726887584 6310.21078043618 "" "" "" "" "" "" 2005hc
OBSERVED "" -5.319999999832362 45.62815071440574 3929.091 4106.8899 233.48768223520818 3929.091 4576.7872 216.8279244014252 4576.7872 5129.234 126.40202490204642 5180.0337 5583.2564 98.72256603311 5583.2564 5945.2043 152.59419812436082 5945.2043 6278.5774 457.280983538568 7535.8701 8421.6899 "" "" "" 2005hc
CMFGEN 1.04 -5.319999999832362 4.553619457023535 3919.566 4052.9152 83.17396472518212 4052.9152 4519.6375 124.58482182086473 4519.6375 5107.0091 58.28161042750344 5151.4589 5570.5565 1.6233557269440582 5570.5565 5802.3301 163.1707343547407 5802.3301 6300.8022 52.19494411872457 7500.9453 8399.4651 "" "" "" 2005hc
CMFGEN 1.02 -5.319999999832362 23.357440842490213 3900.5161 4084.6651 86.3712145293324 4084.6651 4494.2377 140.55156475564482 4500.5877 5081.6093 95.59380626858587 5151.4589 5602.3063 18.964707340395375 5602.3063 5853.1298 160.14941915461847 5853.1298 6329.3771 122.89220845728875 7745.4189 8497.8895 "" "" "" 2005hc
CMFGEN 1.4 -5.319999999832362 30.40962232559712 3900.5161 4091.015 99.83829573764126 4091.015 4500.5877 168.61600455920455 4500.5877 5091.1342 94.17513024522154 5160.9838 5608.6562 32.23135528454163 5608.6562 5875.3547 159.72355335907955 5875.3547 6335.727 162.74102189065812 7754.9438 8526.4643 "" "" "" 2005hc
CMFGEN 1.7 -5.319999999832362 16.19308703067787 3900.5161 4065.6152 71.7724152347368 4065.6152 4529.1625 128.9661524426483 4529.1625 5129.234 87.84885134516026 5151.4589 5595.9563 7.418040946705332 5595.9563 5802.3301 138.82402239894424 5802.3301 6310.3272 96.01610736599152 7723.194 8469.3147 "" "" "" 2005hc
OBSERVED "" -5.309999999590218 "" "" "" "" "" "" "" "" "" "" "" "" 200.39184706827456 5584.1204 5878.8195 469.7501664819679 5878.8195 6494.1253 722.1018681100409 7553.0988 8375.6654 "" "" "" 2005hc
CMFGEN 1.04 -5.309999999590218 "" "" "" "" "" "" "" "" "" "" "" "" 1.7275422881886389 5571.1666 5801.0967 163.16932854646655 5801.0967 6299.8182 52.08824510593233 7501.2836 8398.3346 "" "" "" 2005hc
CMFGEN 1.02 -5.309999999590218 "" "" "" "" "" "" "" "" "" "" "" "" 18.999586736088094 5603.5511 5852.9119 160.1097457548974 5852.9119 6328.9642 122.93129777009455 7744.1674 8498.7266 "" "" "" 2005hc
CMFGEN 1.4 -5.309999999590218 "" "" "" "" "" "" "" "" "" "" "" "" 32.278197408185434 5610.028 5875.5811 159.7087584660877 5875.5811 6335.4411 162.45055934687986 7753.8828 8524.6342 "" "" "" 2005hc
CMFGEN 1.7 -5.309999999590218 "" "" "" "" "" "" "" "" "" "" "" "" 7.453397387001837 5597.0742 5801.0967 139.02870224976368 5801.0967 6312.772 95.85856293613652 7721.4983 8469.5805 "" "" "" 2005hc
OBSERVED "" 10.870000000111759 52.31796055178032 3948.3265 4133.9885 211.56532890582088 3948.3265 4602.9041 206.55069782764792 4602.9041 5207.4957 23.45849095168018 5207.4957 5531.214 67.57525318750986 5550.2563 5897.7775 182.24850359852996 5897.7775 6507.1296 "" "" "" "" "" "" 2005iq
