results/equivalent_width/fixed_False.ecsv
# %ECSV 0.9
# ---
# datatype:
# - name: model
#   datatype: string
# - name: version
#   datatype: string
# - name: pW2
#   datatype: float64
# - name: pW2_start
#   datatype: float64
# - name: pW2_end
#   datatype: float64
# - name: pW3
#   datatype: float64
# - name: pW3_start
#   datatype: float64
# - name: pW3_end
#   datatype: float64
# - name: pW4
#   datatype: float64
# - name: pW4_start
#   datatype: float64
# - name: pW4_end
#   datatype: float64
# - name: pW5
#   datatype: float64
# - name: pW5_start
#   datatype: float64
# - name: pW5_end
#   datatype: float64
# - name: pW6
#   datatype: float64
# - name: pW6_start
#   datatype: float64
# - name: pW6_end
#   datatype: float64
# - name: pW7
#   datatype: float64
# - name: pW7_start
#   datatype: float64
# - name: pW7_end
#   datatype: float64
# - name: pW8
#   datatype: float64
# - name: pW8_start
#   datatype: float64
# - name: pW8_end
#   datatype: float64
# - name: obj_id
#   datatype: string
# - name: pW1
#   datatype: float64
# - name: pW1_start
#   datatype: float64
# - name: pW1_end
#   datatype: float64
# schema: astropy-2.0
model version pW2 pW2_start pW2_end pW3 pW3_start pW3_end pW4 pW4_start pW4_end pW5 pW5_start pW5_end pW6 pW6_start pW6_end pW7 pW7_start pW7_end pW8 pW8_start pW8_end obj_id pW1 pW1_start pW1_end
OBSERVED "" 26.49792170657038 3962.0978 4069.4701 304.26295891692905 3962.0978 4603.3489 378.1498623323388 4603.3489 5501.1004 31.88813260266491 5277.4082 5501.1004 54.55725653140502 5551.804 5832.165 250.14626866986845 5832.165 6547.9801 395.2054454775314 7708.1972 8665.6 2004dt "" "" ""
CMFGEN CMFGEN -4.277077886868909 3997.8886 4149.9993 -65.08046838999525 4149.9993 4451.2382 803.4027635831646 4501.9418 5548.8215 160.4994079060781 5199.8616 5653.2112 -2.6981180171070207 5653.2112 5802.3393 251.05058615675853 5802.3393 6598.6837 461.4990196951767 7502.4003 8898.2399 2004dt "" "" ""
CMFGEN CMFGEN 7.267816056304156 3997.8886 4149.9993 -80.00560189710535 4149.9993 4451.2382 772.3289857324334 4501.9418 5548.8215 231.95956237940067 5152.1406 5629.3507 -1.7257896855541333 5629.3507 5802.3393 195.78118582740058 5802.3393 6598.6837 452.6236711992133 7502.4003 8898.2399 2004dt "" "" ""
CMFGEN CMFGEN 18.034540034307724 3997.8886 4149.9993 -97.22083928501303 4149.9993 4451.2382 685.7157024313274 4501.9418 5548.8215 190.3396280103447 5155.1231 5587.5948 50.092760557587894 5587.5948 5999.1885 54.591393748010205 5999.1885 6598.6837 338.05714845950433 7502.4003 8898.2399 2004dt "" "" ""
CMFGEN CMFGEN 11.697688066446517 3997.8886 4149.9993 113.24408073123269 4149.9993 4472.1161 634.5213920459425 4501.9418 5548.8215 40.82300370559801 5298.2861 5662.1589 -5.504079610025144 5662.1589 5802.3393 218.29591067501917 5802.3393 6583.7709 592.9681054857871 7502.4003 8847.5363 2004dt "" "" ""
OBSERVED "" "" "" "" "" "" "" 468.5278524533417 4607.0871 5497.7798 44.1836124399361 5282.7851 5587.1283 91.80400566419382 5587.1283 5930.5616 249.06583456591108 5930.5616 6564.3774 542.7490513511254 7711.9469 8747.8309 2004dt "" "" ""
CMFGEN CMFGEN "" "" "" "" "" "" 803.7262835163567 4500.9858 5548.0384 156.79169344664905 5204.6051 5654.1397 -2.4928717113963614 5654.1397 5802.1231 251.02465347587304 5802.1231 6597.883 461.446998679629 7502.5364 8898.6065 2004dt "" "" ""
CMFGEN CMFGEN "" "" "" "" "" "" 771.5415890460722 4500.9858 5548.0384 230.49724751685346 5154.3466 5629.0104 -1.804647921576418 5629.0104 5802.1231 195.8918229330318 5802.1231 6597.883 452.327092981968 7502.5364 8898.6065 2004dt "" "" ""
CMFGEN CMFGEN "" "" "" "" "" "" 684.7738790650205 4500.9858 5548.0384 190.81952115970654 5154.3466 5587.1283 49.68542466311101 5587.1283 5997.5729 55.01683667621853 5997.5729 6597.883 337.7443659411906 7502.5364 8898.6065 2004dt "" "" ""
CMFGEN CMFGEN "" "" "" "" "" "" 634.0593237473028 4500.9858 5548.0384 41.732495777901136 5299.5379 5662.5161 -5.411550665060702 5662.5161 5802.1231 218.53355092125605 5802.1231 6583.9223 592.692069847395 7502.5364 8845.5558 2004dt "" "" ""
OBSERVED "" -2.973769405956645 3923.3245 4000.8712 301.4245750168981 3923.3245 4618.2617 419.5367767188345 4618.2617 5513.0307 29.067245751291125 5298.2861 5513.0307 36.657065725298935 5551.804 5814.2696 243.46576441655776 5814.2696 6542.015 390.20606288347517 7669.4239 8752.0943 2004dt "" "" ""
CMFGEN CMFGEN -4.277077886868909 3997.8886 4149.9993 -65.08046838999525 4149.9993 4451.2382 803.4027635831646 4501.9418 5548.8215 160.4994079060781 5199.8616 5653.2112 -2.6981180171070207 5653.2112 5802.3393 251.05058615675853 5802.3393 6598.6837 461.4990196951767 7502.4003 8898.2399 2004dt "" "" ""
CMFGEN CMFGEN 7.267816056304156 3997.8886 4149.9993 -80.00560189710535 4149.9993 4451.2382 772.3289857324334 4501.9418 5548.8215 231.95956237940067 5152.1406 5629.3507 -1.7257896855541333 5629.3507 5802.3393 195.78118582740058 5802.3393 6598.6837 452.6236711992133 7502.4003 8898.2399 2004dt "" "" ""
CMFGEN CMFGEN 18.034540034307724 3997.8886 4149.9993 -97.22083928501303 4149.9993 4451.2382 685.7157024313274 4501.9418 5548.8215 190.3396280103447 5155.1231 5587.5948 50.092760557587894 5587.5948 5999.1885 54.591393748010205 5999.1885 6598.6837 338.05714845950433 7502.4003 8898.2399 2004dt "" "" ""
CMFGEN CMFGEN 11.697688066446517 3997.8886 4149.9993 113.24408073123269 4149.9993 4472.1161 634.5213920459425 4501.9418 5548.8215 40.82300370559801 5298.2861 5662.1589 -5.504079610025144 5662.1589 5802.3393 218.29591067501917 5802.3393 6583.7709 592.9681054857871 7502.4003 8847.5363 2004dt "" "" ""
OBSERVED "" 8.271102001273775 3937.0605 4002.7923 313.64484035582234 3937.0605 4623.1361 364.3829697765077 4623.1361 5514.6236 10.573643583329897 5296.887 5514.6236 99.76680564544864 5551.5977 5818.6331 215.68939616462967 5818.6331 6475.9511 "" "" "" 2004dt "" "" ""
CMFGEN CMFGEN -4.0595706669311085 3998.6841 4146.5806 -64.45588155342898 4146.5806 4450.5902 800.5528311396104 4503.9973 5547.4895 161.15967814680153 5198.2893 5654.3036 -2.473323055627361 5654.3036 5802.2002 251.2849534705838 5802.2002 6599.1982 "" "" "" 2004dt "" "" ""
CMFGEN CMFGEN 6.9926658486970155 3998.6841 4146.5806 -80.08181205588477 4146.5806 4450.5902 767.6531257363496 4503.9973 5547.4895 231.14288024634473 5153.0987 5629.6542 -1.666912840722432 5629.6542 5802.2002 195.92931791581668 5802.2002 6599.1982 "" "" "" 2004dt "" "" ""
CMFGEN CMFGEN 17.008426172081954 3998.6841 4146.5806 -98.46009024974512 4146.5806 4450.5902 680.6470748022227 4503.9973 5547.4895 185.0975588583759 5161.3152 5588.5719 50.179464127953 5588.5719 5999.3956 54.51161194208896 5999.3956 6599.1982 "" "" "" 2004dt "" "" ""
CMFGEN CMFGEN 11.316940253878414 3998.6841 4146.5806 115.79667332110279 4146.5806 4471.1314 629.2388755036276 4503.9973 5547.4895 39.8238248879735 5296.887 5662.5201 -5.393849623262895 5662.5201 5802.2002 218.4823813476453 5802.2002 6582.7652 "" "" "" 2004dt "" "" ""
OBSERVED "" 4.787144106313228 3982.9758 4021.7491 206.17038356588318 3982.9758 4636.1571 209.17902228735335 4636.1571 5313.199 13.396942450146838 5295.3036 5507.0656 87.57985164236408 5560.7517 5826.1998 173.67454705705381 5826.1998 6452.5381 434.59207847598066 7642.5808 8599.9836 2004dt "" "" ""
CMFGEN CMFGEN -4.277077886868909 3997.8886 4149.9993 -65.08046838999525 4149.9993 4451.2382 803.4027635831646 4501.9418 5548.8215 160.4994079060781 5199.8616 5653.2112 -2.6981180171070207 5653.2112 5802.3393 251.05058615675853 5802.3393 6598.6837 461.4990196951767 7502.4003 8898.2399 2004dt "" "" ""
CMFGEN CMFGEN 7.267816056304156 3997.8886 4149.9993 -80.00560189710535 4149.9993 4451.2382 772.3289857324334 4501.9418 5548.8215 231.95956237940067 5152.1406 5629.3507 -1.7257896855541333 5629.3507 5802.3393 195.78118582740058 5802.3393 6598.6837 452.6236711992133 7502.4003 8898.2399 2004dt "" "" ""
CMFGEN CMFGEN 18.034540034307724 3997.8886 4149.9993 -97.22083928501303 4149.9993 4451.2382 685.7157024313274 4501.9418 5548.8215 190.3396280103447 5155.1231 5587.5948 50.092760557587894 5587.5948 5999.1885 54.591393748010205 5999.1885 6598.6837 338.05714845950433 7502.4003 8898.2399 2004dt "" "" ""
CMFGEN CMFGEN 11.697688066446517 3997.8886 4149.9993 113.24408073123269 4149.9993 4472.1161 634.5213920459425 4501.9418 5548.8215 40.82300370559801 5298.2861 5662.1589 -5.504079610025144 5662.1589 5802.3393 218.29591067501917 5802.3393 6583.7709 592.9681054857871 7502.4003 8847.5363 2004dt "" "" ""
OBSERVED "" 52.225438367924625 3917.0316 4073.6855 184.80783257869825 3917.0316 4454.4748 205.25239219537804 4526.7766 5066.6299 102.15214197976803 5163.0322 5606.4831 41.9588278788157 5606.4831 5833.0287 196.28587634612143 5833.0287 6356.0115 "" "" "" 2004ef "" "" ""
CMFGEN CMFGEN 4.440892098500626e-16 3998.9737 4001.3837 463.70059098803574 3998.9737 4695.4808 112.163523884357 4695.4808 5052.1695 28.70395934354289 5235.334 5500.4405 150.6567305526197 5551.0518 5936.6612 273.04748724236396 5936.6612 6517.4855 "" "" "" 2004ef "" "" ""
CMFGEN CMFGEN -0.0014464565850893507 3996.5636 4001.3837 450.3620298780445 3996.5636 4688.2506 236.44324204867036 4688.2506 5230.5139 35.98772320807748 5230.5139 5500.4405 172.36696274053355 5551.0518 5873.9997 229.66820351074875 5873.9997 6515.0754 "" "" "" 2004ef "" "" ""
CMFGEN CMFGEN 0.15809778890356085 3998.9737 4035.1245 388.5232144363146 4035.1245 4681.0204 241.99554092681217 4681.0204 5225.6938 35.5503632653425 5225.6938 5500.4405 172.74570482355026 5551.0518 5873.9997 212.32326947167167 5873.9997 6512.6654 "" "" "" 2004ef "" "" ""
CMFGEN CMFGEN -0.002968437580244121 3994.1535 4001.3837 494.4193119475581 3994.1535 4683.4305 120.4932328116966 4683.4305 5052.1695 43.70656501147835 5249.7944 5500.4405 176.94155222525677 5551.0518 5886.05 311.2281991337624 5886.05 6551.2263 "" "" "" 2004ef "" "" ""
OBSERVED "" 24.247407698413525 3925.0612 4073.0028 128.44461076845369 3925.0612 4454.9334 193.88762265487736 4504.7505 5067.8341 93.54462873975433 5167.4681 5629.408 30.19098342483852 5629.408 5840.7531 173.8206200213922 5840.7531 6301.1833 "" "" "" 2004ef "" "" ""
CMFGEN CMFGEN 0.0 3999.032 4000.5416 463.79752927600913 3999.032 4694.961 112.04736514051558 4694.961 5051.2284 29.429777995281455 5235.4005 5501.0914 150.59408479444699 5550.9084 5937.3679 273.15911673900774 5937.3679 6518.5668 "" "" "" 2004ef "" "" ""
CMFGEN CMFGEN -0.0003453375428250638 3997.5224 4000.5416 449.9156453769216 3997.5224 4687.413 236.35462068701065 4687.413 5230.8717 36.78520766037229 5230.8717 5501.0914 172.79787499041242 5550.9084 5872.4548 229.48473172007573 5872.4548 6514.038 "" "" "" 2004ef "" "" ""
CMFGEN CMFGEN 0.1500892532259286 3999.032 4035.2626 387.93454221934087 4035.2626 4682.8842 242.51835655533165 4682.8842 5226.3428 36.41846130896295 5226.3428 5501.0914 173.08284606804892 5550.9084 5872.4548 212.2201415628013 5872.4548 6512.5284 "" "" "" 2004ef "" "" ""
CMFGEN CMFGEN -0.00274627285763529 3992.9936 4000.5416 495.09908846703195 3992.9936 4682.8842 120.57555964126249 4682.8842 5051.2284 45.00273060312432 5250.4966 5501.0914 177.08564447870603 5550.9084 5886.0413 311.29174645683725 5886.0413 6551.7782 "" "" "" 2004ef "" "" ""
OBSERVED "" 21.884435761230066 3902.3372 4065.0538 127.51144654422944 3902.3372 4471.8452 197.53197118970093 4512.5243 5057.6248 94.14378057188463 5155.2547 5655.6082 32.075931151491034 5655.6082 5842.7322 166.0083182479808 5842.7322 6273.9311 "" "" "" 2004ef "" "" ""
CMFGEN CMFGEN 0.0 3999.9672 4004.0351 463.16946660646454 3999.9672 4695.5805 112.16969386236752 4695.5805 5053.5569 30.175429674717094 5236.613 5501.0274 147.57281572435605 5553.9103 5936.2942 273.06274023426954 5936.2942 6518.0059 "" "" "" 2004ef "" "" ""
CMFGEN CMFGEN -0.00933771022319263 3995.8992 4004.0351 450.9697548131907 3995.8992 4687.4446 235.61197743825198 4687.4446 5228.4772 35.123563715109896 5228.4772 5501.0274 170.27336542803772 5553.9103 5871.2076 229.2937766898873 5871.2076 6513.938 "" "" "" 2004ef "" "" ""
CMFGEN CMFGEN 0.06784240215012005 3999.9672 4036.5784 386.86631181207326 4036.5784 4683.3767 242.08500624002073 4683.3767 5224.4093 35.2184400433548 5224.4093 5501.0274 169.97405268240414 5553.9103 5875.2755 212.1307911290089 5875.2755 6509.8701 "" "" "" 2004ef "" "" ""
CMFGEN CMFGEN -0.02591588265496192 3991.8313 4004.0351 495.55297876655277 3991.8313 4683.3767 120.16046300548655 4683.3767 5053.5569 46.13940250001167 5252.8847 5501.0274 173.78327718954745 5553.9103 5887.4793 311.24786198982486 5887.4793 6550.5492 "" "" "" 2004ef "" "" ""
OBSERVED "" 29.774613564711814 3926.5635 4075.9914 147.58312221858012 3926.5635 4500.125 197.27287948254155 4500.125 5096.327 119.65770757808701 5170.2862 5675.9259 34.96978043459845 5675.9259 5858.5599 166.4543185653322 5858.5599 6290.2403 "" "" "" 2004ef "" "" ""
CMFGEN CMFGEN -4.440892098500626e-16 3999.0134 4000.5228 463.8352367881357 3999.0134 4694.834 112.01689040471103 4694.834 5051.0458 29.01386867252313 5235.1892 5500.8387 150.99120794868136 5550.648 5937.0472 273.1217870657922 5937.0472 6518.1555 "" "" "" 2004ef "" "" ""
CMFGEN CMFGEN -0.00034094795821681956 3997.504 4000.5228 449.5886278533426 3997.504 4688.7965 236.5848360000042 4688.7965 5230.6611 36.433263269967085 5230.6611 5500.8387 172.80986211661371 5550.648 5873.6536 229.53431221466292 5873.6536 6513.6274 "" "" "" 2004ef "" "" ""
CMFGEN CMFGEN 0.1517560738097643 3999.0134 4035.2383 387.9909265041651 4035.2383 4682.759 242.4501469957687 4682.759 5226.133 36.111797541307965 5226.133 5500.8387 173.16477683698758 5550.648 5873.6536 212.27678672808582 5873.6536 6512.118 "" "" "" 2004ef "" "" ""
CMFGEN CMFGEN -0.0027435683558474366 3992.9759 4000.5228 495.12932204187643 3992.9759 4682.759 120.58392425877366 4682.759 5051.0458 44.56727934840404 5250.2829 5500.8387 177.4270831931015 5550.648 5885.7286 311.2186901322158 5885.7286 6551.3617 "" "" "" 2004ef "" "" ""
OBSERVED "" 29.95717277657755 3915.884 4089.9337 135.3022007981137 3915.884 4502.933 178.54515526350684 4502.933 5098.8321 100.99635775093776 5196.1819 5615.0813 34.159659226986946 5615.0813 5913.0308 143.58094970577662 5913.0308 6326.0301 355.8514339984327 7824.6277 8650.6264 2004ef "" "" ""
CMFGEN CMFGEN -4.440892098500626e-16 3998.4839 4001.4339 464.1273856778017 3998.4839 4694.6827 111.97068536854559 4694.6827 5051.6322 27.682072168148608 5234.5319 5500.0315 151.62421697295872 5550.1814 5936.6308 273.0713241789013 5936.6308 6517.7798 489.2562343422826 7862.9777 8898.426 2004ef "" "" ""
CMFGEN CMFGEN -1.3322676295501878e-15 3998.4839 4001.4339 448.9304404635578 3998.4839 4688.7827 236.84346541600314 4688.7827 5231.5819 36.28636100482697 5231.5819 5500.0315 173.55936533624407 5550.1814 5871.7309 229.4435325325344 5871.7309 6514.8298 590.1516234095915 7851.1777 8898.426 2004ef "" "" ""
CMFGEN CMFGEN 0.10419557769409948 3998.4839 4036.8338 386.85715176071903 4036.8338 4682.8828 242.35081597411397 4682.8828 5225.6819 35.23248329111385 5225.6819 5500.0315 173.42902325470385 5550.1814 5874.6809 212.28706988697633 5874.6809 6511.8798 580.1618987255357 7854.1277 8898.426 2004ef "" "" ""
CMFGEN CMFGEN -0.006060869448434758 3992.5839 4001.4339 495.2930208014317 3992.5839 4682.8828 120.48432775524742 4682.8828 5051.6322 44.83304334241541 5252.2319 5500.0315 177.61803008135763 5550.1814 5886.4808 311.088998154187 5886.4808 6550.2298 648.6056277559394 7862.9777 8871.8761 2004ef "" "" ""
OBSERVED "" "" "" "" "" "" "" 228.9573317527662 4529.1639 5200.2452 157.11763151582682 5200.2452 5680.7725 94.70937738836128 5680.7725 5943.1294 174.53555379569397 5943.1294 6269.0043 518.1631025651918 7779.6277 8726.8742 2004ef "" "" ""
CMFGEN CMFGEN "" "" "" "" "" "" 112.0234918120018 4694.8629 5051.116 30.126562680403538 5236.1466 5501.2652 150.4334874659989 5550.9749 5937.6061 273.089762534961 5937.6061 6517.5529 489.18521285543693 7859.7156 8898.0966 2004ef "" "" ""
CMFGEN CMFGEN "" "" "" "" "" "" 236.0816755591095 4686.578 5230.6233 36.76587389937731 5230.6233 5501.2652 172.41677957885625 5550.9749 5874.0881 229.649898428735 5874.0881 6514.7913 589.8911472023417 7851.4306 8898.0966 2004ef "" "" ""
CMFGEN CMFGEN "" "" "" "" "" "" 241.84295726055632 4681.0547 5225.1 35.81350126138736 5225.1 5501.2652 172.79947522972913 5550.9749 5874.0881 212.27992437124533 5874.0881 6512.0296 579.8526494918863 7854.1923 8898.0966 2004ef "" "" ""
CMFGEN CMFGEN "" "" "" "" "" "" 120.82699683626097 4683.8163 5051.116 44.714031069335874 5249.9549 5501.2652 177.2879616662864 5550.9749 5885.1348 311.05684296303644 5885.1348 6550.6928 648.5556068820246 7862.4772 8873.2417 2004ef "" "" ""
OBSERVED "" 38.400757857213904 3909.984 4122.3837 178.90342469585806 3909.984 4526.533 213.02896011399883 4526.533 5187.332 97.20664648984621 5187.332 5653.4312 32.111074416408144 5653.4312 5851.0809 147.52046078145497 5851.0809 6317.1801 371.0473379452044 7730.2279 8579.8265 2004ef "" "" ""
CMFGEN CMFGEN -4.440892098500626e-16 3998.4839 4001.4339 464.1273856778017 3998.4839 4694.6827 111.97068536854559 4694.6827 5051.6322 27.682072168148608 5234.5319 5500.0315 151.62421697295872 5550.1814 5936.6308 273.0713241789013 5936.6308 6517.7798 489.2562343422826 7862.9777 8898.426 2004ef "" "" ""
CMFGEN CMFGEN -1.3322676295501878e-15 3998.4839 4001.4339 448.9304404635578 3998.4839 4688.7827 236.84346541600314 4688.7827 5231.5819 36.28636100482697 5231.5819 5500.0315 173.55936533624407 5550.1814 5871.7309 229.4435325325344 5871.7309 6514.8298 590.1516234095915 7851.1777 8898.426 2004ef "" "" ""
