results/equivalent_width/fixed_True.ecsv
# %ECSV 0.9
# ---
# datatype:
# - name: model
#   datatype: string
# - name: version
#   datatype: string
# - name: phase
#   datatype: float64
# - name: pW2
#   datatype: float64
# - name: pW2_start
#   datatype: float64
# - name: pW2_end
#   datatype: float64
# - name: pW3
#   datatype: float64
# - name: pW3_start
#   datatype: float64
# - name: pW3_end
#   datatype: float64
# - name: pW4
#   datatype: float64
# - name: pW4_start
#   datatype: float64
# - name: pW4_end
#   datatype: float64
# - name: pW5
#   datatype: float64
# - name: pW5_start
#   datatype: float64
# - name: pW5_end
#   datatype: float64
# - name: pW6
#   datatype: float64
# - name: pW6_start
#   datatype: float64
# - name: pW6_end
#   datatype: float64
# - name: pW7
#   datatype: float64
# - name: pW7_start
#   datatype: float64
# - name: pW7_end
#   datatype: float64
# - name: pW8
#   datatype: float64
# - name: pW8_start
#   datatype: float64
# - name: pW8_end
#   datatype: float64
# - name: pW1
#   datatype: float64
# - name: pW1_start
#   datatype: float64
# - name: pW1_end
#   datatype: float64
# - name: obj_id
#   datatype: string
# schema: astropy-2.0
model version phase pW2 pW2_start pW2_end pW3 pW3_start pW3_end pW4 pW4_start pW4_end pW5 pW5_start pW5_end pW6 pW6_start pW6_end pW7 pW7_start pW7_end pW8 pW8_start pW8_end pW1 pW1_start pW1_end obj_id
[from data line 1351]
CMFGEN 1.04 41.09999999962747 -0.2511735634356784 3974.5801 4002.8321 255.77860447641467 3974.5801 4639.6789 197.79642217949976 4639.6789 5524.9077 23.40691152828913 5298.8919 5524.9077 121.0198477825109 5555.514 5821.5535 115.2521677159043 5821.5535 6486.6523 272.22478793509026 7676.2573 8622.4572 "" "" "" 2007on
CMFGEN 1.02 41.09999999962747 -0.38404894717501514 3974.5801 4002.8321 278.34660112628166 3974.5801 4639.6789 252.80957635145415 4639.6789 5524.9077 3.524669568709793 5298.8919 5524.9077 99.16860073739134 5555.514 5821.5535 139.40826623340362 5821.5535 6486.6523 463.0906817821708 7676.2573 8622.4572 "" "" "" 2007on
CMFGEN 1.4 41.09999999962747 -0.2960437234592214 3974.5801 4002.8321 293.52033937182216 3974.5801 4639.6789 308.8514208923594 4639.6789 5524.9077 4.983092150676401 5298.8919 5524.9077 83.61773495530032 5555.514 5821.5535 169.82772695748758 5821.5535 6486.6523 473.57332474621535 7676.2573 8622.4572 "" "" "" 2007on
CMFGEN 1.7 41.09999999962747 -0.21810476162121198 3974.5801 4002.8321 266.097065971497 3974.5801 4639.6789 141.21666567457237 4639.6789 5524.9077 24.95149649359041 5298.8919 5524.9077 138.3113002005355 5555.514 5821.5535 43.598410399173076 5821.5535 6486.6523 196.79658770742773 7676.2573 8622.4572 "" "" "" 2007on
OBSERVED "" 47.95999999996275 -0.053918903731793526 3975.4943 4000.0868 281.563439340307 3975.4943 4636.7597 327.89433268862985 4636.7597 5505.6952 16.229974167049125 5298.0251 5505.6952 92.32664239440237 5552.1477 5833.5954 "" "" "" "" "" "" 115.334402520695 3707.7092 3975.4943 2007on
CMFGEN 1.04 47.95999999996275 -0.17593539817304032 3975.4943 4000.0868 279.0992918094727 3975.4943 4636.7597 179.69014401542046 4636.7597 5505.6952 14.340841213283541 5298.0251 5505.6952 133.17845341628635 5552.1477 5833.5954 "" "" "" "" "" "" 106.52993094409943 3707.7092 3975.4943 2007on
CMFGEN 1.02 47.95999999996275 -0.22774666896815834 3975.4943 4000.0868 288.1374483111601 3975.4943 4636.7597 247.94130781927157 4636.7597 5505.6952 -0.23031101924272843 5298.0251 5505.6952 112.55758294456749 5552.1477 5833.5954 "" "" "" "" "" "" 99.41352403346063 3707.7092 3975.4943 2007on
CMFGEN 1.4 47.95999999996275 -0.1681202252217178 3975.4943 4000.0868 301.2467146606032 3975.4943 4636.7597 300.0599439424599 4636.7597 5505.6952 1.8641152812839958 5298.0251 5505.6952 97.59689571385196 5552.1477 5833.5954 "" "" "" "" "" "" 96.58978163319289 3707.7092 3975.4943 2007on
CMFGEN 1.7 47.95999999996275 -0.14765915755481462 3975.4943 4000.0868 291.4355014363281 3975.4943 4636.7597 152.08804051983148 4636.7597 5505.6952 20.074766114181983 5298.0251 5505.6952 152.41973822062587 5552.1477 5833.5954 "" "" "" "" "" "" 110.37415607851413 3707.7092 3975.4943 2007on
OBSERVED "" 47.96999999973923 "" "" "" "" "" "" "" "" "" "" "" "" 91.89317122382378 5556.2834 5822.818 194.7244438900056 5822.818 6491.1435 558.5878768082384 7545.3476 8659.2235 "" "" "" 2007on
CMFGEN 1.04 47.96999999973923 "" "" "" "" "" "" "" "" "" "" "" "" 127.34467948143674 5556.2834 5822.818 122.27755480137455 5822.818 6491.1435 289.1537939996824 7545.3476 8659.2235 "" "" "" 2007on
CMFGEN 1.02 47.96999999973923 "" "" "" "" "" "" "" "" "" "" "" "" 107.4192590040862 5556.2834 5822.818 126.78520364230079 5822.818 6491.1435 467.39280431945105 7545.3476 8659.2235 "" "" "" 2007on
CMFGEN 1.4 47.96999999973923 "" "" "" "" "" "" "" "" "" "" "" "" 92.82050876673064 5556.2834 5822.818 150.6343314610477 5822.818 6491.1435 470.5243530967408 7545.3476 8659.2235 "" "" "" 2007on
CMFGEN 1.7 47.96999999973923 "" "" "" "" "" "" "" "" "" "" "" "" 143.55630841276295 5556.2834 5822.818 54.598526378015826 5822.818 6491.1435 258.5094101798172 7545.3476 8659.2235 "" "" "" 2007on
OBSERVED "" 49.89999999990687 "" "" "" "" "" "" 321.8332861259298 4648.1227 5503.6577 20.041752882595446 5298.8113 5503.6577 98.2665382172505 5551.8568 5832.0144 206.31063354400158 5832.0144 6476.6781 497.8802886228109 7663.5823 8708.9014 "" "" "" 2007on
CMFGEN 1.04 49.89999999990687 "" "" "" "" "" "" 191.41907927524477 4648.1227 5503.6577 13.692567136318434 5298.8113 5503.6577 134.8480490951044 5551.8568 5832.0144 136.23261198693274 5832.0144 6476.6781 293.04524423154817 7663.5823 8708.9014 "" "" "" 2007on
CMFGEN 1.02 49.89999999990687 "" "" "" "" "" "" 245.77051766960042 4648.1227 5503.6577 -0.23804231310908264 5298.8113 5503.6577 114.65117373417908 5551.8568 5832.0144 135.25618507417704 5832.0144 6476.6781 480.09623391038446 7663.5823 8708.9014 "" "" "" 2007on
CMFGEN 1.4 49.89999999990687 "" "" "" "" "" "" 295.5589350868349 4648.1227 5503.6577 1.285775648985077 5298.8113 5503.6577 99.85997074979248 5551.8568 5832.0144 155.4281658273668 5832.0144 6476.6781 495.0685070234597 7663.5823 8708.9014 "" "" "" 2007on
CMFGEN 1.7 49.89999999990687 "" "" "" "" "" "" 159.11232315367874 4648.1227 5503.6577 20.558480760237522 5298.8113 5503.6577 153.11883594738794 5551.8568 5832.0144 85.12152282027282 5832.0144 6476.6781 208.46655710089235 7663.5823 8708.9014 "" "" "" 2007on
OBSERVED "" 54.89999999990687 0.36068100314045654 3981.0194 4008.1189 283.01348912358844 3981.0194 4643.4528 314.21883320155314 4643.4528 5495.583 10.22099144986007 5296.8529 5507.6272 101.99568794315817 5558.8152 5832.8218 195.65261490008385 5832.8218 6477.1888 473.05044565463186 7657.5246 8651.1746 122.99777244360848 3694.9686 3981.0194 2007on
CMFGEN 1.04 54.89999999990687 -0.2134010598105755 3981.0194 4008.1189 301.0320695178035 3981.0194 4643.4528 181.08792666926917 4643.4528 5495.583 18.049952770856052 5296.8529 5507.6272 134.85778352396994 5558.8152 5832.8218 139.860587556292 5832.8218 6477.1888 216.14390010568093 7657.5246 8651.1746 116.57557848253299 3694.9686 3981.0194 2007on
CMFGEN 1.02 54.89999999990687 -0.2791794001203853 3981.0194 4008.1189 294.5011978522205 3981.0194 4643.4528 242.8926474603801 4643.4528 5495.583 2.988486651993595 5296.8529 5507.6272 115.99816981986415 5558.8152 5832.8218 130.8924224696596 5832.8218 6477.1888 447.7175123661256 7657.5246 8651.1746 95.27057119850457 3694.9686 3981.0194 2007on
CMFGEN 1.4 54.89999999990687 -0.2199339255479223 3981.0194 4008.1189 303.6005443353923 3981.0194 4643.4528 290.55687807583456 4643.4528 5495.583 1.4442822038304057 5296.8529 5507.6272 102.19565306320249 5558.8152 5832.8218 145.17984182305622 5832.8218 6477.1888 472.24041153451003 7657.5246 8651.1746 89.98904585248474 3694.9686 3981.0194 2007on
CMFGEN 1.7 54.89999999990687 -0.1732457385680302 3981.0194 4008.1189 312.51860682812344 3981.0194 4643.4528 166.7373443221844 4643.4528 5495.583 26.52191129246652 5296.8529 5507.6272 151.18961841576382 5558.8152 5832.8218 92.3798803139922 5832.8218 6477.1888 130.31364695285208 7657.5246 8651.1746 115.74176278865097 3694.9686 3981.0194 2007on
OBSERVED "" 71.93999999994412 "" "" "" "" "" "" "" "" "" "" "" "" 119.47259377487227 5553.3983 5843.0828 176.05317248471812 5843.0828 6474.0396 400.2097878695747 7549.4439 8628.8164 "" "" "" 2007on
CMFGEN 1.04 71.93999999994412 "" "" "" "" "" "" "" "" "" "" "" "" 153.08780540135206 5553.3983 5843.0828 160.69743223638443 5843.0828 6474.0396 99.51584555425379 7549.4439 8628.8164 "" "" "" 2007on
CMFGEN 1.02 71.93999999994412 "" "" "" "" "" "" "" "" "" "" "" "" 136.67350957287863 5553.3983 5843.0828 134.8994673797979 5843.0828 6474.0396 355.46987609749 7549.4439 8628.8164 "" "" "" 2007on
CMFGEN 1.4 71.93999999994412 "" "" "" "" "" "" "" "" "" "" "" "" 123.96435087502948 5553.3983 5843.0828 132.76585548473585 5843.0828 6474.0396 389.98966152152065 7549.4439 8628.8164 "" "" "" 2007on
CMFGEN 1.7 71.93999999994412 "" "" "" "" "" "" "" "" "" "" "" "" 167.22087339012378 5553.3983 5843.0828 141.52409734521876 5843.0828 6474.0396 121.08050765837609 7549.4439 8628.8164 "" "" "" 2007on
OBSERVED "" 71.92999999970198 -0.026929332971098414 3989.1568 4000.0868 274.4974152712799 3989.1568 4639.4922 251.82891106991445 4639.4922 5339.0126 -0.06592016600967682 5292.5601 5502.9627 123.22974679491786 5552.1477 5841.7929 "" "" "" "" "" "" 122.24885451828204 3713.1742 3989.1568 2007on
CMFGEN 1.04 71.92999999970198 -0.01702921007957476 3989.1568 4000.0868 341.06988976597313 3989.1568 4639.4922 213.9363699383622 4639.4922 5339.0126 21.16607448591076 5292.5601 5502.9627 153.63251570722096 5552.1477 5841.7929 "" "" "" "" "" "" 107.84045222590032 3713.1742 3989.1568 2007on
CMFGEN 1.02 71.92999999970198 -0.01307418643532671 3989.1568 4000.0868 318.0311138239175 3989.1568 4639.4922 266.85763283617496 4639.4922 5339.0126 8.282724668616433 5292.5601 5502.9627 137.11895105433217 5552.1477 5841.7929 "" "" "" "" "" "" 103.33288228878659 3713.1742 3989.1568 2007on
CMFGEN 1.4 71.92999999970198 -0.0036508304932267263 3989.1568 4000.0868 311.49505406919354 3989.1568 4639.4922 298.00965089763633 4639.4922 5339.0126 0.5662906993026633 5292.5601 5502.9627 124.29778603987089 5552.1477 5841.7929 "" "" "" "" "" "" 96.20143126292838 3713.1742 3989.1568 2007on
CMFGEN 1.7 71.92999999970198 -0.0073543262579338665 3989.1568 4000.0868 360.0752679663865 3989.1568 4639.4922 232.5805427648772 4639.4922 5339.0126 37.70754875620653 5292.5601 5502.9627 167.65156757881448 5552.1477 5841.7929 "" "" "" "" "" "" 114.446336819096 3713.1742 3989.1568 2007on
OBSERVED "" 76.97999999998137 0.9574543214588733 3975.1303 4008.2511 279.94466675268643 3975.1303 4622.4913 259.20926635328817 4622.4913 5336.0939 5.285886039631414 5296.9511 5510.7308 124.20431442778577 5555.8955 5820.8618 191.51940289414847 5820.8618 6450.1569 559.209163915112 7699.7141 8780.6564 132.05045837611814 3728.2299 3975.1303 2007on
CMFGEN 1.04 76.97999999998137 -0.46282099344719735 3975.1303 4008.2511 349.4788418877929 3975.1303 4622.4913 190.5552423558154 4622.4913 5336.0939 29.534245756209884 5296.9511 5510.7308 143.2093757190824 5555.8955 5820.8618 68.2771109865682 5820.8618 6450.1569 331.2229794579507 7699.7141 8780.6564 104.71692616723556 3728.2299 3975.1303 2007on
CMFGEN 1.02 76.97999999998137 -0.39122820620523685 3975.1303 4008.2511 327.145289353669 3975.1303 4622.4913 243.169614968593 4622.4913 5336.0939 16.36629108808947 5296.9511 5510.7308 127.88923275377365 5555.8955 5820.8618 54.4109681069058 5820.8618 6450.1569 504.7941866443579 7699.7141 8780.6564 105.84704149741565 3728.2299 3975.1303 2007on
CMFGEN 1.4 76.97999999998137 -0.16915593617636349 3975.1303 4008.2511 316.0744281091289 3975.1303 4622.4913 276.349817912842 4622.4913 5336.0939 7.164171074662855 5296.9511 5510.7308 115.8512850424434 5555.8955 5820.8618 60.79031206084453 5820.8618 6450.1569 512.3646353104983 7699.7141 8780.6564 103.48429595337875 3728.2299 3975.1303 2007on
CMFGEN 1.7 76.97999999998137 -0.3130704761990775 3975.1303 4008.2511 367.36629689501194 3975.1303 4622.4913 199.23654318678945 4622.4913 5336.0939 47.24679245398489 5296.9511 5510.7308 153.4070779220772 5555.8955 5820.8618 13.255086521553906 5820.8618 6450.1569 294.1066765392068 7699.7141 8780.6564 111.969621385815 3728.2299 3975.1303 2007on
OBSERVED "" 88.92999999970198 "" "" "" "" "" "" 262.9170151365354 4647.2688 5326.9467 5.175636251003167 5297.252 5501.8153 129.34272866632483 5551.3064 5864.7501 218.4918214978539 5864.7501 6498.2364 391.1699623028069 7854.2929 8672.546 "" "" "" 2007on
CMFGEN 1.04 88.92999999970198 "" "" "" "" "" "" 217.60354408435032 4647.2688 5326.9467 27.958938410950292 5297.252 5501.8153 165.88123518996224 5551.3064 5864.7501 212.6011069416416 5864.7501 6498.2364 435.8261626945667 7854.2929 8672.546 "" "" "" 2007on
CMFGEN 1.02 88.92999999970198 "" "" "" "" "" "" 251.86063676686507 4647.2688 5326.9467 16.59791916974966 5297.252 5501.8153 153.78109099737708 5551.3064 5864.7501 174.5687320713971 5864.7501 6498.2364 497.2072197436926 7854.2929 8672.546 "" "" "" 2007on
CMFGEN 1.4 88.92999999970198 "" "" "" "" "" "" 282.43831334567085 4647.2688 5326.9467 7.272008637857471 5297.252 5501.8153 142.85471954951618 5551.3064 5864.7501 158.28237150969787 5864.7501 6498.2364 492.1027152196506 7854.2929 8672.546 "" "" "" 2007on
CMFGEN 1.7 88.92999999970198 "" "" "" "" "" "" 236.6410834985106 4647.2688 5326.9467 47.50767243249409 5297.252 5501.8153 180.05987060830742 5551.3064 5864.7501 233.39415917146349 5864.7501 6498.2364 421.3276169628 7854.2929 8672.546 "" "" "" 2007on
OBSERVED "" 100.89999999990687 1.5823688511749907 3985.5595 4017.9445 232.29025389830826 3985.5595 4627.187 247.32203601375352 4627.187 5303.2235 0.8004427300382524 5293.1032 5501.5815 132.2916844405933 5556.2312 5841.6239 216.07581445750952 5841.6239 6499.4438 454.0853178801573 7857.5891 8865.5717 "" "" "" 2007on
CMFGEN 1.04 100.89999999990687 -0.4792252288283848 3985.5595 4017.9445 389.8832274648498 3985.5595 4627.187 193.26812282933594 4627.187 5303.2235 32.823809373206885 5293.1032 5501.5815 165.61400597421323 5556.2312 5841.6239 189.45554301917343 5841.6239 6499.4438 480.76609265644987 7857.5891 8865.5717 "" "" "" 2007on
CMFGEN 1.02 100.89999999990687 -0.2846987214622824 3985.5595 4017.9445 362.2909296078353 3985.5595 4627.187 221.10326649266818 4627.187 5303.2235 20.81116131481146 5293.1032 5501.5815 154.85032712048817 5556.2312 5841.6239 145.02559345402167 5841.6239 6499.4438 539.2702473864111 7857.5891 8865.5717 "" "" "" 2007on
CMFGEN 1.4 100.89999999990687 -0.018937400418654618 3985.5595 4017.9445 334.97984930805626 3985.5595 4627.187 243.95989664509648 4627.187 5303.2235 10.929783081841265 5293.1032 5501.5815 144.3342214191913 5556.2312 5841.6239 127.33309307707646 5841.6239 6499.4438 518.92870735875 7857.5891 8865.5717 "" "" "" 2007on
CMFGEN 1.7 100.89999999990687 -0.3379894038035461 3985.5595 4017.9445 408.62609356385235 3985.5595 4627.187 209.42762061050786 4627.187 5303.2235 52.41667364875748 5293.1032 5501.5815 168.57545979785826 5556.2312 5841.6239 181.82722230352704 5841.6239 6499.4438 559.8414258705858 7857.5891 8865.5717 "" "" "" 2007on
OBSERVED "" 1.6899999999441206 0.021527714437488042 3995.51712372354 4000.03902860094 171.25631878163023 3995.51712372354 4608.98888542365 162.3102198519452 4608.98888542365 5302.34763329109 78.76557682388194 5299.33303003949 5662.59272185699 55.747109518364184 5662.59272185699 5986.4113544661 134.60470945482112 5986.4113544661 6450.15782133686 274.4106218416947 7964.99595526463 8778.68761625834 96.25354064387778 3716.41510601314 3995.51712372354 2008R
CMFGEN 1.04 1.6899999999441206 0.00041941139579605285 3995.51712372354 4000.03902860094 38.83956830163063 3995.51712372354 4608.98888542365 46.6035873141637 4608.98888542365 5302.34763329109 -1.628401904082029 5299.33303003949 5662.59272185699 -126.93805941459327 5662.59272185699 5986.4113544661 -61.62868847525765 5986.4113544661 6450.15782133686 119.45706746789526 7964.99595526463 8778.68761625834 -35.75533573097072 3716.41510601314 3995.51712372354 2008R
CMFGEN 1.02 1.6899999999441206 0.00043164093615352103 3995.51712372354 4000.03902860094 -16.053533623831093 3995.51712372354 4608.98888542365 88.91893408929484 4608.98888542365 5302.34763329109 -0.566180703279267 5299.33303003949 5662.59272185699 -31.058171851034412 5662.59272185699 5986.4113544661 82.73430283945777 5986.4113544661 6450.15782133686 131.85498176286714 7964.99595526463 8778.68761625834 -37.75386274684127 3716.41510601314 3995.51712372354 2008R
CMFGEN 1.4 1.6899999999441206 0.0017039819942729756 3995.51712372354 4000.03902860094 -24.641226631163544 3995.51712372354 4608.98888542365 128.84961624561797 4608.98888542365 5302.34763329109 6.429934679047238 5299.33303003949 5662.59272185699 -11.267434470182527 5662.59272185699 5986.4113544661 95.70224252425469 5986.4113544661 6450.15782133686 121.33025930058753 7964.99595526463 8778.68761625834 -57.509928882202004 3716.41510601314 3995.51712372354 2008R
