results/equivalent_width/fixed_True.ecsv
# %ECSV 0.9
# ---
# datatype:
# - name: model
#   datatype: string
# - name: version
#   datatype: string
# - name: time
#   datatype: float64
# - name: pW2
#   datatype: float64
# - name: pW2_start
#   datatype: float64
# - name: pW2_end
#   datatype: float64
# - name: pW3
#   datatype: float64
# - name: pW3_start
#   datatype: float64
# - name: pW3_end
#   datatype: float64
# - name: pW4
#   datatype: float64
# - name: pW4_start
#   datatype: float64
# - name: pW4_end
#   datatype: float64
# - name: pW5
#   datatype: float64
# - name: pW5_start
#   datatype: float64
# - name: pW5_end
#   datatype: float64
# - name: pW6
#   datatype: float64
# - name: pW6_start
#   datatype: float64
# - name: pW6_end
#   datatype: float64
# - name: pW7
#   datatype: float64
# - name: pW7_start
#   datatype: float64
# - name: pW7_end
#   datatype: float64
# - name: pW8
#   datatype: float64
# - name: pW8_start
#   datatype: float64
# - name: pW8_end
#   datatype: float64
# - name: obj_id
#   datatype: string
# - name: pW1
#   datatype: float64
# - name: pW1_start
#   datatype: float64
# - name: pW1_end
#   datatype: float64
# schema: astropy-2.0
model version time pW2 pW2_start pW2_end pW3 pW3_start pW3_end pW4 pW4_start pW4_end pW5 pW5_start pW5_end pW6 pW6_start pW6_end pW7 pW7_start pW7_end pW8 pW8_start pW8_end obj_id pW1 pW1_start pW1_end
[from data line 1224]
CMFGEN 1.7 54043.43000000017 -13.879504073716191 3914.99184455339 4013.15630077017 406.6454240664923 3914.99184455339 4587.26963561372 -471.1790344064998 4587.26963561372 5533.21803188446 98.56087884983873 5292.26891207965 5533.21803188446 162.55871325250405 5554.04079532438 5833.66076151762 222.06441903139756 5833.66076151762 6517.83727454362 "" "" "" 2006is "" "" ""
OBSERVED "" 54044.39999999991 48.508462918643005 3924.07272480298 4093.48119180657 320.35822103004296 3924.07272480298 4604.67867118584 398.18165955077984 4604.67867118584 5523.05088704742 7.713609692000034 5282.31253920021 5558.71582746923 60.35025370042473 5558.71582746923 5835.11911573825 215.38305213838942 5835.11911573825 6494.92051354172 "" "" "" 2006is "" "" ""
CMFGEN 1.04 54044.39999999991 -55.87717681979808 3924.07272480298 4093.48119180657 435.15286228101075 3924.07272480298 4604.67867118584 -103.08218087674322 4604.67867118584 5523.05088704742 106.87386264885905 5282.31253920021 5558.71582746923 159.93802476896508 5558.71582746923 5835.11911573825 228.26400273505016 5835.11911573825 6494.92051354172 "" "" "" 2006is "" "" ""
CMFGEN 1.02 54044.39999999991 -58.42610328957451 3924.07272480298 4093.48119180657 417.7697819904734 3924.07272480298 4604.67867118584 -93.64219701870684 4604.67867118584 5523.05088704742 96.91128355963642 5282.31253920021 5558.71582746923 161.12718290201852 5558.71582746923 5835.11911573825 183.56588731766067 5835.11911573825 6494.92051354172 "" "" "" 2006is "" "" ""
CMFGEN 1.4 54044.39999999991 -47.979170914790416 3924.07272480298 4093.48119180657 365.45140695587617 3924.07272480298 4604.67867118584 -73.44966124956261 4604.67867118584 5523.05088704742 79.35945659033732 5282.31253920021 5558.71582746923 158.14667280376332 5558.71582746923 5835.11911573825 163.04227219908643 5835.11911573825 6494.92051354172 "" "" "" 2006is "" "" ""
CMFGEN 1.7 54044.39999999991 -72.56864516164293 3924.07272480298 4093.48119180657 448.1095208420642 3924.07272480298 4604.67867118584 -168.09192629699464 4604.67867118584 5523.05088704742 121.65603855217944 5282.31253920021 5558.71582746923 159.38275645935585 5558.71582746923 5835.11911573825 207.94072183564646 5835.11911573825 6494.92051354172 "" "" "" 2006is "" "" ""
OBSERVED "" 54046.37999999989 58.01776747828767 3928.66953298679 4101.14367429007 331.53047250251313 3928.66953298679 4591.802869377 408.4975878742582 4591.802869377 5540.41064654505 19.5143236512277 5293.59420295587 5540.41064654505 59.11682811179378 5552.30541491079 5828.85877941433 245.97737941338653 5828.85877941433 6539.57118926751 "" "" "" 2006is "" "" ""
CMFGEN 1.04 54046.37999999989 -55.94758434446959 3928.66953298679 4101.14367429007 410.1003519704159 3928.66953298679 4591.802869377 -287.793874333385 4591.802869377 5540.41064654505 90.51082070245087 5293.59420295587 5540.41064654505 161.6567021159517 5552.30541491079 5828.85877941433 221.95498845529062 5828.85877941433 6539.57118926751 "" "" "" 2006is "" "" ""
CMFGEN 1.02 54046.37999999989 -57.81844838200925 3928.66953298679 4101.14367429007 384.6087891757812 3928.66953298679 4591.802869377 -293.04618871017874 4591.802869377 5540.41064654505 81.46904467386318 5293.59420295587 5540.41064654505 162.45241747918857 5552.30541491079 5828.85877941433 165.16795484943827 5828.85877941433 6539.57118926751 "" "" "" 2006is "" "" ""
CMFGEN 1.4 54046.37999999989 -49.59696930681997 3928.66953298679 4101.14367429007 324.9402568588646 3928.66953298679 4591.802869377 -273.8276597549666 4591.802869377 5540.41064654505 67.75996367261331 5293.59420295587 5540.41064654505 159.01041293924413 5552.30541491079 5828.85877941433 135.8732081895979 5828.85877941433 6539.57118926751 "" "" "" 2006is "" "" ""
CMFGEN 1.7 54046.37999999989 -71.70764361773732 3928.66953298679 4101.14367429007 426.4833878145478 3928.66953298679 4591.802869377 -359.5207928810619 4591.802869377 5540.41064654505 106.45386233499835 5293.59420295587 5540.41064654505 160.97623827652373 5552.30541491079 5828.85877941433 218.5741314094572 5828.85877941433 6539.57118926751 "" "" "" 2006is "" "" ""
OBSERVED "" 54048.39999999991 24.096182195689515 3929.40261292374 4015.60699868015 368.85155319155047 3929.40261292374 4648.76334923585 403.4776951141081 4648.76334923585 5516.75233685211 41.631283748915564 5258.13917958288 5573.23107234769 77.83948504813995 5573.23107234769 5822.92653453867 287.3743678645674 5822.92653453867 6548.23240090295 "" "" "" 2006is "" "" ""
CMFGEN 1.04 54048.39999999991 -6.820269860387526 3929.40261292374 4015.60699868015 477.43761987401643 3929.40261292374 4648.76334923585 178.06352989777815 4648.76334923585 5516.75233685211 114.18770136511293 5258.13917958288 5573.23107234769 139.59154217867257 5573.23107234769 5822.92653453867 197.32679129638814 5822.92653453867 6548.23240090295 "" "" "" 2006is "" "" ""
CMFGEN 1.02 54048.39999999991 -10.634134370756485 3929.40261292374 4015.60699868015 470.4271436245766 3929.40261292374 4648.76334923585 188.9563341459061 4648.76334923585 5516.75233685211 106.07997668912628 5258.13917958288 5573.23107234769 139.15512480528275 5573.23107234769 5822.92653453867 134.83217125263502 5822.92653453867 6548.23240090295 "" "" "" 2006is "" "" ""
CMFGEN 1.4 54048.39999999991 -10.277376555314063 3929.40261292374 4015.60699868015 429.4259990171497 3929.40261292374 4648.76334923585 191.11093284885408 4648.76334923585 5516.75233685211 87.93959776171724 5258.13917958288 5573.23107234769 134.8246945926765 5573.23107234769 5822.92653453867 100.02203757929442 5822.92653453867 6548.23240090295 "" "" "" 2006is "" "" ""
CMFGEN 1.7 54048.39999999991 -9.37664333522504 3929.40261292374 4015.60699868015 499.90361560473 3929.40261292374 4648.76334923585 198.29154780455622 4648.76334923585 5516.75233685211 128.81299822428676 5258.13917958288 5573.23107234769 139.02038539523704 5573.23107234769 5822.92653453867 201.2541217154967 5822.92653453867 6548.23240090295 "" "" "" 2006is "" "" ""
OBSERVED "" 54055.299999999814 5.661626188343902 3941.0314 4008.8571 289.97453449817226 3941.0314 4622.2378 363.7407701795162 4622.2378 5548.2068 13.599545549346544 5282.8017 5548.2068 73.89178418690838 5551.1558 5848.9993 234.8226997796719 5848.9993 6530.2058 493.2259936863265 7768.763 8736.0172 2006is "" "" ""
CMFGEN 1.04 54055.299999999814 -3.276301946453941 3941.0314 4008.8571 459.7928881077143 3941.0314 4622.2378 105.52785438099886 4622.2378 5548.2068 96.57334464446865 5282.8017 5548.2068 169.87192216155904 5551.1558 5848.9993 260.3650209172923 5848.9993 6530.2058 66.36942064653897 7768.763 8736.0172 2006is "" "" ""
CMFGEN 1.02 54055.299999999814 -5.597144400482378 3941.0314 4008.8571 449.12863445402587 3941.0314 4622.2378 103.65608371906774 4622.2378 5548.2068 88.60193133094981 5282.8017 5548.2068 172.83903001384738 5551.1558 5848.9993 215.35866853558844 5848.9993 6530.2058 261.25364793162953 7768.763 8736.0172 2006is "" "" ""
CMFGEN 1.4 54055.299999999814 -6.123754964868354 3941.0314 4008.8571 408.33158030695836 3941.0314 4622.2378 100.10661463205815 4622.2378 5548.2068 73.47075760555674 5282.8017 5548.2068 171.16562539405678 5551.1558 5848.9993 193.37344874176364 5848.9993 6530.2058 261.08283989199504 7768.763 8736.0172 2006is "" "" ""
CMFGEN 1.7 54055.299999999814 -4.660013263830933 3941.0314 4008.8571 477.1968810134922 3941.0314 4622.2378 89.53406022325237 4622.2378 5548.2068 110.27905489648765 5282.8017 5548.2068 173.64900699654734 5551.1558 5848.9993 268.23117169752226 5848.9993 6530.2058 449.8977459963769 7768.763 8736.0172 2006is "" "" ""
OBSERVED "" 54009.33999999985 "" "" "" "" "" "" 137.01556156143488 4513.4179 5126.0931 88.22157794003067 5165.9265 5596.5063 13.987408938616397 5596.5063 5807.0541 85.36459108743281 5807.0541 6250.9117 164.19265121315243 7880.2864 8593.4935 2006is "" "" ""
CMFGEN 1.04 54009.33999999985 "" "" "" "" "" "" -1208.8990975503536 4513.4179 5126.0931 -51.93518452367698 5165.9265 5596.5063 102.93596365008688 5596.5063 5807.0541 -108.17102863636978 5807.0541 6250.9117 272.04588968393597 7880.2864 8593.4935 2006is "" "" ""
CMFGEN 1.02 54009.33999999985 "" "" "" "" "" "" -1349.2670519379706 4513.4179 5126.0931 -69.26897019485983 5165.9265 5596.5063 100.73164184275603 5596.5063 5807.0541 -52.27841700738941 5807.0541 6250.9117 377.79421796223494 7880.2864 8593.4935 2006is "" "" ""
CMFGEN 1.4 54009.33999999985 "" "" "" "" "" "" -1110.357108212666 4513.4179 5126.0931 -67.40958585418298 5165.9265 5596.5063 94.68236194724072 5596.5063 5807.0541 -41.1710242601971 5807.0541 6250.9117 374.77237553406337 7880.2864 8593.4935 2006is "" "" ""
CMFGEN 1.7 54009.33999999985 "" "" "" "" "" "" -1490.6134647870704 4513.4179 5126.0931 -85.7370305035347 5165.9265 5596.5063 109.01752851739988 5596.5063 5807.0541 -137.86753691126478 5807.0541 6250.9117 371.50649161460706 7880.2864 8593.4935 2006is "" "" ""
OBSERVED "" 54013.35999999987 15.383057868940568 3917.0312 4071.5853 116.55784140976778 4071.5853 4515.9282 188.10272707707088 4515.9282 5150.2438 58.032936794511556 5150.2438 5510.8699 22.89082248108454 5562.3879 5839.2973 103.47479492547706 5839.2973 6293.2998 192.2208158138656 7784.1024 8411.9783 2006is "" "" ""
CMFGEN 1.04 54013.35999999987 -44.99106431571636 3917.0312 4071.5853 205.47621447931678 4071.5853 4515.9282 -1199.0639193179218 4515.9282 5150.2438 -182.8069141866174 5150.2438 5510.8699 158.51367184423458 5562.3879 5839.2973 -3.6865882993203627 5839.2973 6293.2998 -368.43429757893557 7784.1024 8411.9783 2006is "" "" ""
CMFGEN 1.02 54013.35999999987 -47.28467279927105 3917.0312 4071.5853 100.57756004406286 4071.5853 4515.9282 -1180.4227846553542 4515.9282 5150.2438 -194.8653000502893 5150.2438 5510.8699 160.03891304057407 5562.3879 5839.2973 26.314262821932857 5839.2973 6293.2998 -38.22969865321943 7784.1024 8411.9783 2006is "" "" ""
CMFGEN 1.4 54013.35999999987 -36.213281344649886 3917.0312 4071.5853 61.45022540630532 4071.5853 4515.9282 -902.1280322116604 4515.9282 5150.2438 -156.56912134351 5150.2438 5510.8699 157.38141312615926 5562.3879 5839.2973 27.569198595199623 5839.2973 6293.2998 -19.10074695423623 7784.1024 8411.9783 2006is "" "" ""
CMFGEN 1.7 54013.35999999987 -58.00210898290811 3917.0312 4071.5853 236.3083210593382 4071.5853 4515.9282 -1527.4976975220661 4515.9282 5150.2438 -239.84400590262214 5150.2438 5510.8699 158.60136247735034 5562.3879 5839.2973 -25.718435730797182 5839.2973 6293.2998 142.8502839633715 7784.1024 8411.9783 2006is "" "" ""
OBSERVED "" 14.229999999777647 2.3198603262640205 3944.091 4000.6725 302.92209557619185 3944.091 4620.0913 310.03935121798446 4620.0913 5421.1666 0.18962962008720297 5296.0916 5513.4838 77.86738373276444 5555.1755 5885.7307 168.54760443875784 5885.7307 6460.4799 387.55530251242806 7830.3484 8774.3665 2006kf "" "" ""
CMFGEN 1.04 14.229999999777647 2.140525932160962 3944.091 4000.6725 -767.8419967072518 3944.091 4620.0913 431.141291933844 4620.0913 5421.1666 76.58639104849615 5296.0916 5513.4838 -70.00868377645412 5555.1755 5885.7307 158.33369907400265 5885.7307 6460.4799 42.78900539426968 7830.3484 8774.3665 2006kf "" "" ""
CMFGEN 1.02 14.229999999777647 2.034059679335897 3944.091 4000.6725 -978.1349852778399 3944.091 4620.0913 328.35928401249004 4620.0913 5421.1666 66.46069164943637 5296.0916 5513.4838 -72.41067608532069 5555.1755 5885.7307 121.20393383090067 5885.7307 6460.4799 63.48956057463306 7830.3484 8774.3665 2006kf "" "" ""
CMFGEN 1.4 14.229999999777647 1.7261247499777213 3944.091 4000.6725 -1048.0647637574984 3944.091 4620.0913 368.1797453815054 4620.0913 5421.1666 40.20659744696198 5296.0916 5513.4838 -2.8188595659012208 5555.1755 5885.7307 47.8143616698535 5885.7307 6460.4799 -22.463629753383657 7830.3484 8774.3665 2006kf "" "" ""
CMFGEN 1.7 14.229999999777647 1.153987856091831 3944.091 4000.6725 -564.9271659454141 3944.091 4620.0913 387.5235577588429 4620.0913 5421.1666 -23.904420214639345 5296.0916 5513.4838 -114.68757146275135 5555.1755 5885.7307 130.3291069090243 5885.7307 6460.4799 63.213259466400245 7830.3484 8774.3665 2006kf "" "" ""
OBSERVED "" 16.32999999987078 5.680666361953932 3959.36567804264 4010.4021490532 305.0571500461225 3959.36567804264 4625.8419465335 337.6579570925757 4625.8419465335 5436.42119199534 5.244571021755064 5280.3096336101 5505.47053512728 77.73193730891822 5556.50700613784 5862.72583220121 189.34758253770275 5862.72583220121 6463.15490291369 "" "" "" 2006kf "" "" ""
CMFGEN 1.04 16.32999999987078 1.532829735871026 3959.36567804264 4010.4021490532 -768.5214066041794 3959.36567804264 4625.8419465335 463.58158063052997 4625.8419465335 5436.42119199534 83.10929892376589 5280.3096336101 5505.47053512728 -62.219215331956946 5556.50700613784 5862.72583220121 175.8641537545343 5862.72583220121 6463.15490291369 "" "" "" 2006kf "" "" ""
CMFGEN 1.02 16.32999999987078 1.4996096458914323 3959.36567804264 4010.4021490532 -995.9935306659381 3959.36567804264 4625.8419465335 363.45224123281804 4625.8419465335 5436.42119199534 70.41433349240873 5280.3096336101 5505.47053512728 -65.70864223865101 5556.50700613784 5862.72583220121 136.40830606691202 5862.72583220121 6463.15490291369 "" "" "" 2006kf "" "" ""
CMFGEN 1.4 16.32999999987078 1.4061414196823563 3959.36567804264 4010.4021490532 -1078.9590771528508 3959.36567804264 4625.8419465335 403.21335731388695 4625.8419465335 5436.42119199534 51.09179992182155 5280.3096336101 5505.47053512728 -2.5710372804032886 5556.50700613784 5862.72583220121 55.072304186788756 5862.72583220121 6463.15490291369 "" "" "" 2006kf "" "" ""
CMFGEN 1.7 16.32999999987078 0.93221215081563 3959.36567804264 4010.4021490532 -620.4300131484379 3959.36567804264 4625.8419465335 352.0360222977499 4625.8419465335 5436.42119199534 -49.95886831936332 5280.3096336101 5505.47053512728 -98.00402912576862 5556.50700613784 5862.72583220121 151.28169440171393 5862.72583220121 6463.15490291369 "" "" "" 2006kf "" "" ""
OBSERVED "" -5.7199999999429565 22.973559946319767 3929.2011 4092.9897 85.7966203242197 4092.9897 4506.9282 126.69882924192757 4506.9282 5105.5012 91.87188295341372 5200.7964 5614.735 39.782290182752206 5614.735 5885.7307 124.86437640362226 5885.7307 6335.4049 281.9272745928988 7687.4056 8732.6748 2006kf "" "" ""
CMFGEN 1.04 -5.7199999999429565 20.039009875704863 3929.2011 4092.9897 -202.0720622181159 4092.9897 4506.9282 223.68225532831616 4506.9282 5105.5012 173.94231407164114 5200.7964 5614.735 -20.50700816939917 5614.735 5885.7307 98.94076285687095 5885.7307 6335.4049 218.13346706875484 7687.4056 8732.6748 2006kf "" "" ""
CMFGEN 1.02 -5.7199999999429565 31.297959400707782 3929.2011 4092.9897 -246.9686801068367 4092.9897 4506.9282 271.15944253929933 4506.9282 5105.5012 200.5677691656035 5200.7964 5614.735 -1.3267982300833978 5614.735 5885.7307 75.57135845461283 5885.7307 6335.4049 215.21357602975058 7687.4056 8732.6748 2006kf "" "" ""
CMFGEN 1.4 -5.7199999999429565 36.1144727442979 3929.2011 4092.9897 -303.44612628053846 4092.9897 4506.9282 230.85460511289284 4506.9282 5105.5012 137.08073206560442 5200.7964 5614.735 25.034225608398827 5614.735 5885.7307 15.254013693954903 5885.7307 6335.4049 127.22791394112119 7687.4056 8732.6748 2006kf "" "" ""
CMFGEN 1.7 -5.7199999999429565 25.290108104506942 3929.2011 4092.9897 92.47683078882721 4092.9897 4506.9282 311.59281045840396 4506.9282 5105.5012 30.921261750860594 5200.7964 5614.735 -33.7510103258266 5614.735 5885.7307 102.32851824419714 5885.7307 6335.4049 308.3986831784839 7687.4056 8732.6748 2006kf "" "" ""
OBSERVED "" 1.2100000002246816 "" "" "" "" "" "" "" "" "" "" "" "" "" "" "" 129.36055603763634 5911.1887 6345.6597 193.34639534986962 7894.4994 8488.166 2006kf "" "" ""
CMFGEN 1.04 1.2100000002246816 "" "" "" "" "" "" "" "" "" "" "" "" "" "" "" 95.1240882507193 5911.1887 6345.6597 61.604650768215606 7894.4994 8488.166 2006kf "" "" ""
CMFGEN 1.02 1.2100000002246816 "" "" "" "" "" "" "" "" "" "" "" "" "" "" "" 67.28406210956155 5911.1887 6345.6597 42.89202349563607 7894.4994 8488.166 2006kf "" "" ""
