results/equivalent_width/fixed_True.ecsv
# %ECSV 0.9
# ---
# datatype:
# - name: model
#   datatype: string
# - name: version
#   datatype: string
# - name: pW2
#   datatype: float64
# - name: pW2_start
#   datatype: float64
# - name: pW2_end
#   datatype: float64
# - name: pW3
#   datatype: float64
# - name: pW3_start
#   datatype: float64
# - name: pW3_end
#   datatype: float64
# - name: pW4
#   datatype: float64
# - name: pW4_start
#   datatype: float64
# - name: pW4_end
#   datatype: float64
# - name: pW5
#   datatype: float64
# - name: pW5_start
#   datatype: float64
# - name: pW5_end
#   datatype: float64
# - name: pW6
#   datatype: float64
# - name: pW6_start
#   datatype: float64
# - name: pW6_end
#   datatype: float64
# - name: pW7
#   datatype: float64
# - name: pW7_start
#   datatype: float64
# - name: pW7_end
#   datatype: float64
# - name: pW8
#   datatype: float64
# - name: pW8_start
#   datatype: float64
# - name: pW8_end
#   datatype: float64
# - name: obj_id
#   datatype: string
# - name: pW1
#   datatype: float64
# - name: pW1_start
#   datatype: float64
# - name: pW1_end
#   datatype: float64
# schema: astropy-2.0
model version pW2 pW2_start pW2_end pW3 pW3_start pW3_end pW4 pW4_start pW4_end pW5 pW5_start pW5_end pW6 pW6_start pW6_end pW7 pW7_start pW7_end pW8 pW8_start pW8_end obj_id pW1 pW1_start pW1_end
[from data line 2435]
obs "" 8.61718454132081 3979.4432 4015.9401 352.0222232999513 3979.4432 4688.0918 239.4520231980341 4688.0918 5326.7879 -8.534963307539385 5272.0425 5506.2311 159.9374806610909 5557.9351 5910.7387 211.3705536141856 5910.7387 6503.8137 608.3166866139034 7516.6033 8821.3682 2008fp "" "" ""
CMFGEN CMFGEN -0.424997735331452 3979.4432 4015.9401 477.89424008007927 3979.4432 4688.0918 207.15704265619308 4688.0918 5326.7879 52.7762324959059 5272.0425 5506.2311 151.55901017468685 5557.9351 5910.7387 265.36753695209643 5910.7387 6503.8137 229.4853204523497 7516.6033 8821.3682 2008fp "" "" ""
CMFGEN CMFGEN -0.47690206142279834 3979.4432 4015.9401 466.2182948814787 3979.4432 4688.0918 219.0754943084563 4688.0918 5326.7879 56.96728935570809 5272.0425 5506.2311 156.1854871638717 5557.9351 5910.7387 225.73477210513897 5910.7387 6503.8137 313.9886623304119 7516.6033 8821.3682 2008fp "" "" ""
CMFGEN CMFGEN 0.2656961471399697 3979.4432 4015.9401 427.4039163592092 3979.4432 4688.0918 220.20767539214262 4688.0918 5326.7879 51.621413862911055 5272.0425 5506.2311 158.441310656457 5557.9351 5910.7387 208.63227529860256 5910.7387 6503.8137 262.81520803519743 7516.6033 8821.3682 2008fp "" "" ""
CMFGEN CMFGEN -0.5810215788383175 3979.4432 4015.9401 502.85156875706724 3979.4432 4688.0918 229.42409589291935 4688.0918 5326.7879 59.54117882476959 5272.0425 5506.2311 162.9561072734866 5557.9351 5910.7387 290.2791619241493 5910.7387 6503.8137 710.1152628465973 7516.6033 8821.3682 2008fp "" "" ""
obs "" 0.0 3997.6917 4000.7331 281.7561591411479 3997.6917 4648.5534 397.3975955356399 4648.5534 5509.2725 24.752459456722846 5296.3738 5509.2725 58.11650529591674 5551.8523 5852.9519 218.60900021131272 5852.9519 6534.2278 437.3040122352013 7723.4191 8797.0369 2008fp "" "" ""
CMFGEN CMFGEN 0.0 3997.6917 4000.7331 461.18258244463277 3997.6917 4648.5534 126.35766835650315 4648.5534 5509.2725 61.86255537647284 5296.3738 5509.2725 170.00282037433993 5551.8523 5852.9519 261.9121232039224 5852.9519 6534.2278 122.06015842101203 7723.4191 8797.0369 2008fp "" "" ""
CMFGEN CMFGEN 0.0 3997.6917 4000.7331 447.97647686462807 3997.6917 4648.5534 142.9420971006531 4648.5534 5509.2725 59.552299818804556 5296.3738 5509.2725 173.23585249551195 5551.8523 5852.9519 217.5126397175851 5852.9519 6534.2278 382.90547842928936 7723.4191 8797.0369 2008fp "" "" ""
CMFGEN CMFGEN 0.0 3997.6917 4000.7331 411.0139928565715 3997.6917 4648.5534 149.93526360589715 4648.5534 5509.2725 52.08070476043068 5296.3738 5509.2725 171.81492509120494 5551.8523 5852.9519 196.09236915156015 5852.9519 6534.2278 348.1119482131312 7723.4191 8797.0369 2008fp "" "" ""
CMFGEN CMFGEN 8.881784197001252e-16 3997.6917 4000.7331 485.4523336417662 3997.6917 4648.5534 145.34731629831367 4648.5534 5509.2725 73.85865088907855 5296.3738 5509.2725 175.53947942592194 5551.8523 5852.9519 276.74116133372667 5852.9519 6534.2278 548.5158841160694 7723.4191 8797.0369 2008fp "" "" ""
obs "" 1.3971332579314577 3985.526 4003.7745 279.50495903193246 3985.526 4675.9261 305.10109447486 4675.9261 5548.8109 -1.5234674165004378 5296.3738 5548.8109 100.53545461285978 5551.8523 5865.1175 212.64833971091724 5865.1175 6522.0621 463.9668028704002 7720.3777 8830.4924 2008fp "" "" ""
CMFGEN CMFGEN -0.03518742839273159 3985.526 4003.7745 474.3343602654608 3985.526 4675.9261 257.2840880130867 4675.9261 5548.8109 96.71714520990261 5296.3738 5548.8109 169.04369814590723 5551.8523 5865.1175 267.6430122641926 5865.1175 6522.0621 141.0831344320992 7720.3777 8830.4924 2008fp "" "" ""
CMFGEN CMFGEN -0.0599168977823048 3985.526 4003.7745 463.3702789812805 3985.526 4675.9261 248.487292535262 4675.9261 5548.8109 85.0169093571634 5296.3738 5548.8109 173.31643701213756 5551.8523 5865.1175 226.5459604809298 5865.1175 6522.0621 445.8735510194035 7720.3777 8830.4924 2008fp "" "" ""
CMFGEN CMFGEN -0.009265067788550851 3985.526 4003.7745 426.39767256453234 3985.526 4675.9261 227.48551112438304 4675.9261 5548.8109 69.24800403956516 5296.3738 5548.8109 172.94362590009325 5551.8523 5865.1175 207.9779720824419 5865.1175 6522.0621 424.4689139939161 7720.3777 8830.4924 2008fp "" "" ""
CMFGEN CMFGEN -0.07794563450804048 3985.526 4003.7745 501.1833767154036 3985.526 4675.9261 300.8218246270151 4675.9261 5548.8109 114.06156892100043 5296.3738 5548.8109 179.5766548810834 5551.8523 5865.1175 289.07660520858406 5865.1175 6522.0621 576.501439575793 7720.3777 8830.4924 2008fp "" "" ""
obs "" "" "" "" "" "" "" "" "" "" "" "" "" 99.78441724415302 5550.8325074331 5873.46878097125 218.67526088709474 5873.46878097125 6522.67591674925 461.5915130999273 7726.66005946479 8824.41030723485 2008fp "" "" ""
CMFGEN CMFGEN "" "" "" "" "" "" "" "" "" "" "" "" 168.40440060686348 5550.8325074331 5873.46878097125 268.8229966434325 5873.46878097125 6522.67591674925 139.7603515908488 7726.66005946479 8824.41030723485 2008fp "" "" ""
CMFGEN CMFGEN "" "" "" "" "" "" "" "" "" "" "" "" 173.06111552764435 5550.8325074331 5873.46878097125 227.9811953591959 5873.46878097125 6522.67591674925 432.27532247435147 7726.66005946479 8824.41030723485 2008fp "" "" ""
CMFGEN CMFGEN "" "" "" "" "" "" "" "" "" "" "" "" 173.27228718379996 5550.8325074331 5873.46878097125 209.67778127492227 5873.46878097125 6522.67591674925 407.24072367553777 7726.66005946479 8824.41030723485 2008fp "" "" ""
CMFGEN CMFGEN "" "" "" "" "" "" "" "" "" "" "" "" 180.03046313793772 5550.8325074331 5873.46878097125 294.14822075612153 5873.46878097125 6522.67591674925 576.1093195868654 7726.66005946479 8824.41030723485 2008fp "" "" ""
obs "" 8.457631556785216 3941.9095 4071.9535 98.99964896055377 4071.9535 4592.1299 118.15732056472285 4592.1299 5175.8161 78.21638172979789 5175.8161 5602.2397 18.919557107650803 5602.2397 5907.692 77.98913008888462 5907.692 6294.8 112.83992451852168 7867.426 8517.6464 2008fp "" "" ""
CMFGEN CMFGEN -24.14438127811934 3941.9095 4071.9535 362.9415647614779 4071.9535 4592.1299 -114.13047441642857 4592.1299 5175.8161 -17.871269359364817 5175.8161 5602.2397 101.43816847204226 5602.2397 5907.692 45.72131982926567 5907.692 6294.8 242.58084141634401 7867.426 8517.6464 2008fp "" "" ""
CMFGEN CMFGEN -23.55368463883954 3941.9095 4071.9535 331.796648740756 4071.9535 4592.1299 -55.394629112598636 4592.1299 5175.8161 -22.181928634945223 5175.8161 5602.2397 103.59657606508716 5602.2397 5907.692 65.62929802527458 5907.692 6294.8 311.3368700935828 7867.426 8517.6464 2008fp "" "" ""
CMFGEN CMFGEN -16.747113557277913 3941.9095 4071.9535 294.30189253742407 4071.9535 4592.1299 -10.815706104127116 4592.1299 5175.8161 -25.43030453116404 5175.8161 5602.2397 103.65871640994001 5602.2397 5907.692 67.16223072579623 5907.692 6294.8 307.4290656432487 7867.426 8517.6464 2008fp "" "" ""
CMFGEN CMFGEN -29.649129461709805 3941.9095 4071.9535 386.09007376069303 4071.9535 4592.1299 -173.5524886526896 4592.1299 5175.8161 -47.77144037743676 5175.8161 5602.2397 120.68928026166398 5602.2397 5907.692 69.3618065149804 5907.692 6294.8 342.5218400970912 7867.426 8517.6464 2008fp "" "" ""
obs "" 4.374801444235096 3973.3604 4015.9401 305.58779006420104 4015.9401 4663.7605 268.20932261925395 4663.7605 5399.7818 -2.3704230687092718 5299.4152 5524.4796 142.98814149210625 5551.8523 5913.7801 216.47770971565973 5913.7801 6519.0207 621.5647155106706 7510.5204 8870.0308 2008fp "" "" ""
CMFGEN CMFGEN -0.6999675978588087 3973.3604 4015.9401 456.45707759003386 4015.9401 4663.7605 111.91614802131471 4663.7605 5399.7818 75.06065082109026 5299.4152 5524.4796 156.83577396796127 5551.8523 5913.7801 270.70012785317044 5913.7801 6519.0207 263.2863073360645 7510.5204 8870.0308 2008fp "" "" ""
CMFGEN CMFGEN -0.8291490964059136 3973.3604 4015.9401 440.2860491251339 4015.9401 4663.7605 115.34995828770377 4663.7605 5399.7818 69.26313553133662 5299.4152 5524.4796 161.61424629302846 5551.8523 5913.7801 227.96601733960603 5913.7801 6519.0207 416.5612695735217 7510.5204 8870.0308 2008fp "" "" ""
CMFGEN CMFGEN 0.15068041918929254 3973.3604 4015.9401 404.3392964131462 4015.9401 4663.7605 120.01020090849465 4663.7605 5399.7818 59.7448434526398 5299.4152 5524.4796 164.0165644053 5551.8523 5913.7801 208.7910679789648 5913.7801 6519.0207 417.67330989134757 7510.5204 8870.0308 2008fp "" "" ""
CMFGEN CMFGEN -0.8730249333915765 3973.3604 4015.9401 480.6321014460681 4015.9401 4663.7605 120.88092826863044 4663.7605 5399.7818 88.7872467167644 5299.4152 5524.4796 168.02082239807172 5551.8523 5913.7801 299.6408205403576 5913.7801 6519.0207 718.4877175043446 7510.5204 8870.0308 2008fp "" "" ""
obs "" 2.5869501155061094 3988.5674 4018.9815 306.0064448604336 4018.9815 4688.0918 258.250035545386 4688.0918 5360.2434 -6.260120593094143 5293.3324 5533.6038 148.85397666642635 5551.8523 5886.4074 212.24317022574724 5886.4074 6500.7722 619.0600055923733 7501.3962 8839.6167 2008fp "" "" ""
CMFGEN CMFGEN -0.27528062594240055 3988.5674 4018.9815 456.79834910748195 4018.9815 4688.0918 180.91788740395884 4688.0918 5360.2434 82.92713130744619 5293.3324 5533.6038 164.38041216348054 5551.8523 5886.4074 262.1181993785334 5886.4074 6500.7722 283.37193785493923 7501.3962 8839.6167 2008fp "" "" ""
CMFGEN CMFGEN -0.1524211993856106 3988.5674 4018.9815 438.53802655245727 4018.9815 4688.0918 190.44813404931517 4688.0918 5360.2434 75.92352372462639 5293.3324 5533.6038 169.26500080787298 5551.8523 5886.4074 224.8694209573403 5886.4074 6500.7722 396.1434185327562 7501.3962 8839.6167 2008fp "" "" ""
CMFGEN CMFGEN 0.4211209290912059 3988.5674 4018.9815 400.13839213299866 4018.9815 4688.0918 187.95090633868773 4688.0918 5360.2434 64.06828904081127 5293.3324 5533.6038 170.26983176926342 5551.8523 5886.4074 209.26178692559836 5886.4074 6500.7722 382.0394024325831 7501.3962 8839.6167 2008fp "" "" ""
CMFGEN CMFGEN -0.3255367776898126 3988.5674 4018.9815 481.4480175632652 4018.9815 4688.0918 198.88544534705107 4688.0918 5360.2434 97.91488985753696 5293.3324 5533.6038 176.86902758299757 5551.8523 5886.4074 284.75270199867134 5886.4074 6500.7722 715.81777978779 7501.3962 8839.6167 2008fp "" "" ""
obs "" 1.2651647974448945 3985.526 4000.7331 287.64022113720455 3985.526 4654.6363 400.5450064750456 4654.6363 5530.5624 15.924057535178804 5296.3738 5560.9765 49.8009549436656 5560.9765 5837.7448 230.22778632543782 5837.7448 6549.4348 416.69663160620166 7772.0817 8800.0783 2008fp "" "" ""
CMFGEN CMFGEN -0.01640260563262963 3985.526 4000.7331 469.80927384988485 3985.526 4654.6363 180.7885277458871 4654.6363 5530.5624 108.48614728321155 5296.3738 5560.9765 159.58415029767 5560.9765 5837.7448 239.7625917294581 5837.7448 6549.4348 148.48376257264272 7772.0817 8800.0783 2008fp "" "" ""
CMFGEN CMFGEN -0.022734488017144727 3985.526 4000.7331 458.83956301841096 3985.526 4654.6363 186.17068498113645 4654.6363 5530.5624 94.2395234228029 5296.3738 5560.9765 160.90142840616707 5560.9765 5837.7448 186.52235741593154 5837.7448 6549.4348 357.4660048107744 7772.0817 8800.0783 2008fp "" "" ""
CMFGEN CMFGEN 0.002024132425768599 3985.526 4000.7331 423.06223438479765 3985.526 4654.6363 183.16702289584373 4654.6363 5530.5624 75.52295468289097 5296.3738 5560.9765 158.01283967440554 5560.9765 5837.7448 156.69563599528055 5837.7448 6549.4348 316.02596492902615 7772.0817 8800.0783 2008fp "" "" ""
CMFGEN CMFGEN -0.03472874680313254 3985.526 4000.7331 493.5028283165583 3985.526 4654.6363 203.9408443773973 4654.6363 5530.5624 127.18755016946503 5296.3738 5560.9765 159.5454299716173 5560.9765 5837.7448 247.45860346693814 5837.7448 6549.4348 586.7146403975447 7772.0817 8800.0783 2008fp "" "" ""
obs "" 12.672525597165091 3927.1426 4066.0087 102.93282241477863 4066.0087 4591.7161 105.01416719978647 4591.7161 5172.9699 60.93720475348027 5172.9699 5655.0336 16.042766492232033 5655.0336 5914.9115 65.62978605829267 5914.9115 6295.8014 91.96174707290652 7789.6038 8424.4202 2008fp "" "" ""
CMFGEN CMFGEN -31.619396017682163 3927.1426 4066.0087 367.1052300700332 4066.0087 4591.7161 -122.41984794400742 4591.7161 5172.9699 49.577639349445576 5172.9699 5655.0336 41.29544816519396 5655.0336 5914.9115 48.416958029753005 5914.9115 6295.8014 -292.5670768892786 7789.6038 8424.4202 2008fp "" "" ""
CMFGEN CMFGEN -32.69476264099461 3927.1426 4066.0087 336.1373136900359 4066.0087 4591.7161 -64.0757659295333 4591.7161 5172.9699 41.68157087318457 5172.9699 5655.0336 47.10595875840974 5655.0336 5914.9115 66.24730639086755 5914.9115 6295.8014 -10.029830666639327 7789.6038 8424.4202 2008fp "" "" ""
CMFGEN CMFGEN -24.77384643435076 3927.1426 4066.0087 297.66286450675284 4066.0087 4591.7161 -18.23479573600298 4591.7161 5172.9699 36.41877045839203 5172.9699 5655.0336 48.463746840526625 5655.0336 5914.9115 66.88898659934114 5914.9115 6295.8014 3.6135314850751 7789.6038 8424.4202 2008fp "" "" ""
CMFGEN CMFGEN -39.13842301263861 3927.1426 4066.0087 390.5920834056113 4066.0087 4591.7161 -183.18853508090535 4591.7161 5172.9699 15.856524592560504 5172.9699 5655.0336 63.275057160634105 5655.0336 5914.9115 72.35353716087184 5914.9115 6295.8014 168.2398637432699 7789.6038 8424.4202 2008fp "" "" ""
obs "" 7.267402891858453 3954.0066 4059.8564 98.10118178768249 4059.8564 4583.057 115.56843128168686 4583.057 5178.8403 76.25916648850983 5178.8403 5668.7738 15.47050422011148 5668.7738 5907.692 75.33605021689766 5907.692 6294.8 94.39594904015166 7867.426 8541.8407 2008fp "" "" ""
CMFGEN CMFGEN -13.039131333274511 3954.0066 4059.8564 359.0476130365777 4059.8564 4583.057 -177.580526318083 4583.057 5178.8403 87.57862848038815 5178.8403 5668.7738 30.777355330933148 5668.7738 5907.692 45.72131982926567 5907.692 6294.8 237.64164873937136 7867.426 8541.8407 2008fp "" "" ""
CMFGEN CMFGEN -11.453299542790745 3954.0066 4059.8564 325.59044038644765 4059.8564 4583.057 -109.10947786372412 4583.057 5178.8403 84.05935599600491 5178.8403 5668.7738 38.1090957296625 5668.7738 5907.692 65.62929802527458 5907.692 6294.8 333.6941225059428 7867.426 8541.8407 2008fp "" "" ""
CMFGEN CMFGEN -6.510384977374997 3954.0066 4059.8564 284.75241182129 4059.8564 4583.057 -56.444532651003215 4583.057 5178.8403 76.88922852488821 5178.8403 5668.7738 40.663812449850184 5668.7738 5907.692 67.16223072579623 5907.692 6294.8 331.3826405355348 7867.426 8541.8407 2008fp "" "" ""
CMFGEN CMFGEN -13.8015928585787 3954.0066 4059.8564 383.6982022996071 4059.8564 4583.057 -249.29265481744937 4583.057 5178.8403 56.88635118185272 5178.8403 5668.7738 52.143120279913404 5668.7738 5907.692 69.3618065149804 5907.692 6294.8 353.96191392814353 7867.426 8541.8407 2008fp "" "" ""
obs "" 12.829276360016038 3954.0066 4068.9293 100.0012909724847 4068.9293 4616.3241 160.5877783233235 4616.3241 5212.1074 58.35019499131579 5212.1074 5578.0454 24.87185676985527 5578.0454 5844.1821 95.0145405676443 5844.1821 6297.8243 193.58345634099453 7858.3532 8602.3263 2008fp "" "" ""
CMFGEN CMFGEN -15.922922106920424 3954.0066 4068.9293 396.36016298293936 4068.9293 4616.3241 86.83469592434034 4616.3241 5212.1074 69.93303840086162 5212.1074 5578.0454 145.9565959489173 5578.0454 5844.1821 0.8445361965098073 5844.1821 6297.8243 279.64517507639437 7858.3532 8602.3263 2008fp "" "" ""
CMFGEN CMFGEN -14.063419408101765 3954.0066 4068.9293 374.92322784564874 4068.9293 4616.3241 130.68638677500633 4616.3241 5212.1074 66.32860381683048 5212.1074 5578.0454 147.3146961395424 5578.0454 5844.1821 30.668513576245118 5844.1821 6297.8243 394.974867183744 7858.3532 8602.3263 2008fp "" "" ""
CMFGEN CMFGEN -8.418169050471349 3954.0066 4068.9293 343.9374966770129 4068.9293 4616.3241 156.2045574954301 4616.3241 5212.1074 57.083269484511845 5212.1074 5578.0454 144.54752118612956 5578.0454 5844.1821 31.848199337243784 5844.1821 6297.8243 389.82385430920726 7858.3532 8602.3263 2008fp "" "" ""
