results/equivalent_width/fixed_False.ecsv
# %ECSV 0.9
# ---
# datatype:
# - name: model
#   datatype: string
# - name: version
#   datatype: string
# - name: pW2
#   datatype: float64
# - name: pW2_start
#   datatype: float64
# - name: pW2_end
#   datatype: float64
# - name: pW3
#   datatype: float64
# - name: pW3_start
#   datatype: float64
# - name: pW3_end
#   datatype: float64
# - name: pW4
#   datatype: float64
# - name: pW4_start
#   datatype: float64
# - name: pW4_end
#   datatype: float64
# - name: pW5
#   datatype: float64
# - name: pW5_start
#   datatype: float64
# - name: pW5_end
#   datatype: float64
# - name: pW6
#   datatype: float64
# - name: pW6_start
#   datatype: float64
# - name: pW6_end
#   datatype: float64
# - name: pW7
#   datatype: float64
# - name: pW7_start
#   datatype: float64
# - name: pW7_end
#   datatype: float64
# - name: pW8
#   datatype: float64
# - name: pW8_start
#   datatype: float64
# - name: pW8_end
#   datatype: float64
# - name: obj_id
#   datatype: string
# - name: pW1
#   datatype: float64
# - name: pW1_start
#   datatype: float64
# - name: pW1_end
#   datatype: float64
# schema: astropy-2.0
model version pW2 pW2_start pW2_end pW3 pW3_start pW3_end pW4 pW4_start pW4_end pW5 pW5_start pW5_end pW6 pW6_start pW6_end pW7 pW7_start pW7_end pW8 pW8_start pW8_end obj_id pW1 pW1_start pW1_end
[from data line 1188]
CMFGEN CMFGEN 16.89684161967429 3999.5197 4148.3079 -99.75346060160632 4148.3079 4451.9988 "" "" "" "" "" "" "" "" "" "" "" "" "" "" "" 2006is 144.84639493644022 3761.051 4099.3912
CMFGEN CMFGEN 11.167805412940083 3999.5197 4148.3079 114.69673239260001 4148.3079 4472.3808 "" "" "" "" "" "" "" "" "" "" "" "" "" "" "" 2006is 83.26042145536914 3799.7766 4099.3912
OBSERVED "" 15.107239541751227 3922.87238821293 4029.9350853219 280.03569686378773 3922.87238821293 4574.17046229248 303.40241567861597 4574.17046229248 5231.41646398919 -1.2417235963424105 5231.41646398919 5516.9169896131 101.63118698802967 5561.52644674184 5882.71453806874 96.12554034934675 5882.71453806874 6266.35586937587 "" "" "" 2006is "" "" ""
CMFGEN CMFGEN -4.112353257876748 3997.22148342749 4148.8936376652 -67.41124099508534 4148.8936376652 4452.2379461406 803.8360140406999 4502.7953308865 5549.63059150751 157.1906770873086 5204.65078971195 5653.71932480789 -2.5886020595329455 5653.71932480789 5802.41751523701 251.03588353624218 5802.41751523701 6599.43981593709 "" "" "" 2006is "" "" ""
CMFGEN CMFGEN 7.476466229084849 3997.22148342749 4148.8936376652 -82.11528435308873 4148.8936376652 4452.2379461406 773.9874843048315 4502.7953308865 5549.63059150751 230.56080008291488 5154.09340496605 5629.92761433923 -1.619987959132203 5629.92761433923 5802.41751523701 195.9279067120092 5802.41751523701 6599.43981593709 "" "" "" 2006is "" "" ""
CMFGEN CMFGEN 18.198795593109423 3997.22148342749 4148.8936376652 -99.84190812936379 4148.8936376652 4452.2379461406 687.4596752739089 4502.7953308865 5549.63059150751 190.89346517329562 5154.09340496605 5588.29212101908 49.99094474250296 5588.29212101908 5998.69912660345 54.859437820789026 5998.69912660345 6599.43981593709 "" "" "" 2006is "" "" ""
CMFGEN CMFGEN 11.836617915011345 3997.22148342749 4148.8936376652 113.84489287037545 4148.8936376652 4473.05569280068 636.0140703757655 4502.7953308865 5549.63059150751 42.01643225735836 5299.81763158659 5662.64121623364 -5.4309407062527555 5662.64121623364 5802.41751523701 218.09107357142784 5802.41751523701 6581.5960330856 "" "" "" 2006is "" "" ""
OBSERVED "" 67.29118314766106 3919.23075259129 4133.05602582152 271.0213277639153 3919.23075259129 4584.46493597423 307.9070550402961 4584.46493597423 5288.30646035708 13.928449697991795 5288.30646035708 5516.98071089496 87.70209094532379 5552.61825643334 5891.17493904787 107.68969802197611 5891.17493904787 6229.7316216624 "" "" "" 2006is "" "" ""
CMFGEN CMFGEN -4.152957899744052 3999.41523005262 4147.90500312917 -64.57981675372935 4147.90500312917 4450.82414020534 805.1979404171925 4501.31066305136 5549.64846097181 156.85819078408485 5205.15218743421 5653.59130212539 -2.608791740898482 5653.59130212539 5802.08107520194 250.98962887764185 5802.08107520194 6597.98625889225 "" "" "" 2006is "" "" ""
CMFGEN CMFGEN 6.83471900475493 3999.41523005262 4147.90500312917 -79.95359151743753 4147.90500312917 4450.82414020534 775.3385414264827 4501.31066305136 5549.64846097181 232.3086274242575 5151.69586912665 5629.83293843314 -1.6540473190478053 5629.83293843314 5802.08107520194 196.08707121200587 5802.08107520194 6597.98625889225 "" "" "" 2006is "" "" ""
CMFGEN CMFGEN 16.87346246810276 3999.41523005262 4147.90500312917 -97.85336634713093 4147.90500312917 4450.82414020534 688.9879527067251 4501.31066305136 5549.64846097181 190.5909291170267 5154.66566458818 5588.25580197171 49.846525893331545 5588.25580197171 5998.08757566299 55.09204733735987 5998.08757566299 6597.98625889225 "" "" "" 2006is "" "" ""
CMFGEN CMFGEN 11.178667062555206 3999.41523005262 4147.90500312917 115.09798798231745 4147.90500312917 4471.61270843605 637.7684285654573 4501.31066305136 5549.64846097181 40.1462110658108 5297.21584674167 5662.50068850998 -5.423578320254364 5662.50068850998 5802.08107520194 218.6108864177843 5802.08107520194 6583.13728158459 "" "" "" 2006is "" "" ""
OBSERVED "" 6.187651664501445 3924.50075001363 4013.81555828988 288.09118832872656 3924.50075001363 4582.453170982 328.180351899205 4582.453170982 5320.788919399 -8.396359598677918 5299.94879746788 5502.39569622738 91.68577101371523 5550.03026064138 5904.3123334705 143.3872135205945 5904.3123334705 6443.17834340388 "" "" "" 2006is "" "" ""
CMFGEN CMFGEN -4.11922985077635 3998.9297569105 4147.78777070425 -65.90083647636277 4147.78777070425 4451.4581188435 802.596236982457 4502.06984353338 5547.0531003655 156.9278044890175 5204.67966863987 5654.230870297 -2.5166069407374323 5654.230870297 5800.11172381488 252.4195041428054 5800.11172381488 6597.99067774938 "" "" "" 2006is "" "" ""
CMFGEN CMFGEN 6.975284320664997 3998.9297569105 4147.78777070425 -81.17586136820046 4147.78777070425 4451.4581188435 769.210913537195 4502.06984353338 5547.0531003655 230.39244515982813 5154.06794395 5630.41358809 -1.6139080715459215 5630.41358809 5800.11172381488 197.69996046276754 5800.11172381488 6597.99067774938 "" "" "" 2006is "" "" ""
CMFGEN CMFGEN 17.11683333379196 3998.9297569105 4147.78777070425 -99.06086518492236 4147.78777070425 4451.4581188435 682.3774233991387 4502.06984353338 5547.0531003655 190.7073184108742 5154.06794395 5588.73334422775 50.2150287377267 5588.73334422775 5999.5814622985 54.76317087251891 5999.5814622985 6597.99067774938 "" "" "" 2006is "" "" ""
CMFGEN CMFGEN 11.321433748783562 3998.9297569105 4147.78777070425 115.11585092194397 4147.78777070425 4472.29824077462 630.5889217937008 4502.06984353338 5547.0531003655 41.98545632829661 5299.94879746788 5663.16235112463 -5.104523438599159 5663.16235112463 5800.11172381488 220.78925385979448 5800.11172381488 6583.10487637 "" "" "" 2006is "" "" ""
OBSERVED "" "" "" "" "" "" "" "" "" "" "" "" "" "" "" "" 221.48190942788858 5853.5665 6530.1206 467.9669512100887 7758.4275 8753.5533 2006is "" "" ""
CMFGEN CMFGEN "" "" "" "" "" "" "" "" "" "" "" "" "" "" "" 252.13116376089397 5801.0186 6599.0897 461.71277304569116 7502.2566 8898.06 2006is "" "" ""
CMFGEN CMFGEN "" "" "" "" "" "" "" "" "" "" "" "" "" "" "" 197.03553734187426 5801.0186 6599.0897 453.16257514366623 7502.2566 8898.06 2006is "" "" ""
CMFGEN CMFGEN "" "" "" "" "" "" "" "" "" "" "" "" "" "" "" 55.02185818490386 5998.0732 6599.0897 338.7738306740089 7502.2566 8898.06 2006is "" "" ""
CMFGEN CMFGEN "" "" "" "" "" "" "" "" "" "" "" "" "" "" "" 219.78154093401326 5801.0186 6582.6685 593.2361822866346 7502.2566 8845.5121 2006is "" "" ""
OBSERVED "" 23.640843657259396 3915.4078 4008.6086 290.5182980941846 3915.4078 4599.9517 405.65511471048603 4599.9517 5531.9599 28.201514389051113 5287.7095 5531.9599 76.9511654414651 5557.6705 5895.1217 217.56045668018953 5895.1217 6486.4648 418.87599094278505 7749.4965 8524.0274 2006is "" "" ""
CMFGEN CMFGEN -4.050602871212078 3998.9672 4146.803 -67.54985520728513 4146.803 4452.116 804.9700987497313 4500.3233 5548.029 157.3657498868804 5204.1501 5654.0851 -2.507254121619752 5654.0851 5801.9209 251.3805524183531 5801.9209 6598.9485 461.9235111434267 7502.0323 8896.8307 2006is "" "" ""
CMFGEN CMFGEN 6.952923120979193 3998.9672 4146.803 -82.73638489822463 4146.803 4452.116 772.8318848497975 4500.3233 5548.029 232.11008190324299 5152.729 5628.3745 -1.9645348071711908 5628.3745 5801.9209 196.28864261667957 5801.9209 6598.9485 453.76480370787294 7502.0323 8896.8307 2006is "" "" ""
CMFGEN CMFGEN 16.923735541175887 3998.9672 4146.803 -101.06982065530127 4146.803 4452.116 686.3013010081198 4500.3233 5548.029 190.22435636527211 5155.9428 5586.5949 49.59730371216068 5586.5949 5997.964 55.05900291878277 5997.964 6598.9485 339.42850209246717 7502.0323 8896.8307 2006is "" "" ""
CMFGEN CMFGEN 11.273805173920124 3998.9672 4146.803 115.930237451045 4146.803 4471.3989 635.6863791935898 4500.3233 5548.029 39.90612041641839 5297.3509 5663.7266 -5.184546532183134 5663.7266 5801.9209 218.78857709414615 5801.9209 6582.8794 593.7249537691309 7502.0323 8845.4095 2006is "" "" ""
OBSERVED "" 6.018066279134253 3952.6412 4005.6343 292.3329974643059 3952.6412 4588.5579 "" "" "" "" "" "" "" "" "" "" "" "" "" "" "" 2006is 76.98323435374542 3718.2489 3952.6412
CMFGEN CMFGEN -4.186957456671536 3999.5197 4148.3079 -66.96980121890329 4148.3079 4451.9988 "" "" "" "" "" "" "" "" "" "" "" "" "" "" "" 2006is 127.70161166956217 3771.2419 4099.3912
CMFGEN CMFGEN 6.814616758576932 3999.5197 4148.3079 -81.92139021225216 4148.3079 4451.9988 "" "" "" "" "" "" "" "" "" "" "" "" "" "" "" 2006is 146.0234179965928 3756.9746 4099.3912
CMFGEN CMFGEN 16.89684161967429 3999.5197 4148.3079 -99.75346060160632 4148.3079 4451.9988 "" "" "" "" "" "" "" "" "" "" "" "" "" "" "" 2006is 144.84639493644022 3761.051 4099.3912
CMFGEN CMFGEN 11.167805412940083 3999.5197 4148.3079 114.69673239260001 4148.3079 4472.3808 "" "" "" "" "" "" "" "" "" "" "" "" "" "" "" 2006is 83.26042145536914 3799.7766 4099.3912
OBSERVED "" 13.639627606519255 3914.99184455339 4013.15630077017 315.9552368876681 3914.99184455339 4587.26963561372 410.75966349920236 4587.26963561372 5533.21803188446 6.756459446589616 5292.26891207965 5533.21803188446 57.42874633580408 5554.04079532438 5833.66076151762 220.06353991966193 5833.66076151762 6517.83727454362 "" "" "" 2006is "" "" ""
CMFGEN CMFGEN -4.253742889718552 3998.28289831308 4149.99160337537 -63.41323622928792 4149.99160337537 4450.43433300852 804.3774176267945 4501.00390136262 5548.09143434154 159.5443555171264 5200.05381684571 5655.17993203257 -2.3887997365541196 5655.17993203257 5800.93927611202 251.94746095174514 5800.93927611202 6598.15364781189 "" "" "" 2006is "" "" ""
CMFGEN CMFGEN 7.197071565197433 3998.28289831308 4149.99160337537 -78.3289550632195 4149.99160337537 4450.43433300852 772.3605378011805 4501.00390136262 5548.09143434154 232.29550228356106 5152.45892898303 5628.40780760981 -1.994724997311721 5628.40780760981 5800.93927611202 197.02875582831894 5800.93927611202 6598.15364781189 "" "" "" 2006is "" "" ""
CMFGEN CMFGEN 17.872394600824578 3998.28289831308 4149.99160337537 -95.71538926987046 4149.99160337537 4450.43433300852 685.6992124416732 4501.00390136262 5548.09143434154 190.5574026175131 5155.43360947445 5586.76228072997 49.50901435941864 5586.76228072997 5997.26818854557 55.31205287320711 5997.26818854557 6598.15364781189 "" "" "" 2006is "" "" ""
CMFGEN CMFGEN 11.627514020633129 3998.28289831308 4149.99160337537 113.35380310786812 4149.99160337537 4471.25709644845 634.6436938854897 4501.00390136262 5548.09143434154 40.30451846622401 5298.21827306248 5664.10397350682 -5.044385945307198 5664.10397350682 5800.93927611202 219.86398511808306 5800.93927611202 6583.2802453548 "" "" "" 2006is "" "" ""
OBSERVED "" 48.508462918643005 3924.07272480298 4093.48119180657 320.35822103004296 3924.07272480298 4604.67867118584 398.18165955077984 4604.67867118584 5523.05088704742 7.713609692000034 5282.31253920021 5558.71582746923 60.35025370042473 5558.71582746923 5835.11911573825 215.38305213838942 5835.11911573825 6494.92051354172 "" "" "" 2006is "" "" ""
CMFGEN CMFGEN -4.254613554427806 3998.37468401508 4149.95068080777 -62.82779429989 4149.95068080777 4450.13059602466 805.9247298734033 4500.65592828889 5549.79959236378 156.86023756116458 5205.03850161963 5653.82233526072 -2.567413134064168 5653.82233526072 5802.42625368493 250.93163133296673 5802.42625368493 6598.94325643867 "" "" "" 2006is "" "" ""
CMFGEN CMFGEN 7.170960966240813 3998.37468401508 4149.95068080777 -77.652780437817 4149.95068080777 4450.13059602466 776.2426047519441 4500.65592828889 5549.79959236378 230.20322040073395 5154.5131693554 5630.04570831285 -1.5953539684884674 5630.04570831285 5802.42625368493 195.88499774508512 5802.42625368493 6598.94325643867 "" "" "" 2006is "" "" ""
CMFGEN CMFGEN 17.81552310566778 3998.37468401508 4149.95068080777 -95.1813016732774 4149.95068080777 4450.13059602466 689.9975148564678 4500.65592828889 5549.79959236378 190.59711265630793 5154.5131693554 5588.43661115407 49.961998055249865 5588.43661115407 5998.58342600488 54.91769390578406 5998.58342600488 6598.94325643867 "" "" "" 2006is "" "" ""
CMFGEN CMFGEN 11.60029045978581 3998.37468401508 4149.95068080777 111.8339852765537 4149.95068080777 4473.90722297254 639.2347508884661 4500.65592828889 5549.79959236378 40.05623927834722 5297.17293104263 5662.73857036618 -5.4129736835269 5662.73857036618 5802.42625368493 218.11890957878677 5802.42625368493 6584.08286459625 "" "" "" 2006is "" "" ""
OBSERVED "" 58.01776747828767 3928.66953298679 4101.14367429007 331.53047250251313 3928.66953298679 4591.802869377 408.4975878742582 4591.802869377 5540.41064654505 19.5143236512277 5293.59420295587 5540.41064654505 59.11682811179378 5552.30541491079 5828.85877941433 245.97737941338653 5828.85877941433 6539.57118926751 "" "" "" 2006is "" "" ""
CMFGEN CMFGEN -4.090153612411314 3997.06445108982 4148.72274775305 -66.99186171006158 4148.72274775305 4452.03934107951 803.801203562921 4502.59210663392 5549.33172281936 157.47908091533282 5204.38344021279 5653.41094601961 -2.6521281637730567 5653.41094601961 5802.09555059141 251.24911888507506 5802.09555059141 6599.04503109623 "" "" "" 2006is "" "" ""
CMFGEN CMFGEN 7.516640400237918 3997.06445108982 4148.72274775305 -81.8283836258779 4148.72274775305 4452.03934107951 773.5372019963229 4502.59210663392 5549.33172281936 230.86485769587583 5153.83067465838 5629.62140928813 -1.6972165083846562 5629.62140928813 5802.09555059141 196.16013652134302 5802.09555059141 6599.04503109623 "" "" "" 2006is "" "" ""
CMFGEN CMFGEN 18.238996038303014 3997.06445108982 4148.72274775305 -99.53672963727962 4148.72274775305 4452.03934107951 687.0159011913162 4502.59210663392 5549.33172281936 191.09611244817717 5153.83067465838 5587.98972000802 49.89914181204489 5587.98972000802 5998.35922862618 54.960427896325086 5998.35922862618 6599.04503109623 "" "" "" 2006is "" "" ""
CMFGEN CMFGEN 11.888229169218448 3997.06445108982 4148.72274775305 114.12659803291501 4148.72274775305 4472.85518571956 635.5383571173504 4502.59210663392 5549.33172281936 41.88162348671568 5299.54158713874 5662.33202229392 -5.456426275759384 5662.33202229392 5802.09555059141 218.48100423835126 5802.09555059141 6584.17657063905 "" "" "" 2006is "" "" ""
OBSERVED "" 24.096182195689515 3929.40261292374 4015.60699868015 368.85155319155047 3929.40261292374 4648.76334923585 403.4776951141081 4648.76334923585 5516.75233685211 41.631283748915564 5258.13917958288 5573.23107234769 77.83948504813995 5573.23107234769 5822.92653453867 287.3743678645674 5822.92653453867 6548.23240090295 "" "" "" 2006is "" "" ""
CMFGEN CMFGEN -4.189714246611544 3997.77160852365 4149.37242485388 -68.09428106330915 4149.37242485388 4452.57405751436 806.1534161719709 4500.13509793169 5549.45055213903 157.28341500634622 5204.63300911339 5653.49032805193 -2.6332680066006446 5653.49032805193 5802.11857935609 251.16935771194733 5802.11857935609 6598.76600634636 "" "" "" 2006is "" "" ""
CMFGEN CMFGEN 7.329820823674169 3997.77160852365 4149.37242485388 -82.54773933040815 4149.37242485388 4452.57405751436 775.9706942876466 4500.13509793169 5549.45055213903 230.6378256139405 5154.09940366997 5629.70980784327 -1.6777948426503428 5629.70980784327 5802.11857935609 196.12128788490043 5802.11857935609 6598.76600634636 "" "" "" 2006is "" "" ""
CMFGEN CMFGEN 18.018832156016373 3997.77160852365 4149.37242485388 -100.26476949472953 4149.37242485388 4452.57405751436 689.797364640159 4500.13509793169 5549.45055213903 190.98790514938858 5154.09940366997 5588.09389747811 49.89460377629814 5588.09389747811 5998.30787107757 54.99058779457323 5998.30787107757 6598.76600634636 "" "" "" 2006is "" "" ""
CMFGEN CMFGEN 11.703878980283065 3997.77160852365 4149.37242485388 113.13669221422884 4149.37242485388 4473.38201269694 639.3486950105075 4500.13509793169 5549.45055213903 42.02834081980558 5299.75508994805 5662.40802313018 -5.444751771135373 5662.40802313018 5802.11857935609 218.50723819975178 5802.11857935609 6583.90318121594 "" "" "" 2006is "" "" ""
