results/equivalent_width/fixed_False.ecsv
# %ECSV 0.9
# ---
# datatype:
# - name: model
#   datatype: string
# - name: version
#   datatype: string
# - name: pW2
#   datatype: float64
# - name: pW2_start
#   datatype: float64
# - name: pW2_end
#   datatype: float64
# - name: pW3
#   datatype: float64
# - name: pW3_start
#   datatype: float64
# - name: pW3_end
#   datatype: float64
# - name: pW4
#   datatype: float64
# - name: pW4_start
#   datatype: float64
# - name: pW4_end
#   datatype: float64
# - name: pW5
#   datatype: float64
# - name: pW5_start
#   datatype: float64
# - name: pW5_end
#   datatype: float64
# - name: pW6
#   datatype: float64
# - name: pW6_start
#   datatype: float64
# - name: pW6_end
#   datatype: float64
# - name: pW7
#   datatype: float64
# - name: pW7_start
#   datatype: float64
# - name: pW7_end
#   datatype: float64
# - name: pW8
#   datatype: float64
# - name: pW8_start
#   datatype: float64
# - name: pW8_end
#   datatype: float64
# - name: obj_id
#   datatype: string
# - name: pW1
#   datatype: float64
# - name: pW1_start
#   datatype: float64
# - name: pW1_end
#   datatype: float64
# schema: astropy-2.0
model version pW2 pW2_start pW2_end pW3 pW3_start pW3_end pW4 pW4_start pW4_end pW5 pW5_start pW5_end pW6 pW6_start pW6_end pW7 pW7_start pW7_end pW8 pW8_start pW8_end obj_id pW1 pW1_start pW1_end
[from data line 2499]
CMFGEN CMFGEN "" "" "" "" "" "" "" "" "" "" "" "" 169.429178934545 5550.8325074331 5912.8146679881 312.5690261575867 5912.8146679881 6550.21803766104 650.4276213548094 7860.43607532208 8871.62537165507 2008fp "" "" ""
OBSERVED "" 44.76473575081927 3971.23889994621 4119.50452041626 274.50063345422166 4119.50452041626 4674.82666254043 267.6928520331216 4674.82666254043 5332.58686971664 11.119619339573546 5297.54226851463 5513.2013528347 178.91633603330484 5550.94169259071 5877.12605762481 "" "" "" "" "" "" 2008fp 295.6453976900697 3518.35482287407 4006.28350114822
CMFGEN CMFGEN 0.0 3998.19628548622 4000.89202404022 466.12860352788203 4000.89202404022 4696.39257097244 110.86682326867299 4696.39257097244 5052.23006010055 30.576164799070597 5238.23602032661 5502.4183986187 151.8664703744336 5550.94169259071 5936.43230581283 "" "" "" "" "" "" 2008fp 287.0068586624077 3502.18039155006 4000.89202404022
CMFGEN CMFGEN 0.0 3998.19628548622 4000.89202404022 453.9292558875719 3998.19628548622 4688.30535531044 233.57822751010121 4688.30535531044 5230.14880466461 35.41786398585282 5230.14880466461 5502.4183986187 172.77543331384567 5550.94169259071 5874.43031907081 "" "" "" "" "" "" 2008fp 166.43947763265638 3682.79487466812 3998.19628548622
CMFGEN CMFGEN 0.15484118079020703 3998.19628548622 4035.93662524223 392.3508831833154 4035.93662524223 4682.91387820244 239.7565191326629 4682.91387820244 5224.75732755661 34.56096242380329 5224.75732755661 5502.4183986187 172.69271512066433 5550.94169259071 5877.12605762481 "" "" "" "" "" "" 2008fp 164.827699799966 3688.18635177612 4035.93662524223
CMFGEN CMFGEN -0.003728411090310857 3992.80480837822 4000.89202404022 498.11820527359146 3992.80480837822 4682.91387820244 118.83011939228459 4682.91387820244 5052.23006010055 45.292187304743095 5251.71471309662 5502.4183986187 169.53319577188174 5550.94169259071 5912.17065882682 "" "" "" "" "" "" 2008fp 305.8068727057805 3502.18039155006 3992.80480837822
OBSERVED "" 3.905314205815422 3974.8737 4012.7534 318.9331904853412 3974.8737 4668.6716 271.9386908143042 4668.6716 5394.3683 -3.641988258735097 5298.672 5533.9253 132.18364394607482 5555.8557 5878.8306 210.02405883838895 5878.8306 6514.8121 533.2377223184444 7501.6798 8833.4528 2008fp "" "" ""
CMFGEN CMFGEN 0.0 3998.7977 4000.7914 467.6142319299452 3998.7977 4694.5893 110.43257199329207 4694.5893 5051.4567 27.190247845133456 5236.8682 5500.0329 150.79471182275722 5551.8684 5936.6471 272.6447920492956 5936.6471 6518.7994 489.6567065345897 7862.5345 8899.244 2008fp "" "" ""
CMFGEN CMFGEN 2.220446049250313e-16 3998.7977 4000.7914 453.4433393713155 3998.7977 4688.6083 233.86002669031723 4688.6083 5230.8871 33.895164961126824 5230.8871 5500.0329 172.2651800679867 5551.8684 5872.8496 228.5843309122128 5872.8496 6514.8121 591.2704746306442 7852.5661 8899.244 2008fp "" "" ""
CMFGEN CMFGEN 0.10202021403038941 3998.7977 4036.6775 391.92092999481554 4036.6775 4682.6273 240.21902103414163 4682.6273 5226.8998 34.052603725387826 5226.8998 5500.0329 171.90839449292136 5551.8684 5876.8369 211.645813482912 5876.8369 6512.8184 581.5647596986362 7854.5598 8899.244 2008fp "" "" ""
CMFGEN CMFGEN -0.00358362704756221 3992.8167 4000.7914 498.1593017431121 3992.8167 4682.6273 118.94770815189366 4682.6273 5051.4567 42.285946331186494 5250.8239 5500.0329 168.44106094294006 5551.8684 5912.723 312.6471022134387 5912.723 6550.6982 650.0420233254723 7862.5345 8871.3326 2008fp "" "" ""
OBSERVED "" 5.753084451887354 3966.1246 4010.4274 313.47372704872953 3966.1246 4626.8133 382.14549557873625 4626.8133 5537.9088 15.47798382979434 5285.5758 5537.9088 85.46417479198948 5564.8757 5846.1018 229.38300105082362 5846.1018 6520.2739 508.86397481144365 7745.341 8656.4365 2008gl "" "" ""
CMFGEN CMFGEN 0.0 3998.8701 4000.7963 463.31330626933595 3998.8701 4694.2305 112.16194270220814 4694.2305 5050.5786 30.161726796638618 5235.4944 5501.3109 150.0887564403369 5551.3922 5936.6335 273.22273516132793 5936.6335 6518.3477 489.78105784902425 7858.9872 8899.1385 2008gl "" "" ""
CMFGEN CMFGEN -0.0006649015655408874 3996.9439 4000.7963 449.12011024237114 3996.9439 4688.4519 236.79772861780788 4688.4519 5229.7158 36.61429828512672 5229.7158 5501.3109 172.16614328895912 5551.3922 5873.0687 229.79025518683937 5873.0687 6514.4953 590.5578674115843 7851.2823 8899.1385 2008gl "" "" ""
CMFGEN CMFGEN 0.14685308857195878 3998.8701 4035.468 386.8802851162033 4035.468 4682.6733 242.8626278059229 4682.6733 5225.8634 36.691062938137094 5225.8634 5501.3109 172.52036311685117 5551.3922 5873.0687 212.46542272989473 5873.0687 6512.5691 580.6452700875201 7855.1348 8899.1385 2008gl "" "" ""
CMFGEN CMFGEN -0.0030032311170691273 3993.0915 4000.7963 494.5058802533191 3993.0915 4682.6733 120.96445861657742 4682.6733 5050.5786 45.892520050718645 5250.9041 5501.3109 176.88592473518594 5551.3922 5884.6259 311.30296557350414 5884.6259 6551.0932 648.8091561824788 7860.9134 8872.1716 2008gl "" "" ""
OBSERVED "" 7.0351853739707835 3945.5928 4007.3613 300.90775047402985 3945.5928 4625.0457 343.7724166191383 4625.0457 5489.8039 13.266973050965419 5292.7331 5560.3964 98.65077577086879 5560.3964 5883.9454 228.6844783302751 5883.9454 6542.8087 673.9082565046639 7713.4678 8807.6516 2008gl "" "" ""
CMFGEN CMFGEN 0.0 3998.5372 4001.4786 463.78657774785177 3998.5372 4692.6968 111.73585735380215 4692.6968 5051.5421 31.339631382210825 5236.8474 5501.5693 149.80066447776795 5551.5723 5936.8897 273.2758083780926 5936.8897 6519.2779 489.4800230768226 7863.4768 8898.8336 2008gl "" "" ""
CMFGEN CMFGEN 0.0 3998.5372 4001.4786 448.4392252083758 3998.5372 4686.8141 236.82002352001746 4686.8141 5230.9647 37.64037280335796 5230.9647 5501.5693 172.15761994781835 5551.5723 5872.1799 229.59973308884764 5872.1799 6513.3952 590.277685367369 7851.7114 8898.8336 2008gl "" "" ""
CMFGEN CMFGEN 0.22447600235070553 3998.5372 4033.8335 388.44428163632705 4033.8335 4680.9314 242.3132603300661 4680.9314 5225.082 36.41387846400164 5225.082 5501.5693 172.45595170284037 5551.5723 5872.1799 212.18609921988013 5872.1799 6510.4538 580.4003162683005 7854.6528 8898.8336 2008gl "" "" ""
CMFGEN CMFGEN -0.006059368333895421 3992.6545 4001.4786 494.4765007114523 3992.6545 4683.8728 121.0497797922734 4683.8728 5051.5421 46.52622153625586 5251.5542 5501.5693 176.0258089965081 5551.5723 5886.8867 311.60873452586804 5886.8867 6551.6328 648.8357061279843 7860.5355 8872.3614 2008gl "" "" ""
OBSERVED "" 3.8390189825176364 3951.4755 4004.4199 280.310573032637 3951.4755 4595.6321 414.7724689190789 4595.6321 5510.3934 29.721734458707687 5295.6745 5510.3934 40.58234310874656 5551.5723 5810.4115 241.28389772834777 5810.4115 6501.6298 457.10114024208485 7784.0603 8734.1177 2008gl "" "" ""
CMFGEN CMFGEN 0.0 3998.5372 4001.4786 463.78657774785177 3998.5372 4692.6968 111.73585735380215 4692.6968 5051.5421 31.339631382210825 5236.8474 5501.5693 149.80066447776795 5551.5723 5936.8897 273.2758083780926 5936.8897 6519.2779 489.4800230768226 7863.4768 8898.8336 2008gl "" "" ""
CMFGEN CMFGEN 0.0 3998.5372 4001.4786 448.4392252083758 3998.5372 4686.8141 236.82002352001746 4686.8141 5230.9647 37.64037280335796 5230.9647 5501.5693 172.15761994781835 5551.5723 5872.1799 229.59973308884764 5872.1799 6513.3952 590.277685367369 7851.7114 8898.8336 2008gl "" "" ""
CMFGEN CMFGEN 0.22447600235070553 3998.5372 4033.8335 388.44428163632705 4033.8335 4680.9314 242.3132603300661 4680.9314 5225.082 36.41387846400164 5225.082 5501.5693 172.45595170284037 5551.5723 5872.1799 212.18609921988013 5872.1799 6510.4538 580.4003162683005 7854.6528 8898.8336 2008gl "" "" ""
CMFGEN CMFGEN -0.006059368333895421 3992.6545 4001.4786 494.4765007114523 3992.6545 4683.8728 121.0497797922734 4683.8728 5051.5421 46.52622153625586 5251.5542 5501.5693 176.0258089965081 5551.5723 5886.8867 311.60873452586804 5886.8867 6551.6328 648.8357061279843 7860.5355 8872.3614 2008gl "" "" ""
OBSERVED "" 26.487851969852272 3916.1793 4098.5433 112.03660273268525 3916.1793 4516.2156 145.5858291118014 4516.2156 5145.6654 94.69560425206089 5172.1376 5610.3994 24.502492411209005 5610.3994 5863.3559 120.50812588250585 5863.3559 6310.4417 187.19361468799525 7748.764 8498.8094 2008gl "" "" ""
CMFGEN CMFGEN 0.0 3998.5372 4001.4786 463.78657774785177 3998.5372 4692.6968 111.73585735380215 4692.6968 5051.5421 31.339631382210825 5236.8474 5501.5693 149.80066447776795 5551.5723 5936.8897 273.2758083780926 5936.8897 6519.2779 489.4800230768226 7863.4768 8898.8336 2008gl "" "" ""
CMFGEN CMFGEN 0.0 3998.5372 4001.4786 448.4392252083758 3998.5372 4686.8141 236.82002352001746 4686.8141 5230.9647 37.64037280335796 5230.9647 5501.5693 172.15761994781835 5551.5723 5872.1799 229.59973308884764 5872.1799 6513.3952 590.277685367369 7851.7114 8898.8336 2008gl "" "" ""
CMFGEN CMFGEN 0.22447600235070553 3998.5372 4033.8335 388.44428163632705 4033.8335 4680.9314 242.3132603300661 4680.9314 5225.082 36.41387846400164 5225.082 5501.5693 172.45595170284037 5551.5723 5872.1799 212.18609921988013 5872.1799 6510.4538 580.4003162683005 7854.6528 8898.8336 2008gl "" "" ""
CMFGEN CMFGEN -0.006059368333895421 3992.6545 4001.4786 494.4765007114523 3992.6545 4683.8728 121.0497797922734 4683.8728 5051.5421 46.52622153625586 5251.5542 5501.5693 176.0258089965081 5551.5723 5886.8867 311.60873452586804 5886.8867 6551.6328 648.8357061279843 7860.5355 8872.3614 2008gl "" "" ""
OBSERVED "" 53.209815616115264 3907.2813 4111.1739 203.3894312253227 3907.2813 4522.5361 186.65973179915892 4522.5361 5148.5221 91.38269714723072 5191.4469 5595.655 25.34417301767948 5595.655 5867.5118 135.64617323620655 5867.5118 6342.2268 186.39845670753357 7899.0313 8751.3386 2008gl "" "" ""
CMFGEN CMFGEN -4.440892098500626e-16 3998.4964 4000.2849 463.4982454571066 3998.4964 4694.2351 112.15692487207264 4694.2351 5050.1529 30.16918823484076 5236.1602 5500.8628 150.38780304743923 5550.9417 5937.2645 272.5538750746228 5937.2645 6518.831 489.6693971019074 7862.5587 8899.1486 2008gl "" "" ""
CMFGEN CMFGEN -0.0004719829047616919 3996.7079 4000.2849 449.15400150586896 3996.7079 4688.8695 237.20806230979053 4688.8695 5230.7946 36.938139466258946 5230.7946 5500.8628 172.6111385177441 5550.9417 5872.8774 232.98131171161492 5872.8774 6514.9918 590.5941011902286 7851.041 8899.1486 2008gl "" "" ""
CMFGEN CMFGEN 0.20940447107752647 3998.4964 4034.267 387.96416041816497 4034.267 4681.7154 242.5698662532913 4681.7154 5225.429 36.08952517727846 5225.429 5500.8628 172.95083386469673 5550.9417 5872.8774 216.48062661117143 5872.8774 6511.1526 580.6762041268184 7854.8802 8899.1486 2008gl "" "" ""
CMFGEN CMFGEN -0.002012109099761794 3993.1308 4000.2849 494.32994730857064 3993.1308 4683.504 121.25688053218894 4683.504 5050.1529 45.108623651950694 5250.4684 5500.8628 177.09441360666412 5550.9417 5885.3971 309.4992916243543 5885.3971 6551.4644 648.8327143737472 7860.6391 8872.2741 2008gl "" "" ""
OBSERVED "" 0.849874953940521 3965.5564 4000.8733 269.8636338945081 3965.5564 4613.0324 262.3326559988558 4613.0324 5254.6223 -1.8925096739452272 5254.6223 5504.7835 86.3767092489372 5551.8726 5852.0661 167.05791153499035 5852.0661 6458.3391 323.70186059940346 7841.5833 8606.7822 2008gp "" "" ""
CMFGEN CMFGEN 0.0 3997.9302 4000.8733 465.89074150967514 3997.9302 4695.4385 111.46437539481315 4695.4385 5051.5503 30.26839643274704 5236.9639 5501.8404 149.9711366595812 5551.8726 5937.4152 272.9720743269377 5937.4152 6520.1436 489.18930523650374 7859.2417 8898.1464 2008gp "" "" ""
CMFGEN CMFGEN -4.440892098500626e-16 3997.9302 4000.8733 451.9346809675901 3997.9302 4686.6092 234.93168481702628 4686.6092 5231.0777 36.629918205019294 5231.0777 5501.8404 172.0660445455431 5551.8726 5872.6676 229.04921418737246 5872.6676 6514.2575 590.0191071549783 7853.3556 8898.1464 2008gp "" "" ""
CMFGEN CMFGEN 0.1534162873767002 3997.9302 4036.1901 389.27839113034963 4036.1901 4683.6662 241.22888364928463 4683.6662 5225.1916 35.42716993516845 5225.1916 5501.8404 172.31238530092065 5551.8726 5872.6676 211.72352540311067 5872.6676 6511.3144 579.9904698534127 7856.2986 8898.1464 2008gp "" "" ""
CMFGEN CMFGEN -0.0056199335087079305 3992.0441 4000.8733 496.7456457153838 3992.0441 4683.6662 120.00184284150833 4683.6662 5051.5503 45.66616841186027 5251.6792 5501.8404 176.11632997719946 5551.8726 5887.3829 310.87035838122426 5887.3829 6552.5174 649.4111394854709 7862.1848 8871.6588 2008gp "" "" ""
OBSERVED "" 26.949196487188658 3930.9945 4075.77 129.54132332883785 3930.9945 4492.2231 104.46915493760571 4519.0334 5089.1987 74.34770489189634 5178.5663 5618.255 19.831967934174884 5618.255 5895.2946 86.78970510868373 5895.2946 6355.531 105.87657696735573 7630.4462 8525.1908 2008gp "" "" ""
CMFGEN CMFGEN 0.0 3998.9139 4000.7012 465.6612505615803 3998.9139 4694.1939 111.13123623923624 4694.1939 5051.6643 27.864472415357397 5235.7616 5500.2897 151.98861105098484 5550.3356 5936.4037 271.46906405890445 5936.4037 6518.7355 489.8515140410947 7862.7726 8899.6012 2008gp "" "" ""
CMFGEN CMFGEN -0.0005266111281265751 3997.1265 4000.7012 451.97905958257957 3997.1265 4688.8318 235.22843722333198 4688.8318 5230.3995 34.87232596389961 5230.3995 5500.2897 173.23584937681957 5550.3356 5873.8463 231.6425089029221 5873.8463 6514.8954 591.3261230887049 7851.2523 8899.6012 2008gp "" "" ""
CMFGEN CMFGEN 0.10664728661414102 3998.9139 4036.4483 389.68234782623296 4036.4483 4681.6824 241.29344178700904 4681.6824 5226.8248 35.21440519343889 5226.8248 5500.2897 173.30343448639005 5550.3356 5875.6337 215.38223119844866 5875.6337 6512.9754 581.4864205833984 7855.0924 8899.6012 2008gp "" "" ""
CMFGEN CMFGEN -0.002085569359899786 3993.5518 4000.7012 496.0500330170315 3993.5518 4683.4698 119.92496351354171 4683.4698 5051.6643 42.94649326713045 5250.0604 5500.2897 177.3508438232131 5550.3356 5888.1452 308.51127236591867 5888.1452 6551.3764 649.5489843882546 7860.8525 8872.7204 2008gp "" "" ""
OBSERVED "" 0.7813662863782369 3977.3287 4000.8733 294.86469721304553 3977.3287 4645.4062 402.7510540947538 4645.4062 5504.7835 29.927165152234807 5292.8822 5504.7835 68.92819705681097 5557.7588 5837.3507 240.00483042700745 5837.3507 6496.599 502.3738542802853 7703.2589 8695.0744 2008gp "" "" ""
CMFGEN CMFGEN 0.0 3997.9302 4000.8733 465.89074150967514 3997.9302 4695.4385 111.46437539481315 4695.4385 5051.5503 30.26839643274704 5236.9639 5501.8404 149.9711366595812 5551.8726 5937.4152 272.9720743269377 5937.4152 6520.1436 489.18930523650374 7859.2417 8898.1464 2008gp "" "" ""
CMFGEN CMFGEN -4.440892098500626e-16 3997.9302 4000.8733 451.9346809675901 3997.9302 4686.6092 234.93168481702628 4686.6092 5231.0777 36.629918205019294 5231.0777 5501.8404 172.0660445455431 5551.8726 5872.6676 229.04921418737246 5872.6676 6514.2575 590.0191071549783 7853.3556 8898.1464 2008gp "" "" ""
CMFGEN CMFGEN 0.1534162873767002 3997.9302 4036.1901 389.27839113034963 4036.1901 4683.6662 241.22888364928463 4683.6662 5225.1916 35.42716993516845 5225.1916 5501.8404 172.31238530092065 5551.8726 5872.6676 211.72352540311067 5872.6676 6511.3144 579.9904698534127 7856.2986 8898.1464 2008gp "" "" ""
CMFGEN CMFGEN -0.0056199335087079305 3992.0441 4000.8733 496.7456457153838 3992.0441 4683.6662 120.00184284150833 4683.6662 5051.5503 45.66616841186027 5251.6792 5501.8404 176.11632997719946 5551.8726 5887.3829 310.87035838122426 5887.3829 6552.5174 649.4111394854709 7862.1848 8871.6588 2008gp "" "" ""
OBSERVED "" "" "" "" "" "" "" "" "" "" "" "" "" 44.62746680330139 5601.9822 5841.9921 35.17753605775874 5841.9921 6223.6472 249.06897839567114 7596.8186 8324.7175 2008hu "" "" ""
CMFGEN CMFGEN "" "" "" "" "" "" "" "" "" "" "" "" -2.8068839926787916 5653.1318 5802.6462 249.69467811134086 5802.6462 6597.4331 462.5435085631035 7502.3885 8899.1675 2008hu "" "" ""
CMFGEN CMFGEN "" "" "" "" "" "" "" "" "" "" "" "" -1.8041008820524382 5629.5243 5802.6462 196.65665904005243 5802.6462 6597.4331 454.5465273050165 7502.3885 8899.1675 2008hu "" "" ""
