results/equivalent_width/fixed_True.ecsv
# %ECSV 0.9
# ---
# datatype:
# - name: model
#   datatype: string
# - name: version
#   datatype: string
# - name: time
#   datatype: float64
# - name: pW2
#   datatype: float64
# - name: pW2_start
#   datatype: float64
# - name: pW2_end
#   datatype: float64
# - name: pW3
#   datatype: float64
# - name: pW3_start
#   datatype: float64
# - name: pW3_end
#   datatype: float64
# - name: pW4
#   datatype: float64
# - name: pW4_start
#   datatype: float64
# - name: pW4_end
#   datatype: float64
# - name: pW5
#   datatype: float64
# - name: pW5_start
#   datatype: float64
# - name: pW5_end
#   datatype: float64
# - name: pW6
#   datatype: float64
# - name: pW6_start
#   datatype: float64
# - name: pW6_end
#   datatype: float64
# - name: pW7
#   datatype: float64
# - name: pW7_start
#   datatype: float64
# - name: pW7_end
#   datatype: float64
# - name: pW8
#   datatype: float64
# - name: pW8_start
#   datatype: float64
# - name: pW8_end
#   datatype: float64
# - name: pW1
#   datatype: float64
# - name: pW1_start
#   datatype: float64
# - name: pW1_end
#   datatype: float64
# - name: obj_id
#   datatype: string
# schema: astropy-2.0
model version time pW2 pW2_start pW2_end pW3 pW3_start pW3_end pW4 pW4_start pW4_end pW5 pW5_start pW5_end pW6 pW6_start pW6_end pW7 pW7_start pW7_end pW8 pW8_start pW8_end pW1 pW1_start pW1_end obj_id
[from data line 1600]
OBSERVED "" 2400037.33 1.2651647974448936 3985.526 4000.7331 287.64022113720455 3985.526 4654.6363 400.5450064750456 4654.6363 5530.5624 15.924057535178834 5296.3738 5560.9765 49.80095494366561 5560.9765 5837.7448 230.22778632543782 5837.7448 6549.4348 416.69663160620166 7772.0817 8800.0783 "" "" "" 2008fp
CMFGEN 1.04 2400037.33 -0.016402605632630143 3985.526 4000.7331 469.8092738498849 3985.526 4654.6363 180.7885277458871 4654.6363 5530.5624 108.48614728321154 5296.3738 5560.9765 159.58415029767 5560.9765 5837.7448 239.7625917294582 5837.7448 6549.4348 148.48376257264272 7772.0817 8800.0783 "" "" "" 2008fp
CMFGEN 1.02 2400037.33 -0.02273448801714575 3985.526 4000.7331 458.839563018411 3985.526 4654.6363 186.1706849811364 4654.6363 5530.5624 94.23952342280292 5296.3738 5560.9765 160.9014284061671 5560.9765 5837.7448 186.5223574159315 5837.7448 6549.4348 357.4660048107742 7772.0817 8800.0783 "" "" "" 2008fp
CMFGEN 1.4 2400037.33 0.0020241324257690846 3985.526 4000.7331 423.0622343847977 3985.526 4654.6363 183.16702289584373 4654.6363 5530.5624 75.52295468289097 5296.3738 5560.9765 158.0128396744055 5560.9765 5837.7448 156.69563599528053 5837.7448 6549.4348 316.0259649290261 7772.0817 8800.0783 "" "" "" 2008fp
CMFGEN 1.7 2400037.33 -0.03472874680313115 3985.526 4000.7331 493.5028283165583 3985.526 4654.6363 203.9408443773973 4654.6363 5530.5624 127.18755016946503 5296.3738 5560.9765 159.54542997161732 5560.9765 5837.7448 247.45860346693811 5837.7448 6549.4348 586.7146403975446 7772.0817 8800.0783 "" "" "" 2008fp
OBSERVED "" 2399997.3000000003 12.672525597165086 3927.1426 4066.0087 102.93282241477863 4066.0087 4591.7161 105.01416719978644 4591.7161 5172.9699 60.93720475348025 5172.9699 5655.0336 16.042766492232055 5655.0336 5914.9115 65.62978605829267 5914.9115 6295.8014 91.96174707290658 7789.6038 8424.4202 "" "" "" 2008fp
CMFGEN 1.04 2399997.3000000003 -31.619396017682174 3927.1426 4066.0087 367.10523007003326 4066.0087 4591.7161 -122.4198479440075 4591.7161 5172.9699 49.57763934944562 5172.9699 5655.0336 41.29544816519397 5655.0336 5914.9115 48.41695802975306 5914.9115 6295.8014 -292.5670768892786 7789.6038 8424.4202 "" "" "" 2008fp
CMFGEN 1.02 2399997.3000000003 -32.69476264099464 3927.1426 4066.0087 336.1373136900359 4066.0087 4591.7161 -64.07576592953335 4591.7161 5172.9699 41.681570873184654 5172.9699 5655.0336 47.1059587584097 5655.0336 5914.9115 66.2473063908675 5914.9115 6295.8014 -10.029830666639327 7789.6038 8424.4202 "" "" "" 2008fp
CMFGEN 1.4 2399997.3000000003 -24.77384643435076 3927.1426 4066.0087 297.66286450675284 4066.0087 4591.7161 -18.234795736002916 4591.7161 5172.9699 36.41877045839202 5172.9699 5655.0336 48.463746840526625 5655.0336 5914.9115 66.88898659934112 5914.9115 6295.8014 3.613531485075157 7789.6038 8424.4202 "" "" "" 2008fp
CMFGEN 1.7 2399997.3000000003 -39.13842301263858 3927.1426 4066.0087 390.5920834056112 4066.0087 4591.7161 -183.18853508090533 4591.7161 5172.9699 15.85652459256059 5172.9699 5655.0336 63.275057160634105 5655.0336 5914.9115 72.35353716087187 5914.9115 6295.8014 168.2398637432699 7789.6038 8424.4202 "" "" "" 2008fp
OBSERVED "" 2400001.3200000003 7.267402891858449 3954.0066 4059.8564 98.10118178768252 4059.8564 4583.057 115.56843128168688 4583.057 5178.8403 76.25916648850982 5178.8403 5668.7738 15.470504220111474 5668.7738 5907.692 75.33605021689769 5907.692 6294.8 94.39594904015155 7867.426 8541.8407 "" "" "" 2008fp
CMFGEN 1.04 2400001.3200000003 -13.039131333274506 3954.0066 4059.8564 359.0476130365776 4059.8564 4583.057 -177.58052631808306 4583.057 5178.8403 87.57862848038818 5178.8403 5668.7738 30.777355330933133 5668.7738 5907.692 45.72131982926565 5907.692 6294.8 237.6416487393713 7867.426 8541.8407 "" "" "" 2008fp
CMFGEN 1.02 2400001.3200000003 -11.453299542790756 3954.0066 4059.8564 325.59044038644765 4059.8564 4583.057 -109.10947786372412 4583.057 5178.8403 84.05935599600488 5178.8403 5668.7738 38.10909572966247 5668.7738 5907.692 65.62929802527455 5907.692 6294.8 333.6941225059428 7867.426 8541.8407 "" "" "" 2008fp
CMFGEN 1.4 2400001.3200000003 -6.510384977375007 3954.0066 4059.8564 284.75241182128997 4059.8564 4583.057 -56.444532651003264 4583.057 5178.8403 76.88922852488818 5178.8403 5668.7738 40.66381244985023 5668.7738 5907.692 67.16223072579619 5907.692 6294.8 331.3826405355348 7867.426 8541.8407 "" "" "" 2008fp
CMFGEN 1.7 2400001.3200000003 -13.801592858578717 3954.0066 4059.8564 383.6982022996071 4059.8564 4583.057 -249.29265481744946 4583.057 5178.8403 56.88635118185273 5178.8403 5668.7738 52.1431202799134 5668.7738 5907.692 69.3618065149804 5907.692 6294.8 353.96191392814353 7867.426 8541.8407 "" "" "" 2008fp
OBSERVED "" 2400008.33 12.829276360016054 3954.0066 4068.9293 100.00129097248467 4068.9293 4616.3241 160.58777832332353 4616.3241 5212.1074 58.350194991315774 5212.1074 5578.0454 24.871856769855277 5578.0454 5844.1821 95.01454056764439 5844.1821 6297.8243 193.5834563409946 7858.3532 8602.3263 "" "" "" 2008fp
CMFGEN 1.04 2400008.33 -15.922922106920424 3954.0066 4068.9293 396.3601629829394 4068.9293 4616.3241 86.83469592434031 4616.3241 5212.1074 69.93303840086158 5212.1074 5578.0454 145.9565959489173 5578.0454 5844.1821 0.8445361965097775 5844.1821 6297.8243 279.64517507639437 7858.3532 8602.3263 "" "" "" 2008fp
CMFGEN 1.02 2400008.33 -14.063419408101797 3954.0066 4068.9293 374.9232278456487 4068.9293 4616.3241 130.68638677500638 4616.3241 5212.1074 66.32860381683048 5212.1074 5578.0454 147.3146961395424 5578.0454 5844.1821 30.668513576245065 5844.1821 6297.8243 394.974867183744 7858.3532 8602.3263 "" "" "" 2008fp
CMFGEN 1.4 2400008.33 -8.41816905047134 3954.0066 4068.9293 343.93749667701286 4068.9293 4616.3241 156.2045574954301 4616.3241 5212.1074 57.08326948451189 5212.1074 5578.0454 144.54752118612956 5578.0454 5844.1821 31.84819933724375 5844.1821 6297.8243 389.8238543092073 7858.3532 8602.3263 "" "" "" 2008fp
CMFGEN 1.7 2400008.33 -17.830196748032726 3954.0066 4068.9293 416.06492539479086 4068.9293 4616.3241 53.61189482282198 4616.3241 5212.1074 55.8712907070195 5212.1074 5578.0454 148.2334571098683 5578.0454 5844.1821 -13.662834658092448 5844.1821 6297.8243 371.4194697239002 7858.3532 8602.3263 "" "" "" 2008fp
OBSERVED "" 2400043.3000000003 "" "" "" "" "" "" 386.45953003934346 4656.5011 5538.5664 15.323074180948844 5298.6741 5538.5664 62.88878982526041 5560.7103 5844.8903 228.7525250193658 5844.8903 6554.0 407.05209795260777 7753.3043 8817.8107 "" "" "" 2008fp
CMFGEN 1.04 2400043.3000000003 "" "" "" "" "" "" 198.1562830017163 4656.5011 5538.5664 87.13478925662903 5298.6741 5538.5664 161.8075094939595 5560.7103 5844.8903 261.5609733625573 5844.8903 6554.0 143.9481837558081 7753.3043 8817.8107 "" "" "" 2008fp
CMFGEN 1.02 2400043.3000000003 "" "" "" "" "" "" 197.8366747296755 4656.5011 5538.5664 77.5450915674 5298.6741 5538.5664 163.98448624897753 5560.7103 5844.8903 210.69034707501862 5844.8903 6554.0 401.24106092809086 7753.3043 8817.8107 "" "" "" 2008fp
CMFGEN 1.4 2400043.3000000003 "" "" "" "" "" "" 189.16269659738342 4656.5011 5538.5664 64.5779392039485 5298.6741 5538.5664 161.7406731519888 5560.7103 5844.8903 181.45545212163339 5844.8903 6554.0 371.37725512707186 7753.3043 8817.8107 "" "" "" 2008fp
CMFGEN 1.7 2400043.3000000003 "" "" "" "" "" "" 224.39534409636502 4656.5011 5538.5664 103.22521024155233 5298.6741 5538.5664 163.78909979298243 5560.7103 5844.8903 272.47680986511983 5844.8903 6554.0 588.1027287175069 7753.3043 8817.8107 "" "" "" 2008fp
OBSERVED "" 2400142.18 "" "" "" "" "" "" "" "" "" "" "" "" 170.16524082332788 5550.8325074331 5912.8146679881 228.65557287349787 5912.8146679881 6534.4796828543 635.9323263347237 7502.38850346876 8848.01783944496 "" "" "" 2008fp
CMFGEN 1.04 2400142.18 "" "" "" "" "" "" "" "" "" "" "" "" 158.13153393631697 5550.8325074331 5912.8146679881 269.67145132766905 5912.8146679881 6534.4796828543 284.0578221434872 7502.38850346876 8848.01783944496 "" "" "" 2008fp
CMFGEN 1.02 2400142.18 "" "" "" "" "" "" "" "" "" "" "" "" 162.9683679638307 5550.8325074331 5912.8146679881 225.7697595193792 5912.8146679881 6534.4796828543 409.18187934627343 7502.38850346876 8848.01783944496 "" "" "" 2008fp
CMFGEN 1.4 2400142.18 "" "" "" "" "" "" "" "" "" "" "" "" 165.34161345690202 5550.8325074331 5912.8146679881 205.1152260850369 5912.8146679881 6534.4796828543 401.72691188493104 7502.38850346876 8848.01783944496 "" "" "" 2008fp
CMFGEN 1.7 2400142.18 "" "" "" "" "" "" "" "" "" "" "" "" 169.42917893454498 5550.8325074331 5912.8146679881 306.9823516782202 5912.8146679881 6534.4796828543 717.9441174668052 7502.38850346876 8848.01783944496 "" "" "" 2008fp
OBSERVED "" 2400142.1300000004 44.764735750819284 3971.23889994621 4119.50452041626 274.50063345422166 4119.50452041626 4674.82666254043 267.69285203312154 4674.82666254043 5332.58686971664 11.119619339573562 5297.54226851463 5513.2013528347 178.91633603330487 5550.94169259071 5877.12605762481 "" "" "" "" "" "" 295.6453976900697 3518.35482287407 4006.28350114822 2008fp
CMFGEN 1.04 2400142.1300000004 -17.813870624427487 3971.23889994621 4119.50452041626 372.8852080218677 4119.50452041626 4674.82666254043 192.06039012659068 4674.82666254043 5332.58686971664 65.44168675178824 5297.54226851463 5513.2013528347 167.49194965272602 5550.94169259071 5877.12605762481 "" "" "" "" "" "" 272.99455562763546 3518.35482287407 4006.28350114822 2008fp
CMFGEN 1.02 2400142.1300000004 -13.648531081784494 3971.23889994621 4119.50452041626 352.3658971952036 4119.50452041626 4674.82666254043 207.51049804220293 4674.82666254043 5332.58686971664 62.200455812106455 5297.54226851463 5513.2013528347 172.22877489271946 5550.94169259071 5877.12605762481 "" "" "" "" "" "" 205.11793010085816 3518.35482287407 4006.28350114822 2008fp
CMFGEN 1.4 2400142.1300000004 -16.34715644736584 3971.23889994621 4119.50452041626 322.7848892518614 4119.50452041626 4674.82666254043 211.62921862738736 4674.82666254043 5332.58686971664 54.30742870221334 5297.54226851463 5513.2013528347 172.6927151206643 5550.94169259071 5877.12605762481 "" "" "" "" "" "" 177.89621092250786 3518.35482287407 4006.28350114822 2008fp
CMFGEN 1.7 2400142.1300000004 -19.660471619747184 3971.23889994621 4119.50452041626 400.7166421541497 4119.50452041626 4674.82666254043 217.39947992912823 4674.82666254043 5332.58686971664 77.7128653990167 5297.54226851463 5513.2013528347 179.51669876649038 5550.94169259071 5877.12605762481 "" "" "" "" "" "" 288.94400629645656 3518.35482287407 4006.28350114822 2008fp
OBSERVED "" 2400086.12 3.9053142058154204 3974.8737 4012.7534 318.9331904853412 3974.8737 4668.6716 271.9386908143042 4668.6716 5394.3683 -3.641988258735094 5298.672 5533.9253 132.18364394607482 5555.8557 5878.8306 210.02405883838892 5878.8306 6514.8121 533.2377223184444 7501.6798 8833.4528 "" "" "" 2008fp
CMFGEN 1.04 2400086.12 -0.4623989268702268 3974.8737 4012.7534 478.11085511006786 3974.8737 4668.6716 125.12062097917777 4668.6716 5394.3683 83.07621255799097 5298.672 5533.9253 162.65227750466758 5555.8557 5878.8306 268.62424240968153 5878.8306 6514.8121 279.49411902728406 7501.6798 8833.4528 "" "" "" 2008fp
CMFGEN 1.02 2400086.12 -0.6439479383914923 3974.8737 4012.7534 469.09571875932886 3974.8737 4668.6716 129.54326280395497 4668.6716 5394.3683 74.84441035337608 5298.672 5533.9253 167.3392226013564 5555.8557 5878.8306 228.86856700342304 5878.8306 6514.8121 382.40464529897594 7501.6798 8833.4528 "" "" "" 2008fp
CMFGEN 1.4 2400086.12 -0.012937211646887655 3974.8737 4012.7534 433.7549037606541 3974.8737 4668.6716 132.4518565907341 4668.6716 5394.3683 63.112100252393404 5298.672 5533.9253 167.91129787258933 5555.8557 5878.8306 211.60640695815914 5878.8306 6514.8121 362.3353021966565 7501.6798 8833.4528 "" "" "" 2008fp
CMFGEN 1.7 2400086.12 -0.6269457924792372 3974.8737 4012.7534 503.59711750743037 3974.8737 4668.6716 138.95406129645926 4668.6716 5394.3683 98.44301836690815 5298.672 5533.9253 174.76863655818107 5555.8557 5878.8306 292.03699176729583 5878.8306 6514.8121 713.725293382485 7501.6798 8833.4528 "" "" "" 2008fp
OBSERVED "" 2400050.86 5.753084451887352 3966.1246 4010.4274 313.47372704872953 3966.1246 4626.8133 382.1454955787363 4626.8133 5537.9088 15.477983829794331 5285.5758 5537.9088 85.46417479198949 5564.8757 5846.1018 229.38300105082357 5846.1018 6520.2739 508.86397481144365 7745.341 8656.4365 "" "" "" 2008gl
CMFGEN 1.04 2400050.86 -0.8554999307880214 3966.1246 4010.4274 458.73330019186955 3966.1246 4626.8133 116.64366078253492 4626.8133 5537.9088 87.50425500879815 5285.5758 5537.9088 157.98278607385726 5564.8757 5846.1018 258.3919113677794 5846.1018 6520.2739 -99.09861018195633 7745.341 8656.4365 "" "" "" 2008gl
CMFGEN 1.02 2400050.86 -1.3468664568442315 3966.1246 4010.4274 447.6669408922027 3966.1246 4626.8133 121.98941773063866 4626.8133 5537.9088 81.27987219630889 5285.5758 5537.9088 160.2344069297872 5564.8757 5846.1018 213.33784838565597 5846.1018 6520.2739 266.51978547029 7745.341 8656.4365 "" "" "" 2008gl
CMFGEN 1.4 2400050.86 -0.7543566075759139 3966.1246 4010.4274 411.11402154351305 3966.1246 4626.8133 123.62791865182855 4626.8133 5537.9088 68.51051348418758 5285.5758 5537.9088 158.150144150399 5564.8757 5846.1018 191.72581504278014 5846.1018 6520.2739 295.4628871094787 7745.341 8656.4365 "" "" "" 2008gl
CMFGEN 1.7 2400050.86 -0.986671978742861 3966.1246 4010.4274 480.77480536604077 3966.1246 4626.8133 113.66561711969194 4626.8133 5537.9088 100.52204350342662 5285.5758 5537.9088 160.10448524520672 5564.8757 5846.1018 256.51933407873213 5846.1018 6520.2739 212.75202076245387 7745.341 8656.4365 "" "" "" 2008gl
OBSERVED "" 2400056.85 7.0351853739707835 3945.5928 4007.3613 300.90775047402985 3945.5928 4625.0457 343.7724166191383 4625.0457 5489.8039 13.266973050965438 5292.7331 5560.3964 98.65077577086882 5560.3964 5883.9454 228.68447833027508 5883.9454 6542.8087 673.908256504664 7713.4678 8807.6516 "" "" "" 2008gl
CMFGEN 1.04 2400056.85 -2.490009610414437 3945.5928 4007.3613 461.2398573660901 3945.5928 4625.0457 31.695948890177508 4625.0457 5489.8039 109.82952463409788 5292.7331 5560.3964 156.3240488314055 5560.3964 5883.9454 267.7784957066357 5883.9454 6542.8087 118.25786644635664 7713.4678 8807.6516 "" "" "" 2008gl
CMFGEN 1.02 2400056.85 -4.348471570673711 3945.5928 4007.3613 450.6540482545609 3945.5928 4625.0457 58.11184758959743 4625.0457 5489.8039 96.62851013230336 5292.7331 5560.3964 161.08002399536602 5560.3964 5883.9454 225.8185685459817 5883.9454 6542.8087 408.92427412295035 7713.4678 8807.6516 "" "" "" 2008gl
CMFGEN 1.4 2400056.85 -4.766367546112584 3945.5928 4007.3613 411.20691047056187 3945.5928 4625.0457 75.9787403390964 4625.0457 5489.8039 78.0735330766455 5292.7331 5560.3964 162.06974081897354 5560.3964 5883.9454 204.76640483816223 5883.9454 6542.8087 376.85766517165655 7713.4678 8807.6516 "" "" "" 2008gl
CMFGEN 1.7 2400056.85 -3.452735236812543 3945.5928 4007.3613 480.713881054134 3945.5928 4625.0457 13.708873125898855 4625.0457 5489.8039 127.86801449105498 5292.7331 5560.3964 168.57725316980054 5560.3964 5883.9454 308.68119210681425 5883.9454 6542.8087 552.1181035490054 7713.4678 8807.6516 "" "" "" 2008gl
OBSERVED "" 2400027.95 3.8390189825176315 3951.4755 4004.4199 280.310573032637 3951.4755 4595.6321 414.77246891907896 4595.6321 5510.3934 29.72173445870766 5295.6745 5510.3934 40.582343108746564 5551.5723 5810.4115 241.28389772834777 5810.4115 6501.6298 457.10114024208485 7784.0603 8734.1177 "" "" "" 2008gl
CMFGEN 1.04 2400027.95 -1.610863310097185 3951.4755 4004.4199 421.09769598816956 3951.4755 4595.6321 -258.83651705966463 4595.6321 5510.3934 64.15628477522523 5295.6745 5510.3934 146.76168788571783 5551.5723 5810.4115 143.43280550738592 5810.4115 6501.6298 101.6138231021028 7784.0603 8734.1177 "" "" "" 2008gl
