results/equivalent_width/fixed_True.ecsv
# %ECSV 0.9
# ---
# datatype:
# - name: model
#   datatype: string
# - name: version
#   datatype: string
# - name: time
#   datatype: float64
# - name: pW2
#   datatype: float64
# - name: pW2_start
#   datatype: float64
# - name: pW2_end
#   datatype: float64
# - name: pW3
#   datatype: float64
# - name: pW3_start
#   datatype: float64
# - name: pW3_end
#   datatype: float64
# - name: pW4
#   datatype: float64
# - name: pW4_start
#   datatype: float64
# - name: pW4_end
#   datatype: float64
# - name: pW5
#   datatype: float64
# - name: pW5_start
#   datatype: float64
# - name: pW5_end
#   datatype: float64
# - name: pW6
#   datatype: float64
# - name: pW6_start
#   datatype: float64
# - name: pW6_end
#   datatype: float64
# - name: pW7
#   datatype: float64
# - name: pW7_start
#   datatype: float64
# - name: pW7_end
#   datatype: float64
# - name: pW8
#   datatype: float64
# - name: pW8_start
#   datatype: float64
# - name: pW8_end
#   datatype: float64
# - name: obj_id
#   datatype: string
# - name: pW1
#   datatype: float64
# - name: pW1_start
#   datatype: float64
# - name: pW1_end
#   datatype: float64
# schema: astropy-2.0
model version time pW2 pW2_start pW2_end pW3 pW3_start pW3_end pW4 pW4_start pW4_end pW5 pW5_start pW5_end pW6 pW6_start pW6_end pW7 pW7_start pW7_end pW8 pW8_start pW8_end obj_id pW1 pW1_start pW1_end
[from data line 1560]
OBSERVED "" 54185.29000000004 31.082430967706784 3942.5192 4092.4808 236.12199370586487 3942.5192 4583.5315 324.4768545511041 4583.5315 5409.7904 29.828806025993625 5221.6033 5533.2882 59.28698215540071 5565.6329 5862.6156 135.81519753708648 5862.6156 6353.6663 724.7023434817896 7673.9164 8770.6943 2007ai 117.08371004711437 3672.0002 3942.5192
CMFGEN 1.04 54185.29000000004 -34.846217669766105 3942.5192 4092.4808 405.0010842555731 3942.5192 4583.5315 -475.52484489634946 4583.5315 5409.7904 41.89626457713883 5221.6033 5533.2882 157.91710173103797 5565.6329 5862.6156 52.00468415412483 5862.6156 6353.6663 116.45190296158475 7673.9164 8770.6943 2007ai 175.92013620089318 3672.0002 3942.5192
CMFGEN 1.02 54185.29000000004 -34.06175340464562 3942.5192 4092.4808 379.7707821300121 3942.5192 4583.5315 -472.88171603561324 4583.5315 5409.7904 48.16858468392332 5221.6033 5533.2882 161.50352457081746 5565.6329 5862.6156 58.05907354867306 5862.6156 6353.6663 354.6194660187842 7673.9164 8770.6943 2007ai 150.9363743656365 3672.0002 3942.5192
CMFGEN 1.4 54185.29000000004 -26.618871454252847 3942.5192 4092.4808 324.57587716931795 3942.5192 4583.5315 -418.90098638724317 4583.5315 5409.7904 47.56625257728947 5221.6033 5533.2882 160.70476232812908 5565.6329 5862.6156 54.630165382427336 5862.6156 6353.6663 324.8997389778161 7673.9164 8770.6943 2007ai 136.4441956193974 3672.0002 3942.5192
CMFGEN 1.7 54185.29000000004 -43.884461283645614 3942.5192 4092.4808 423.8754049718171 3942.5192 4583.5315 -578.1145307159036 4583.5315 5409.7904 23.59890321557636 5221.6033 5533.2882 167.30867340810747 5565.6329 5862.6156 57.732093499517475 5862.6156 6353.6663 500.9166686708866 7673.9164 8770.6943 2007ai 181.5191427761221 3672.0002 3942.5192
OBSERVED "" 54169.37000000011 "" "" "" "" "" "" 233.94317439331937 4502.6315 5143.9739 81.72561855761347 5151.1598 5539.1988 46.61227941030967 5627.2262 5903.8837 104.17825738451512 5903.8837 6338.6312 151.4717611156325 7808.1495 8508.7756 2007ai "" "" ""
CMFGEN 1.04 54169.37000000011 "" "" "" "" "" "" -1368.8616393371185 4502.6315 5143.9739 -174.91253734459093 5151.1598 5539.1988 78.24586221616268 5627.2262 5903.8837 56.334652677658326 5903.8837 6338.6312 51.146522358529666 7808.1495 8508.7756 2007ai "" "" ""
CMFGEN 1.02 54169.37000000011 "" "" "" "" "" "" -1312.8020959587614 4502.6315 5143.9739 -199.67373410635773 5151.1598 5539.1988 81.96803466926247 5627.2262 5903.8837 61.53246835689814 5903.8837 6338.6312 180.89661922802594 7808.1495 8508.7756 2007ai "" "" ""
CMFGEN 1.4 54169.37000000011 "" "" "" "" "" "" -1010.544213846744 4502.6315 5143.9739 -167.16885668178992 5151.1598 5539.1988 81.8533997642905 5627.2262 5903.8837 57.3161865395143 5903.8837 6338.6312 181.6425210327723 7808.1495 8508.7756 2007ai "" "" ""
CMFGEN 1.7 54169.37000000011 "" "" "" "" "" "" -1681.8896367848401 4502.6315 5143.9739 -227.29539131649415 5151.1598 5539.1988 99.3903812335102 5627.2262 5903.8837 80.11333807438068 5903.8837 6338.6312 271.6628962735872 7808.1495 8508.7756 2007ai "" "" ""
OBSERVED "" 54171.39000000013 "" "" "" "" "" "" 168.95515400044238 4524.306 5124.5271 75.03910065831025 5174.845 5582.7796 28.255232562074326 5582.7796 5913.4403 79.4921427300476 5913.4403 6301.6072 149.11209378802795 7816.5363 8556.9287 2007ai "" "" ""
CMFGEN 1.04 54171.39000000013 "" "" "" "" "" "" -992.2255620881027 4524.306 5124.5271 -54.037724333546656 5174.845 5582.7796 123.29866627131366 5582.7796 5913.4403 44.149005277858855 5913.4403 6301.6072 107.49156312072589 7816.5363 8556.9287 2007ai "" "" ""
CMFGEN 1.02 54171.39000000013 "" "" "" "" "" "" -1147.6583396297383 4524.306 5124.5271 -54.903716796314164 5174.845 5582.7796 126.02595614198304 5582.7796 5913.4403 61.48943361696152 5913.4403 6301.6072 279.71944016185813 7816.5363 8556.9287 2007ai "" "" ""
CMFGEN 1.4 54171.39000000013 "" "" "" "" "" "" -969.3629574170923 4524.306 5124.5271 -51.368795408330854 5174.845 5582.7796 127.13496585431992 5582.7796 5913.4403 61.35347931080724 5913.4403 6301.6072 278.7323325200183 7816.5363 8556.9287 2007ai "" "" ""
CMFGEN 1.7 54171.39000000013 "" "" "" "" "" "" -1227.2926411227966 4524.306 5124.5271 -87.72398169153226 5174.845 5582.7796 138.1662481041049 5582.7796 5913.4403 70.52120921896827 5913.4403 6301.6072 306.363937150654 7816.5363 8556.9287 2007ai "" "" ""
OBSERVED "" 54173.35000000009 8.817192252669237 3980.5419 4089.4547 108.24707655196676 4089.4547 4510.3878 170.8323531645229 4510.3878 5137.372 75.29777496470749 5155.0335 5555.3615 31.451086449112648 5555.3615 5917.4228 84.77173821551537 5917.4228 6326.5815 190.09842681580662 7871.9652 8487.1751 2007ai 114.50077886140404 3627.3114 4089.4547
CMFGEN 1.04 54173.35000000009 -9.685817527987664 3980.5419 4089.4547 173.2649762018726 4089.4547 4510.3878 -1251.3236719934728 4510.3878 5137.372 -150.22489895850717 5155.0335 5555.3615 153.08225481666994 5555.3615 5917.4228 51.45697780676999 5917.4228 6326.5815 225.65850312574202 7871.9652 8487.1751 2007ai 46.90004518968399 3627.3114 4089.4547
CMFGEN 1.02 54173.35000000009 -7.093233593695999 3980.5419 4089.4547 68.34268235802003 4089.4547 4510.3878 -1298.368923330831 4510.3878 5137.372 -174.94415082415537 5155.0335 5555.3615 157.40514627985468 5555.3615 5917.4228 58.569617987553286 5917.4228 6326.5815 282.16440124116787 7871.9652 8487.1751 2007ai 87.74445005991318 3627.3114 4089.4547
CMFGEN 1.4 54173.35000000009 -5.530481278238194 3980.5419 4089.4547 36.30740052028142 4089.4547 4510.3878 -1018.7914800391786 4510.3878 5137.372 -150.84416564423572 5155.0335 5555.3615 159.68685068992247 5555.3615 5917.4228 54.02612928737073 5917.4228 6326.5815 274.5855869185026 7871.9652 8487.1751 2007ai 120.79798514014824 3627.3114 4089.4547
CMFGEN 1.7 54173.35000000009 -11.944726901563918 3980.5419 4089.4547 201.36565198899547 4089.4547 4510.3878 -1549.6810362214806 4510.3878 5137.372 -198.53789034306604 5155.0335 5555.3615 163.04230800095633 5555.3615 5917.4228 78.11227173154033 5917.4228 6326.5815 326.3656226616523 7871.9652 8487.1751 2007ai 26.452182238526163 3627.3114 4089.4547
OBSERVED "" 54185.14999999991 0.6711115594913156 3991.5582 4003.545 323.83254870522114 3991.5582 4590.9005 401.31830275138213 4590.9005 5444.9634 51.77081555610392 5274.1508 5618.7727 52.08036682699338 5618.7727 5855.5129 201.37666376779055 5855.5129 6541.7599 505.56752888696576 7737.4478 8657.4383 2007al 234.78039818908474 3566.0251 3991.5582
CMFGEN 1.04 54185.14999999991 -0.010585723401597281 3991.5582 4003.545 407.6249063906185 3991.5582 4590.9005 -376.1015939498651 4590.9005 5444.9634 172.9333651133731 5274.1508 5618.7727 105.47370037879031 5618.7727 5855.5129 262.8391671431071 5855.5129 6541.7599 -105.25167756030862 7737.4478 8657.4383 2007al 230.92492170630902 3566.0251 3991.5582
CMFGEN 1.02 54185.14999999991 -0.02376170180855816 3991.5582 4003.545 379.6214913389423 3991.5582 4590.9005 -352.5608273972269 4590.9005 5444.9634 160.17042035411342 5274.1508 5618.7727 108.02093694291531 5618.7727 5855.5129 219.2938767396393 5855.5129 6541.7599 272.05104789927054 7737.4478 8657.4383 2007al 154.36025826765584 3566.0251 3991.5582
CMFGEN 1.4 54185.14999999991 -0.00420430760036381 3991.5582 4003.545 327.9250803159192 3991.5582 4590.9005 -298.8746730945113 4590.9005 5444.9634 134.64206913682486 5274.1508 5618.7727 105.5148350599869 5618.7727 5855.5129 196.83013832012523 5855.5129 6541.7599 301.71317884063143 7737.4478 8657.4383 2007al 127.28925915208377 3566.0251 3991.5582
CMFGEN 1.7 54185.14999999991 -0.025395464642116353 3991.5582 4003.545 430.2898773139803 3991.5582 4590.9005 -483.04832968967355 4590.9005 5444.9634 187.44682948497504 5274.1508 5618.7727 117.59548620870537 5618.7727 5855.5129 286.07890555824065 5855.5129 6541.7599 193.42426800664012 7737.4478 8657.4383 2007al 250.64865648897324 3566.0251 3991.5582
OBSERVED "" 54178.10000000009 0.22330107603349353 3974.0809 4001.0464 292.4549839057574 3974.0809 4558.3335 302.7591918923321 4558.3335 5430.218 25.07097678101608 5295.3905 5615.9804 53.11041887359274 5615.9804 5924.5856 129.47047994930688 5924.5856 6538.7998 390.404387210662 7818.1631 8561.2125 2007al 128.89024314395039 3680.4565 3974.0809
CMFGEN 1.04 54178.10000000009 -0.16457235932577902 3974.0809 4001.0464 352.54087152329157 3974.0809 4558.3335 -1006.6759531252997 4558.3335 5430.218 171.17471028541826 5295.3905 5615.9804 75.88383826151329 5615.9804 5924.5856 270.6353596296593 5924.5856 6538.7998 126.67534714595064 7818.1631 8561.2125 2007al 173.6469014873899 3680.4565 3974.0809
CMFGEN 1.02 54178.10000000009 -0.20904355802252508 3974.0809 4001.0464 303.3445080341394 3974.0809 4558.3335 -1015.6564026605608 4558.3335 5430.218 152.8698195409561 5295.3905 5615.9804 77.42459230174346 5615.9804 5924.5856 225.58490677447259 5924.5856 6538.7998 294.43497382685837 7818.1631 8561.2125 2007al 166.23003156260123 3680.4565 3974.0809
CMFGEN 1.4 54178.10000000009 -0.11745225400874273 3974.0809 4001.0464 239.8255935997353 3974.0809 4558.3335 -864.0278867566411 4558.3335 5430.218 125.50603387172949 5295.3905 5615.9804 77.34841185855048 5615.9804 5924.5856 203.26375229183077 5924.5856 6538.7998 291.99191866470204 7818.1631 8561.2125 2007al 157.70921459011686 3680.4565 3974.0809
CMFGEN 1.7 54178.10000000009 -0.1808144897439391 3974.0809 4001.0464 376.62083478193153 3974.0809 4558.3335 -1290.451528916005 4558.3335 5430.218 190.3400730148401 5295.3905 5615.9804 91.05332361399144 5615.9804 5924.5856 305.07774526506137 5924.5856 6538.7998 312.2569989651785 7818.1631 8561.2125 2007al 181.64737086966716 3680.4565 3974.0809
OBSERVED "" 54172.25 "" "" "" "" "" "" 190.63169631795853 4548.8321 5398.2685 21.819114091973464 5237.8599 5593.3107 49.71695311583777 5593.3107 5910.4823 96.15354414866151 5910.4823 6357.0744 284.58746378221105 7826.2712 8551.7555 2007al "" "" ""
CMFGEN 1.04 54172.25 "" "" "" "" "" "" -1052.3736761064133 4548.8321 5398.2685 127.43381723057925 5237.8599 5593.3107 109.1057502602649 5593.3107 5910.4823 85.12606856530465 5910.4823 6357.0744 175.2675213365289 7826.2712 8551.7555 2007al "" "" ""
CMFGEN 1.02 54172.25 "" "" "" "" "" "" -1112.4690055438775 4548.8321 5398.2685 117.65518367165619 5237.8599 5593.3107 111.41222545036511 5593.3107 5910.4823 79.58222236210185 5910.4823 6357.0744 312.3249843258825 7826.2712 8551.7555 2007al "" "" ""
CMFGEN 1.4 54172.25 "" "" "" "" "" "" -979.1571901856998 4548.8321 5398.2685 98.22481255405248 5237.8599 5593.3107 112.08069268293215 5593.3107 5910.4823 74.02588436411055 5910.4823 6357.0744 307.10256162908445 7826.2712 8551.7555 2007al "" "" ""
CMFGEN 1.7 54172.25 "" "" "" "" "" "" -1291.9761721343648 4548.8321 5398.2685 135.24061746008618 5237.8599 5593.3107 126.67619564973403 5593.3107 5910.4823 107.11008582291271 5910.4823 6357.0744 322.6410966635349 7826.2712 8551.7555 2007al "" "" ""
OBSERVED "" 54173.08999999985 -0.34615151141473477 3970.4588 4000.4671 307.1036707220479 3970.4588 4549.6189 232.60825116035906 4549.6189 5410.8569 27.973484210905696 5272.8187 5587.9058 69.07727907156698 5587.9058 5923.9987 119.13505780027542 5923.9987 6365.1206 424.29921409454965 7808.5195 8552.7252 2007al 124.55141509358711 3691.3817 3970.4588
CMFGEN 1.04 54173.08999999985 -0.25699300560800953 3970.4588 4000.4671 331.4284065009598 3970.4588 4549.6189 -1134.8636654825636 4549.6189 5410.8569 135.3050226516483 5272.8187 5587.9058 109.78418414052125 5587.9058 5923.9987 99.6571342684764 5923.9987 6365.1206 35.02135374530006 7808.5195 8552.7252 2007al 159.9598995703998 3691.3817 3970.4588
CMFGEN 1.02 54173.08999999985 -0.3421225091009737 3970.4588 4000.4671 268.3873501053211 3970.4588 4549.6189 -1204.9968623011405 4549.6189 5410.8569 123.09284034307838 5272.8187 5587.9058 111.48581175354651 5587.9058 5923.9987 88.15893729725053 5923.9987 6365.1206 237.17930143475857 7808.5195 8552.7252 2007al 164.0083328482032 3691.3817 3970.4588
CMFGEN 1.4 54173.08999999985 -0.25336821123503933 3970.4588 4000.4671 197.85929809944875 3970.4588 4549.6189 -1050.7746810636886 4549.6189 5410.8569 100.04234573723859 5272.8187 5587.9058 112.6364742101319 5587.9058 5923.9987 81.53083765775374 5923.9987 6365.1206 241.60980804860574 7808.5195 8552.7252 2007al 156.80775575937759 3691.3817 3970.4588
CMFGEN 1.7 54173.08999999985 -0.24281604157485936 3970.4588 4000.4671 357.29124023308066 3970.4588 4549.6189 -1417.9552273014422 4549.6189 5410.8569 151.360871912321 5272.8187 5587.9058 120.14451638953913 5587.9058 5923.9987 114.86516530854254 5923.9987 6365.1206 294.14606075934523 7808.5195 8552.7252 2007al 175.66825028217718 3691.3817 3970.4588
OBSERVED "" 54208.189999999944 3.422315188965123 3943.601 4000.3899 307.96313255562063 3943.601 4607.1344 448.82617249873476 4607.1344 5533.6899 14.154237797349717 5297.5677 5533.6899 53.32503104931279 5554.6121 5853.501 241.92479141512297 5853.501 6517.0344 458.1873112374151 7778.3455 8675.0121 2007as "" "" ""
CMFGEN 1.04 54208.189999999944 -1.9573725280252157 3943.601 4000.3899 444.31507909564255 3943.601 4607.1344 -92.9898772300862 4607.1344 5533.6899 83.41396107958252 5297.5677 5533.6899 167.51872880707663 5554.6121 5853.501 263.57054463292775 5853.501 6517.0344 -19.784532447576254 7778.3455 8675.0121 2007as "" "" ""
CMFGEN 1.02 54208.189999999944 -3.3282412886454167 3943.601 4000.3899 428.29481240482346 3943.601 4607.1344 -88.74839361563903 4607.1344 5533.6899 75.44545809453773 5297.5677 5533.6899 170.81504313577784 5554.6121 5853.501 221.22716524331418 5853.501 6517.0344 260.23184774885965 7778.3455 8675.0121 2007as "" "" ""
CMFGEN 1.4 54208.189999999944 -4.15959652584599 3943.601 4000.3899 383.1341212139119 3943.601 4607.1344 -73.67837581457495 4607.1344 5533.6899 63.6760764699058 5297.5677 5533.6899 169.5033175764929 5554.6121 5853.501 201.86802170773439 5853.501 6517.0344 276.40096124922076 7778.3455 8675.0121 2007as "" "" ""
CMFGEN 1.7 54208.189999999944 -2.705659827849843 3943.601 4000.3899 459.80343091866996 3943.601 4607.1344 -154.7443359091709 4607.1344 5533.6899 98.64482552191872 5297.5677 5533.6899 173.12495391845087 5554.6121 5853.501 269.11021839298894 5853.501 6517.0344 319.9606950022358 7778.3455 8675.0121 2007as "" "" ""
OBSERVED "" 54185.08999999985 29.364182460337535 3901.6004 4086.3939 149.8361380373742 3901.6004 4512.6111 208.15354280574434 4512.6111 5183.2327 95.68977589761494 5183.2327 5609.4499 22.059288587500806 5609.4499 5859.8153 143.57784674170512 5859.8153 6309.8769 337.99479456902486 7713.7114 8500.574 2007as 145.87224916715206 3561.8188 3901.6004
CMFGEN 1.04 54185.08999999985 -82.49761962862542 3901.6004 4086.3939 100.09301410754608 3901.6004 4512.6111 -1107.1783192636292 4512.6111 5183.2327 20.715585933451734 5183.2327 5609.4499 113.64559427343652 5609.4499 5859.8153 18.630191164484756 5859.8153 6309.8769 -275.601955519838 7713.7114 8500.574 2007as 194.54864644116063 3561.8188 3901.6004
CMFGEN 1.02 54185.08999999985 -83.80357019881694 3901.6004 4086.3939 -85.3441886552553 3901.6004 4512.6111 -953.091072588151 4512.6111 5183.2327 18.88036760589361 5183.2327 5609.4499 115.97807866216024 5609.4499 5859.8153 43.51620112960404 5859.8153 6309.8769 79.36399897996667 7713.7114 8500.574 2007as 58.13278487017275 3561.8188 3901.6004
CMFGEN 1.4 54185.08999999985 -60.8807034594517 3901.6004 4086.3939 -198.92694964479813 3901.6004 4512.6111 -712.1202014328707 4512.6111 5183.2327 11.349925023529565 5183.2327 5609.4499 113.7912296629902 5609.4499 5859.8153 43.56582993267553 5859.8153 6309.8769 118.65752587622548 7713.7114 8500.574 2007as 4.752864914757152 3561.8188 3901.6004
