results/equivalent_width/fixed_False.ecsv
# %ECSV 0.9
# ---
# datatype:
# - name: model
#   datatype: string
# - name: version
#   datatype: string
# - name: time
#   datatype: float64
# - name: pW2
#   datatype: float64
# - name: pW2_start
#   datatype: float64
# - name: pW2_end
#   datatype: float64
# - name: pW3
#   datatype: float64
# - name: pW3_start
#   datatype: float64
# - name: pW3_end
#   datatype: float64
# - name: pW4
#   datatype: float64
# - name: pW4_start
#   datatype: float64
# - name: pW4_end
#   datatype: float64
# - name: pW5
#   datatype: float64
# - name: pW5_start
#   datatype: float64
# - name: pW5_end
#   datatype: float64
# - name: pW6
#   datatype: float64
# - name: pW6_start
#   datatype: float64
# - name: pW6_end
#   datatype: float64
# - name: pW7
#   datatype: float64
# - name: pW7_start
#   datatype: float64
# - name: pW7_end
#   datatype: float64
# - name: pW8
#   datatype: float64
# - name: pW8_start
#   datatype: float64
# - name: pW8_end
#   datatype: float64
# - name: pW1
#   datatype: float64
# - name: pW1_start
#   datatype: float64
# - name: pW1_end
#   datatype: float64
# - name: obj_id
#   datatype: string
# schema: astropy-2.0
model version time pW2 pW2_start pW2_end pW3 pW3_start pW3_end pW4 pW4_start pW4_end pW5 pW5_start pW5_end pW6 pW6_start pW6_end pW7 pW7_start pW7_end pW8 pW8_start pW8_end pW1 pW1_start pW1_end obj_id
[from data line 968]
CMFGEN 1.4 2400057.6300000004 0.2415768644033062 3997.8701 4034.0498 388.05745297121496 4034.0498 4682.2701 242.4978174471853 4682.2701 5224.9662 36.89078648279606 5224.9662 5502.3441 173.22989176193704 5550.5838 5873.1864 212.43681836695407 5873.1864 6512.3618 578.9149544291222 7854.027 8897.2094 164.77909423119297 3687.3274 4034.0498 2007af
CMFGEN 1.7 2400057.6300000004 -0.006260086926283447 3991.8402 4000.8851 495.219187950477 3991.8402 4682.2701 120.9187415490828 4682.2701 5050.0974 47.52312816428214 5252.101 5502.3441 177.47809439825286 5550.5838 5885.2464 311.42502452866484 5885.2464 6551.5565 648.2014110351105 7863.0719 8873.0896 305.77822547957743 3500.3987 3991.8402 2007af
OBSERVED "" 2399995.71 24.720247759250398 3941.55 4094.5343 143.66521168375698 3941.55 4518.4666 124.32156466381267 4518.4666 5104.599 77.49188199921883 5187.5423 5541.4336 21.545349107493614 5648.3382 5948.7772 101.4110119585378 5948.7772 6304.5117 108.09168440491369 7609.4858 8512.6459 "" "" "" 2007af
CMFGEN 1.04 2399995.71 -4.0927261579777263e-16 3998.6887 4000.5319 463.2160981188863 3998.6887 4695.4122 112.43269290477738 4695.4122 5051.1467 29.654407893905567 5235.4651 5500.8835 151.15470884059107 5550.6495 5935.8749 273.1543602794477 5935.8749 6518.321 490.0277959979919 7860.1588 8899.7145 "" "" "" 2007af
CMFGEN 1.02 2399995.71 -0.0005467086187241947 3996.8455 4000.5319 449.3988019209189 3996.8455 4688.0395 236.72946241646068 4688.0395 5229.9355 36.347031599950284 5229.9355 5500.8835 172.82372674084536 5550.6495 5873.2067 229.78941484129354 5873.2067 6514.6346 591.0670043548091 7850.9429 8899.7145 "" "" "" 2007af
CMFGEN 1.4 2399995.71 0.15004492548534565 3998.6887 4035.5524 386.9760771315231 4035.5524 4682.5099 242.87795944808107 4682.5099 5226.2492 36.545107705824975 5226.2492 5500.8835 173.17585257234484 5550.6495 5873.2067 212.4645151224732 5873.2067 6512.7915 581.2310304759503 7854.6293 8899.7145 "" "" "" 2007af
CMFGEN 1.7 2399995.71 -0.0023465084669006243 3993.1592 4000.5319 494.56146841938994 3993.1592 4682.5099 120.76838552624126 4682.5099 5051.1467 44.88144687319732 5250.2105 5500.8835 177.1638792431757 5550.6495 5886.109 311.4981682543997 5886.109 6551.4983 648.6323920847138 7862.002 8872.0668 "" "" "" 2007af
OBSERVED "" 2399999.73 21.748211916985017 3942.2099 4093.1972 128.53149305782438 3942.2099 4525.0209 147.23845046001958 4525.0209 5125.9505 89.74099642219868 5201.4441 5554.7545 23.936886324769446 5554.7545 5926.1833 106.36632646720511 5926.1833 6330.8293 207.04505645026939 7819.5643 8601.6786 119.01745567506185 3570.781 3942.2099 2007af
CMFGEN 1.04 2399999.73 3.3526514897630833e-16 3999.585 4002.6048 463.05093759453416 3999.585 4694.1267 112.10062853034944 4694.1267 5050.4568 28.55157626230489 5234.6613 5500.399 150.12700426313975 5551.7347 5935.2425 273.08633352856054 5935.2425 6518.0536 488.95238360133465 7858.821 8897.6138 285.69037003230693 3501.3269 3999.585 2007af
CMFGEN 1.02 2399999.73 -0.0036854307667954227 3996.5653 4002.6048 449.56352148089616 3996.5653 4688.0872 237.2470773036835 4688.0872 5231.6416 36.98604274355505 5231.6416 5500.399 172.07435549845064 5551.7347 5871.8278 229.6689229570609 5871.8278 6515.0338 589.3337556188288 7852.7815 8897.6138 226.72129278542934 3501.3269 3996.5653 2007af
CMFGEN 1.4 2399999.73 0.10896642482157375 3999.585 4035.822 386.91602287038927 4035.822 4682.0477 242.6258051950876 4682.0477 5225.6021 35.79742613665344 5225.6021 5500.399 171.95875351678865 5551.7347 5874.8476 212.47570832468506 5874.8476 6512.0141 579.1713746841547 7855.8013 8897.6138 164.75399649852258 3685.5314 4035.822 2007af
CMFGEN 1.7 2399999.73 -0.009023937246246682 3993.5455 4002.6048 494.43292696619375 3993.5455 4682.0477 120.77192051924473 4682.0477 5050.4568 43.9528695919227 5249.7601 5500.399 175.8762517445903 5551.7347 5886.9266 311.5395686156016 5886.9266 6551.2708 648.8837638388896 7861.8408 8870.4361 304.8236854538552 3501.3269 3993.5455 2007af
OBSERVED "" 2399997.81 0.9834093830236287 3940.1083716195 4003.36367986284 241.73503980751164 3940.1083716195 4560.61282391134 139.6786897963927 4560.61282391134 5193.16590634477 30.366481427161254 5193.16590634477 5566.67344073404 49.86169427416295 5566.67344073404 5882.94998195075 109.10912110435262 5882.94998195075 6410.07755064528 515.8062913184565 7801.69433199883 8669.19570219326 139.02868224661387 3641.90477561516 3940.1083716195 2007ax
CMFGEN 1.04 2399997.81 0.0 3997.33936479204 4000.35152232744 464.94373236029173 3997.33936479204 4693.14775546882 111.56168765765213 4693.14775546882 5051.5945021811 28.693793327943546 5235.33611184033 5500.4059749553 149.85434540819224 5551.61265305705 5937.16881758791 273.15690533198074 5937.16881758791 6518.51522191958 489.2020033198777 7858.92532517138 8898.11967488345 287.13699481903575 3500.33337145149 3997.33936479204 2007ax
CMFGEN 1.02 2399997.81 6.688333299197686e-16 3997.33936479204 4000.35152232744 450.0270204860319 3997.33936479204 4687.12344039803 235.83724172479407 4687.12344039803 5229.31179676954 35.1866424648198 5229.31179676954 5500.4059749553 171.86576941801962 5551.61265305705 5873.91350934456 229.69752240112115 5873.91350934456 6515.50306438419 589.7567739775552 7852.90101010059 8898.11967488345 227.80025142107914 3500.33337145149 3997.33936479204 2007ax
CMFGEN 1.4 2399997.81 0.16140071955771185 3997.33936479204 4036.49741275221 387.4963855393866 4036.49741275221 4681.09912532723 242.19873953060574 4681.09912532723 5226.29963923414 35.897326160532025 5226.29963923414 5500.4059749553 172.24752595452767 5551.61265305705 5873.91350934456 212.32449001758505 5873.91350934456 6512.49090684879 579.7285243474581 7855.91316763598 8898.11967488345 164.6528062150372 3687.08713864612 4036.49741275221 2007ax
CMFGEN 1.7 2399997.81 -0.0006593973871924753 3994.32720725665 4000.35152232744 494.14456200648044 3994.32720725665 4684.11128286263 120.80445211918845 4684.11128286263 5051.5945021811 44.20593228994214 5250.39689951732 5500.4059749553 176.42128116877296 5551.61265305705 5885.96213948615 311.2905077171733 5885.96213948615 6551.64895480895 649.0003754624804 7861.93748270678 8871.01025706488 305.61831986868617 3500.33337145149 3994.32720725665 2007ax
OBSERVED "" 2400006.16 16.205885489032166 3931.4382 4060.2975 278.0982192110864 3931.4382 4625.521 182.90062554233327 4625.521 5243.4596 54.24552226386686 5243.4596 5574.3936 59.95472638184408 5574.3936 5896.5417 126.75895783356029 5896.5417 6382.6925 "" "" "" "" "" "" 2007ba
CMFGEN 1.04 2400006.16 3.251399149917442e-16 3998.7965 4001.7251 463.87287573143175 3998.7965 4692.8792 111.67310191111076 4692.8792 5050.1707 29.254455960364716 5234.6738 5501.1781 150.33406033121213 5550.9646 5937.5424 273.14413736698674 5937.5424 6517.409 "" "" "" "" "" "" 2007ba
CMFGEN 1.02 2400006.16 -0.002561136398085497 3995.8678 4001.7251 450.48983040841085 3995.8678 4687.022 236.86943438444752 4687.022 5231.7451 37.61290419225623 5231.7451 5501.1781 172.56676574764427 5550.9646 5873.1127 229.71511049771533 5873.1127 6514.4803 "" "" "" "" "" "" 2007ba
CMFGEN 1.4 2400006.16 0.21121443535008574 3998.7965 4033.9399 388.66348409704955 4033.9399 4681.1647 242.39684784065167 4681.1647 5225.8879 36.464176704408075 5225.8879 5501.1781 172.91095281632425 5550.9646 5873.1127 212.3138651100681 5873.1127 6511.5517 "" "" "" "" "" "" 2007ba
CMFGEN 1.7 2400006.16 -0.006364749279497589 3992.9392 4001.7251 494.5019140156162 3992.9392 4684.0933 121.27655954957412 4684.0933 5050.1707 44.256630010761754 5249.3169 5501.1781 177.2787996651023 5550.9646 5884.8272 311.3592513771354 5884.8272 6552.5524 "" "" "" "" "" "" 2007ba
OBSERVED "" 2400003.0900000003 23.38480913823667 3923.5329 4041.6127 261.4435464381154 3923.5329 4537.5482 169.0686487433965 4537.5482 5230.7466 79.14312055000931 5230.7466 5578.0404 58.58565865033721 5578.0404 5892.6886 126.92510154805932 5892.6886 6369.1756 334.61022672456625 7872.2631 8541.8455 117.87982529080386 3670.0084 3923.5329 2007ba
CMFGEN 1.04 2400003.0900000003 -4.303945158473825e-05 3998.5483 4000.6321 463.6715929587074 3998.5483 4694.525 112.12650266183638 4694.525 5050.1539 28.999659994392275 5235.6087 5500.2466 151.26366295120164 5550.2569 5937.1422 273.21889286216606 5937.1422 6518.5119 489.97840266571916 7859.7605 8899.5581 286.55465847360773 3500.529 3998.5483 2007ba
CMFGEN 1.02 2400003.0900000003 -0.0006227563556532539 3997.1591 4000.6321 449.3652906533701 3997.1591 4688.2737 236.88667522248767 4688.2737 5230.7466 36.23723805300802 5230.7466 5500.2466 173.3260299799954 5550.2569 5872.5455 229.65598818360152 5872.5455 6514.3444 590.9922308521519 7850.7309 8899.5581 227.54000399445212 3500.529 3997.1591 2007ba
CMFGEN 1.4 2400003.0900000003 0.1458139372997172 3999.9375 4034.6669 387.9616543317664 4034.6669 4682.0225 242.57458781680646 4682.0225 5225.8845 35.76603295467089 5225.8845 5500.2466 173.54052013229213 5550.2569 5873.2401 212.38635627184632 5873.2401 6512.2607 581.0961421273398 7854.8984 8899.5581 164.79740331024828 3686.6785 4034.6669 2007ba
CMFGEN 1.7 2400003.0900000003 -0.003171807007936658 3992.9916 4000.6321 494.75530184426856 3992.9916 4682.717 120.95372979757329 4682.717 5050.1539 44.64555354523006 5250.8897 5500.2466 177.89751475680114 5550.2569 5885.0481 311.2851331456986 5885.0481 6551.1576 648.8787840602216 7861.8443 8871.08 305.5906003997638 3500.529 3992.9916 2007ba
OBSERVED "" 2399999.5900000003 28.733612392477696 3945.7009 4116.2275 138.80078609971824 3945.7009 4522.1094 159.44911853614076 4522.1094 5204.2168 85.49264530965343 5204.2168 5607.2798 38.08289425838069 5607.2798 5965.2451 106.18588402780705 5965.2451 6320.3921 193.26937440665216 7839.6304 8568.2451 135.44184618810743 3568.0051 3945.7009 2007bc
CMFGEN 1.04 2399999.5900000003 -0.00012694757877633952 3997.8455 4000.6641 463.7025119712001 3997.8455 4694.0454 111.13619375960783 4694.0454 5050.6016 28.88765113600291 5235.2217 5500.1724 167.3326156633038 5550.9072 5875.0493 269.5975317755307 5875.0493 6519.105 491.2980443671114 7859.3608 8899.4336 286.6082504153805 3500.3582 3997.8455 2007bc
CMFGEN 1.02 2399999.5900000003 -0.0009724151696373408 3996.436 4000.6641 449.2661685901004 3996.436 4688.4082 237.29754760693197 4688.4082 5230.9937 36.553313428402184 5230.9937 5500.1724 172.74237051048027 5550.9072 5872.2305 229.43815791096273 5872.2305 6513.4678 591.8597491558075 7850.9053 8899.4336 227.69633473503455 3500.3582 3996.436 2007bc
CMFGEN 1.4 2399999.5900000003 0.17368736371001042 3999.2546 4034.4875 387.6952818487859 4034.4875 4681.3618 243.45859248314466 4681.3618 5225.3564 35.605605592439765 5225.3564 5500.1724 172.87092338709166 5550.9072 5873.6401 212.62059139338223 5873.6401 6512.0586 581.6173465475331 7855.1328 8899.4336 164.80448034288904 3686.3875 4034.4875 2007bc
CMFGEN 1.7 2399999.5900000003 -0.0020092536640298085 3993.6174 4000.6641 494.10837787366614 3993.6174 4682.771 119.91122215378351 4682.771 5050.6016 44.655251423648984 5250.7241 5500.1724 177.23461896153185 5550.9072 5884.9146 311.121620681197 5884.9146 6551.519 648.7623583592167 7862.1797 8871.2471 305.4687768140094 3500.3582 3993.6174 2007bc
OBSERVED "" 2400002.6100000003 27.04285573340762 3949.12000246349 4104.05517362597 151.8033414811066 3949.12000246349 4536.08593936747 176.55045903691217 4536.08593936747 5221.37611950917 94.34834784114699 5221.37611950917 5620.63213750476 35.53708794541926 5620.63213750476 5927.52295730735 106.00981651372241 5927.52295730735 6311.88136269117 198.24578014797476 7792.7040563017 8501.83041662224 "" "" "" 2007bc
CMFGEN 1.04 2400002.6100000003 -0.0015164848314028452 3996.79236282118 4002.75140786589 464.22359340766076 3996.79236282118 4694.0006330523 112.16093205153786 4694.0006330523 5051.54333573492 30.932116104381176 5236.27373212094 5501.45123661056 149.29961122631454 5552.1031194906 5936.46152487442 273.16293600267164 5936.46152487442 6517.46841673368 489.12241437611146 7861.23307431587 8898.10691209548 "" "" "" 2007bc
CMFGEN 1.02 2400002.6100000003 -0.003698743129201662 3996.79236282118 4002.75140786589 449.1266762304241 3996.79236282118 4688.04158800758 237.03591567053877 4688.04158800758 5230.31468707623 37.20634002823466 5230.31468707623 5501.45123661056 171.33712351962777 5552.1031194906 5873.89155190496 229.88566718082464 5873.89155190496 6514.48889421132 589.6879679455246 7852.29450674881 8898.10691209548 "" "" "" 2007bc
CMFGEN 1.4 2400002.6100000003 0.1157628280819418 3999.77188534353 4035.5261556118 386.7963817333636 4035.5261556118 4682.08254296287 242.46633932955544 4682.08254296287 5224.35564203152 35.98187567816776 5224.35564203152 5501.45123661056 171.75612676489698 5552.1031194906 5873.89155190496 212.458818118887 5873.89155190496 6511.50937168897 579.6597985024239 7855.27402927116 8898.10691209548 "" "" "" 2007bc
CMFGEN 1.7 2400002.6100000003 -0.00936215794511003 3993.81284029882 4002.75140786589 494.111016412686 3993.81284029882 4682.08254296287 120.65225031793881 4682.08254296287 5051.54333573492 46.272649980495856 5251.17134473272 5501.45123661056 175.83084462204306 5552.1031194906 5885.80964199438 311.3508443777894 5885.80964199438 6550.24316447958 648.835579140381 7861.23307431587 8871.29120939429 "" "" "" 2007bc
OBSERVED "" 2400007.6 21.761039276085835 3949.12000246349 4065.32138083535 216.85853287399917 3949.12000246349 4613.5535249487 222.64053459253773 4613.5535249487 5236.27373212094 69.7480863355644 5236.27373212094 5611.6935699377 41.33876805522105 5611.6935699377 5876.87107442731 127.50517875998372 5876.87107442731 6368.49229061592 273.67916110259785 7831.43784909232 8621.01131751645 "" "" "" 2007bc
CMFGEN 1.04 2400007.6 -0.0015164848314028452 3996.79236282118 4002.75140786589 464.22359340766076 3996.79236282118 4694.0006330523 112.16093205153786 4694.0006330523 5051.54333573492 30.932116104381176 5236.27373212094 5501.45123661056 149.29961122631454 5552.1031194906 5936.46152487442 273.16293600267164 5936.46152487442 6517.46841673368 489.12241437611146 7861.23307431587 8898.10691209548 "" "" "" 2007bc
CMFGEN 1.02 2400007.6 -0.003698743129201662 3996.79236282118 4002.75140786589 449.1266762304241 3996.79236282118 4688.04158800758 237.03591567053877 4688.04158800758 5230.31468707623 37.20634002823466 5230.31468707623 5501.45123661056 171.33712351962777 5552.1031194906 5873.89155190496 229.88566718082464 5873.89155190496 6514.48889421132 589.6879679455246 7852.29450674881 8898.10691209548 "" "" "" 2007bc
CMFGEN 1.4 2400007.6 0.1157628280819418 3999.77188534353 4035.5261556118 386.7963817333636 4035.5261556118 4682.08254296287 242.46633932955544 4682.08254296287 5224.35564203152 35.98187567816776 5224.35564203152 5501.45123661056 171.75612676489698 5552.1031194906 5873.89155190496 212.458818118887 5873.89155190496 6511.50937168897 579.6597985024239 7855.27402927116 8898.10691209548 "" "" "" 2007bc
CMFGEN 1.7 2400007.6 -0.00936215794511003 3993.81284029882 4002.75140786589 494.111016412686 3993.81284029882 4682.08254296287 120.65225031793881 4682.08254296287 5051.54333573492 46.272649980495856 5251.17134473272 5501.45123661056 175.83084462204306 5552.1031194906 5885.80964199438 311.3508443777894 5885.80964199438 6550.24316447958 648.835579140381 7861.23307431587 8871.29120939429 "" "" "" 2007bc
OBSERVED "" 2400001.32 24.173075673378797 3909.8701 4066.2153 97.13533520648696 4066.2153 4505.7518 139.99136822167716 4505.7518 5107.5334 102.53740975513276 5178.3312 5617.8677 22.69751442725654 5617.8677 5901.059 123.56455855862411 5901.059 6287.4971 223.2719952000274 7847.9992 8585.4765 "" "" "" 2007bd
