results/equivalent_width/fixed_True.ecsv
# %ECSV 0.9
# ---
# datatype:
# - name: model
#   datatype: string
# - name: version
#   datatype: string
# - name: time
#   datatype: float64
# - name: pW2
#   datatype: float64
# - name: pW2_start
#   datatype: float64
# - name: pW2_end
#   datatype: float64
# - name: pW3
#   datatype: float64
# - name: pW3_start
#   datatype: float64
# - name: pW3_end
#   datatype: float64
# - name: pW4
#   datatype: float64
# - name: pW4_start
#   datatype: float64
# - name: pW4_end
#   datatype: float64
# - name: pW5
#   datatype: float64
# - name: pW5_start
#   datatype: float64
# - name: pW5_end
#   datatype: float64
# - name: pW6
#   datatype: float64
# - name: pW6_start
#   datatype: float64
# - name: pW6_end
#   datatype: float64
# - name: pW7
#   datatype: float64
# - name: pW7_start
#   datatype: float64
# - name: pW7_end
#   datatype: float64
# - name: pW8
#   datatype: float64
# - name: pW8_start
#   datatype: float64
# - name: pW8_end
#   datatype: float64
# - name: obj_id
#   datatype: string
# - name: pW1
#   datatype: float64
# - name: pW1_start
#   datatype: float64
# - name: pW1_end
#   datatype: float64
# schema: astropy-2.0
model version time pW2 pW2_start pW2_end pW3 pW3_start pW3_end pW4 pW4_start pW4_end pW5 pW5_start pW5_end pW6 pW6_start pW6_end pW7 pW7_start pW7_end pW8 pW8_start pW8_end obj_id pW1 pW1_start pW1_end
[from data line 861]
CMFGEN CMFGEN 54055.22999999998 -0.07121761561293738 3998.55144648978 4016.69341424705 447.67352105282043 4016.69341424705 4648.63862445851 189.63774535892696 4648.63862445851 5283.60749596285 73.50827169159413 5283.60749596285 5522.47673810019 168.5408859274207 5552.71335102897 5849.03215773099 202.3725906924086 5849.03215773099 6462.83540018519 124.57873154753634 7560.42444949983 8836.40951509426 2006dd "" "" ""
CMFGEN CMFGEN 54055.22999999998 -0.010728319183115786 3998.55144648978 4016.69341424705 429.49356568140405 4016.69341424705 4648.63862445851 213.36670028540198 4648.63862445851 5283.60749596285 71.86979578289834 5283.60749596285 5522.47673810019 171.5095449777216 5552.71335102897 5849.03215773099 166.465584565045 5849.03215773099 6462.83540018519 307.1472980082481 7560.42444949983 8836.40951509426 2006dd "" "" ""
CMFGEN CMFGEN 54055.22999999998 0.15188538701349685 3998.55144648978 4016.69341424705 392.80024362780523 4016.69341424705 4648.63862445851 220.47319379609405 4648.63862445851 5283.60749596285 62.86915244816254 5283.60749596285 5522.47673810019 169.86698586501663 5552.71335102897 5849.03215773099 152.9952593162365 5849.03215773099 6462.83540018519 243.3461941855585 7560.42444949983 8836.40951509426 2006dd "" "" ""
CMFGEN CMFGEN 54055.22999999998 -0.05773184271723508 3998.55144648978 4016.69341424705 472.07260234618656 4016.69341424705 4648.63862445851 206.54455912835942 4648.63862445851 5283.60749596285 83.52521335083344 5283.60749596285 5522.47673810019 172.24969387167948 5552.71335102897 5849.03215773099 207.03653135920445 5849.03215773099 6462.83540018519 699.8589896554527 7560.42444949983 8836.40951509426 2006dd "" "" ""
OBSERVED "" 53907.419999999925 15.90749330572396 3939.06157848116 4080.70444376276 91.63344924342039 3939.06157848116 4541.58300541508 120.82749711688803 4541.58300541508 5183.64939473727 59.95972892348641 5183.64939473727 5561.12403571616 32.49903675219491 5561.12403571616 5915.59069857825 103.63010684713345 5915.59069857825 6372.15526433367 198.4975017032682 7741.12996228378 8642.75510473622 2006dd 113.86996767460266 3576.68592314142 3939.06157848116
CMFGEN CMFGEN 53907.419999999925 -30.820890730603878 3939.06157848116 4080.70444376276 290.2584085598986 3939.06157848116 4541.58300541508 -648.5221467529332 4541.58300541508 5183.64939473727 -32.45845762783057 5183.64939473727 5561.12403571616 145.62831242902416 5561.12403571616 5915.59069857825 104.84484812306783 5915.59069857825 6372.15526433367 -128.39308793989653 7741.12996228378 8642.75510473622 2006dd 213.82428983211042 3576.68592314142 3939.06157848116
CMFGEN CMFGEN 53907.419999999925 -30.760863566157013 3939.06157848116 4080.70444376276 197.8823247510304 3939.06157848116 4541.58300541508 -587.2274813318263 4541.58300541508 5183.64939473727 -23.730899924444657 5183.64939473727 5561.12403571616 150.14774055630494 5561.12403571616 5915.59069857825 93.49918403583183 5915.59069857825 6372.15526433367 260.7742666358091 7741.12996228378 8642.75510473622 2006dd 121.01304826259246 3576.68592314142 3939.06157848116
CMFGEN CMFGEN 53907.419999999925 -23.269333966472544 3939.06157848116 4080.70444376276 105.70479577764468 3939.06157848116 4541.58300541508 -459.0753964531498 4541.58300541508 5183.64939473727 -17.736846351823374 5183.64939473727 5561.12403571616 152.75532281352992 5561.12403571616 5915.59069857825 88.5157671419613 5915.59069857825 6372.15526433367 291.68587394522046 7741.12996228378 8642.75510473622 2006dd 83.33886935588714 3576.68592314142 3939.06157848116
CMFGEN CMFGEN 53907.419999999925 -38.98907108009328 3939.06157848116 4080.70444376276 311.1394900186641 3939.06157848116 4541.58300541508 -846.0078090860818 4541.58300541508 5183.64939473727 -64.02161924887469 5183.64939473727 5561.12403571616 156.0350623263844 5561.12403571616 5915.59069857825 127.41524930369116 5915.59069857825 6372.15526433367 183.3705256677747 7741.12996228378 8642.75510473622 2006dd 231.19984204216743 3576.68592314142 3939.06157848116
OBSERVED "" 54005.35999999987 0.3817154537211884 3974.36215614676 4001.57510778266 273.90847000544045 3974.36215614676 4651.66228575138 266.55159948797245 4651.66228575138 5359.19902828479 7.842599983349174 5298.72580242723 5507.3584316358 125.69818463079153 5552.71335102897 5836.93751255948 212.0892752824647 5836.93751255948 6465.85906147807 415.29324543146737 7699.51286897221 8503.8067728777 2006dd "" "" ""
CMFGEN CMFGEN 54005.35999999987 -0.16566239355623225 3974.36215614676 4001.57510778266 469.09542725880937 3974.36215614676 4651.66228575138 148.43338101576842 4651.66228575138 5359.19902828479 61.33451333242408 5298.72580242723 5507.3584316358 165.5860155559473 5552.71335102897 5836.93751255948 188.991416381958 5836.93751255948 6465.85906147807 -284.803934365485 7699.51286897221 8503.8067728777 2006dd "" "" ""
CMFGEN CMFGEN 54005.35999999987 -0.21361778618375737 3974.36215614676 4001.57510778266 458.4482342376808 3974.36215614676 4651.66228575138 163.9762372014119 4651.66228575138 5359.19902828479 58.753061132094416 5298.72580242723 5507.3584316358 167.191082700293 5552.71335102897 5836.93751255948 147.96606367841446 5836.93751255948 6465.85906147807 91.37341345581899 7699.51286897221 8503.8067728777 2006dd "" "" ""
CMFGEN CMFGEN 54005.35999999987 -0.11337483133816662 3974.36215614676 4001.57510778266 422.2834931438164 3974.36215614676 4651.66228575138 169.5943384155903 4651.66228575138 5359.19902828479 51.54894554584703 5298.72580242723 5507.3584316358 164.40536305359308 5552.71335102897 5836.93751255948 131.01773569388956 5836.93751255948 6465.85906147807 131.0787228091151 7699.51286897221 8503.8067728777 2006dd "" "" ""
CMFGEN CMFGEN 54005.35999999987 -0.19087681103074772 3974.36215614676 4001.57510778266 493.64751197440626 3974.36215614676 4651.66228575138 161.40054925703134 4651.66228575138 5359.19902828479 73.25301775188464 5298.72580242723 5507.3584316358 165.65833609806987 5552.71335102897 5836.93751255948 177.42791422001858 5836.93751255948 6465.85906147807 8.095932849425367 7699.51286897221 8503.8067728777 2006dd "" "" ""
OBSERVED "" 54106.16000000015 48.45918038864461 3942.02547562324 4086.22407489059 223.6086900678846 4086.22407489059 4679.73715013589 "" "" "" "" "" "" "" "" "" "" "" "" "" "" "" 2006dd 389.8696447518861 3517.78901690917 4086.22407489059
CMFGEN CMFGEN 54106.16000000015 -31.403685379989497 3942.02547562324 4086.22407489059 400.3219891963424 4086.22407489059 4679.73715013589 "" "" "" "" "" "" "" "" "" "" "" "" "" "" "" 2006dd 133.12277106026187 3517.78901690917 4086.22407489059
CMFGEN CMFGEN 54106.16000000015 -31.05639668771545 3942.02547562324 4086.22407489059 379.8166583913859 4086.22407489059 4679.73715013589 "" "" "" "" "" "" "" "" "" "" "" "" "" "" "" 2006dd 141.06837313638277 3517.78901690917 4086.22407489059
CMFGEN CMFGEN 54106.16000000015 -23.828762911618924 3942.02547562324 4086.22407489059 349.3155830731824 4086.22407489059 4679.73715013589 "" "" "" "" "" "" "" "" "" "" "" "" "" "" "" 2006dd 163.81248760956066 3517.78901690917 4086.22407489059
CMFGEN CMFGEN 54106.16000000015 -39.6340893339279 3942.02547562324 4086.22407489059 429.1283373316081 4086.22407489059 4679.73715013589 "" "" "" "" "" "" "" "" "" "" "" "" "" "" "" 2006dd 134.16168993989692 3517.78901690917 4086.22407489059
OBSERVED "" 54106.18000000017 "" "" "" "" "" "" 237.90462417775302 4679.86715516078 5188.29138197137 38.306224468895664 5188.29138197137 5501.92970370518 178.2560366240188 5551.45154397894 5861.78840969449 319.78882180666784 5861.78840969449 6456.0504929796 886.1354009550028 7574.47547331346 8780.27552982802 2006dd "" "" ""
CMFGEN CMFGEN 54106.18000000017 "" "" "" "" "" "" 161.5494277258178 4679.86715516078 5188.29138197137 -74.74977848811642 5188.29138197137 5501.92970370518 169.25569529599622 5551.45154397894 5861.78840969449 199.23120716491803 5861.78840969449 6456.0504929796 67.50708293044067 7574.47547331346 8780.27552982802 2006dd "" "" ""
CMFGEN CMFGEN 54106.18000000017 "" "" "" "" "" "" 196.9638655691178 4679.86715516078 5188.29138197137 -46.963410864203695 5188.29138197137 5501.92970370518 173.43921625140732 5551.45154397894 5861.78840969449 166.9504716710257 5861.78840969449 6456.0504929796 161.07674702769032 7574.47547331346 8780.27552982802 2006dd "" "" ""
CMFGEN CMFGEN 54106.18000000017 "" "" "" "" "" "" 212.31665367364724 4679.86715516078 5188.29138197137 -28.639119303542827 5188.29138197137 5501.92970370518 172.9359931598697 5551.45154397894 5861.78840969449 157.45395744163795 5861.78840969449 6456.0504929796 85.5952480243077 7574.47547331346 8780.27552982802 2006dd "" "" ""
CMFGEN CMFGEN 54106.18000000017 "" "" "" "" "" "" 168.19803591517336 4679.86715516078 5188.29138197137 -113.35120423127688 5188.29138197137 5501.92970370518 178.41484969614459 5551.45154397894 5861.78840969449 224.12205904946472 5861.78840969449 6456.0504929796 616.3668204230472 7574.47547331346 8780.27552982802 2006dd "" "" ""
OBSERVED "" 54044.310000000056 4.777935633463219 3982.74855163577 4019.3220880199 264.4863755277265 4019.3220880199 4647.1677959474 250.85564313631613 4647.1677959474 5293.30027206697 14.593624710288537 5293.30027206697 5500.55031157702 138.98249042680843 5552.36282145453 5902.85921180241 226.1407379644407 5902.85921180241 6481.94020455108 "" "" "" 2006dd "" "" ""
CMFGEN CMFGEN 54044.310000000056 -0.44199196464461465 3982.74855163577 4019.3220880199 445.4909172206836 4019.3220880199 4647.1677959474 186.89667256344558 4647.1677959474 5293.30027206697 54.938036065654416 5293.30027206697 5500.55031157702 158.48107371602308 5552.36282145453 5902.85921180241 247.20128601109764 5902.85921180241 6481.94020455108 "" "" "" 2006dd "" "" ""
CMFGEN CMFGEN 54044.310000000056 -0.304580369017458 3982.74855163577 4019.3220880199 427.1098019983155 4019.3220880199 4647.1677959474 207.6449074741165 4647.1677959474 5293.30027206697 54.55577570333412 5293.30027206697 5500.55031157702 163.6386991573652 5552.36282145453 5902.85921180241 211.31451760633797 5902.85921180241 6481.94020455108 "" "" "" 2006dd "" "" ""
CMFGEN CMFGEN 54044.310000000056 0.5352685387940639 3982.74855163577 4019.3220880199 391.134198520159 4019.3220880199 4647.1677959474 214.4572467240132 4647.1677959474 5293.30027206697 47.95492393826913 5293.30027206697 5500.55031157702 165.82515183238147 5552.36282145453 5902.85921180241 196.27953916307 5902.85921180241 6481.94020455108 "" "" "" 2006dd "" "" ""
CMFGEN CMFGEN 54044.310000000056 -0.5602586782585561 3982.74855163577 4019.3220880199 470.02007240135293 4019.3220880199 4647.1677959474 207.05516049437222 4647.1677959474 5293.30027206697 66.25395266204217 5293.30027206697 5500.55031157702 169.96672330181946 5552.36282145453 5902.85921180241 272.26466866340695 5902.85921180241 6481.94020455108 "" "" "" 2006dd "" "" ""
OBSERVED "" 54046.279999999795 12.586240785113333 3954.19314064164 4032.50354190502 354.5509018909198 3954.19314064164 4628.8673669107 349.77907609148997 4628.8673669107 5333.66097828105 13.147224060107362 5297.51771615949 5550.52055101039 146.04214243472322 5550.52055101039 5860.75021755375 259.43048049106824 5860.75021755375 6517.35281276202 "" "" "" 2006ef "" "" ""
CMFGEN CMFGEN 54046.279999999795 -5.477405426789147 3954.19314064164 4032.50354190502 462.25403171412694 3954.19314064164 4628.8673669107 120.47417376711144 4628.8673669107 5333.66097828105 99.8997642556848 5297.51771615949 5550.52055101039 170.17644431997334 5550.52055101039 5860.75021755375 267.2657878558738 5860.75021755375 6517.35281276202 "" "" "" 2006ef "" "" ""
CMFGEN CMFGEN 54046.279999999795 -5.468364091849111 3954.19314064164 4032.50354190502 451.75859841468275 3954.19314064164 4628.8673669107 142.30513780363742 4628.8673669107 5333.66097828105 87.59061471361287 5297.51771615949 5550.52055101039 174.30102702613883 5550.52055101039 5860.75021755375 226.74932055554103 5860.75021755375 6517.35281276202 "" "" "" 2006ef "" "" ""
CMFGEN CMFGEN 54046.279999999795 -2.6498291488556873 3954.19314064164 4032.50354190502 414.15454554561705 3954.19314064164 4628.8673669107 155.29411978837175 4628.8673669107 5333.66097828105 71.5102658600866 5297.51771615949 5550.52055101039 173.70450695963052 5550.52055101039 5860.75021755375 208.2433197736525 5860.75021755375 6517.35281276202 "" "" "" 2006ef "" "" ""
CMFGEN CMFGEN 54046.279999999795 -5.801614055544746 3954.19314064164 4032.50354190502 484.8687191454682 3954.19314064164 4628.8673669107 127.89772692671522 4628.8673669107 5333.66097828105 117.27858936511561 5297.51771615949 5550.52055101039 178.9665662220792 5550.52055101039 5860.75021755375 282.6559087945576 5860.75021755375 6517.35281276202 "" "" "" 2006ef "" "" ""
OBSERVED "" 54025.33999999985 2.129960038706553 3981.39971204371 4002.50200658512 317.99423349115915 4002.50200658512 4638.58545633333 379.8106900586637 4638.58545633333 5533.9256675903 21.804410096417513 5286.72736010521 5533.9256675903 100.92773890210478 5555.02796213171 5859.50392622919 240.84161331113387 5859.50392622919 6501.61660298924 "" "" "" 2006ef "" "" ""
CMFGEN CMFGEN 54025.33999999985 -0.05940480880198251 3981.39971204371 4002.50200658512 450.6962079125783 4002.50200658512 4638.58545633333 165.58526698902392 4638.58545633333 5533.9256675903 84.1483453468741 5286.72736010521 5533.9256675903 166.44681677547467 5555.02796213171 5859.50392622919 259.9528634597998 5859.50392622919 6501.61660298924 "" "" "" 2006ef "" "" ""
CMFGEN CMFGEN 54025.33999999985 -0.08443008063753865 3981.39971204371 4002.50200658512 434.83957034502765 4002.50200658512 4638.58545633333 170.72668421838853 4638.58545633333 5533.9256675903 78.74007510131725 5286.72736010521 5533.9256675903 170.3583071887856 5555.02796213171 5859.50392622919 222.39282894673443 5859.50392622919 6501.61660298924 "" "" "" 2006ef "" "" ""
CMFGEN CMFGEN 54025.33999999985 -0.024831423830974586 3981.39971204371 4002.50200658512 396.19421006737315 4002.50200658512 4638.58545633333 169.9471282923057 4638.58545633333 5533.9256675903 66.93410995949998 5286.72736010521 5533.9256675903 169.71612705982324 5555.02796213171 5859.50392622919 205.88684538555822 5859.50392622919 6501.61660298924 "" "" "" 2006ef "" "" ""
CMFGEN CMFGEN 54025.33999999985 -0.1055590175398855 3981.39971204371 4002.50200658512 475.9922404198098 4002.50200658512 4638.58545633333 190.08272953198707 4638.58545633333 5533.9256675903 96.83616042764874 5286.72736010521 5533.9256675903 174.54504161109236 5555.02796213171 5859.50392622919 270.205209209964 5859.50392622919 6501.61660298924 "" "" "" 2006ef "" "" ""
OBSERVED "" 54006.14000000013 6.7752504730956815 3960.327 4011.1227 308.5587353269317 3960.327 4626.6461 417.72813701687255 4626.6461 5520.0515 16.05103091637224 5298.9412 5564.8712 62.43009278260328 5564.8712 5833.7892 248.29061525481313 5833.7892 6538.952 478.1132994685463 7740.1192 8726.1519 2006ef "" "" ""
CMFGEN CMFGEN 54006.14000000013 -1.3782165553154897 3960.327 4011.1227 459.7301839795757 3960.327 4626.6461 91.20513605791552 4626.6461 5520.0515 113.81767742427087 5298.9412 5564.8712 154.21036563661468 5564.8712 5833.7892 235.71439250405047 5833.7892 6538.952 21.434361219650555 7740.1192 8726.1519 2006ef "" "" ""
CMFGEN CMFGEN 54006.14000000013 -2.2846329169532 3960.327 4011.1227 448.8103570876064 3960.327 4626.6461 107.9220947513843 4626.6461 5520.0515 98.42280642343744 5298.9412 5564.8712 154.98869470401044 5564.8712 5833.7892 182.22161340750642 5833.7892 6538.952 275.6096733452854 7740.1192 8726.1519 2006ef "" "" ""
CMFGEN CMFGEN 54006.14000000013 -1.6432376536457198 3960.327 4011.1227 411.9064640936114 3960.327 4626.6461 119.2303637154447 4626.6461 5520.0515 79.03855600381274 5298.9412 5564.8712 151.75004332529295 5564.8712 5833.7892 154.5824590762661 5833.7892 6538.952 289.3955798843615 7740.1192 8726.1519 2006ef "" "" ""
