results/equivalent_width/fixed_True.ecsv
# %ECSV 0.9
# ---
# datatype:
# - name: model
#   datatype: string
# - name: version
#   datatype: string
# - name: phase
#   datatype: float64
# - name: pW2
#   datatype: float64
# - name: pW2_start
#   datatype: float64
# - name: pW2_end
#   datatype: float64
# - name: pW3
#   datatype: float64
# - name: pW3_start
#   datatype: float64
# - name: pW3_end
#   datatype: float64
# - name: pW4
#   datatype: float64
# - name: pW4_start
#   datatype: float64
# - name: pW4_end
#   datatype: float64
# - name: pW5
#   datatype: float64
# - name: pW5_start
#   datatype: float64
# - name: pW5_end
#   datatype: float64
# - name: pW6
#   datatype: float64
# - name: pW6_start
#   datatype: float64
# - name: pW6_end
#   datatype: float64
# - name: pW7
#   datatype: float64
# - name: pW7_start
#   datatype: float64
# - name: pW7_end
#   datatype: float64
# - name: pW8
#   datatype: float64
# - name: pW8_start
#   datatype: float64
# - name: pW8_end
#   datatype: float64
# - name: pW1
#   datatype: float64
# - name: pW1_start
#   datatype: float64
# - name: pW1_end
#   datatype: float64
# - name: obj_id
#   datatype: string
# schema: astropy-2.0
model version phase pW2 pW2_start pW2_end pW3 pW3_start pW3_end pW4 pW4_start pW4_end pW5 pW5_start pW5_end pW6 pW6_start pW6_end pW7 pW7_start pW7_end pW8 pW8_start pW8_end pW1 pW1_start pW1_end obj_id
[from data line 2007]
CMFGEN 1.02 -1.5200000000186265 "" "" "" "" "" "" 124.20554878282842 4520.803 5212.1092 60.07629933740125 5212.1092 5546.9606 2.1434246729313173 5676.5806 5916.0173 "" "" "" "" "" "" "" "" "" 2009aa
CMFGEN 1.4 -1.5200000000186265 "" "" "" "" "" "" 176.2951191426836 4520.803 5212.1092 69.48884792746075 5212.1092 5546.9606 12.29367707008542 5676.5806 5916.0173 "" "" "" "" "" "" "" "" "" 2009aa
CMFGEN 1.7 -1.5200000000186265 "" "" "" "" "" "" 61.013931484587644 4520.803 5212.1092 36.23878172711876 5212.1092 5546.9606 -4.0036395727731335 5676.5806 5916.0173 "" "" "" "" "" "" "" "" "" 2009aa
OBSERVED "" 0.47999999998137355 "" "" "" "" "" "" 148.90086333084957 4528.5313 5209.6201 81.0240337903496 5209.6201 5555.57 24.050925496874324 5555.57 5917.7363 100.46203937266374 5917.7363 6391.3741 163.35907754258076 7944.5067 8769.4874 "" "" "" 2009aa
CMFGEN 1.04 0.47999999998137355 "" "" "" "" "" "" 76.61038394084974 4528.5313 5209.6201 38.83439873769556 5209.6201 5555.57 -7.732754453150262 5555.57 5917.7363 140.1800512473272 5917.7363 6391.3741 118.16547805966522 7944.5067 8769.4874 "" "" "" 2009aa
CMFGEN 1.02 0.47999999998137355 "" "" "" "" "" "" 152.11837331999055 4528.5313 5209.6201 72.48006108552309 5209.6201 5555.57 10.642930130298506 5555.57 5917.7363 152.40218240379787 5917.7363 6391.3741 118.06572934192182 7944.5067 8769.4874 "" "" "" 2009aa
CMFGEN 1.4 0.47999999998137355 "" "" "" "" "" "" 199.2267721725604 4528.5313 5209.6201 76.90712116866698 5209.6201 5555.57 21.209830830381108 5555.57 5917.7363 158.42051820896287 5917.7363 6391.3741 104.53134079532066 7944.5067 8769.4874 "" "" "" 2009aa
CMFGEN 1.7 0.47999999998137355 "" "" "" "" "" "" 88.52133394872368 4528.5313 5209.6201 52.054288392105704 5209.6201 5555.57 0.6960815921618345 5555.57 5917.7363 132.1660401154709 5917.7363 6391.3741 135.5113684632456 7944.5067 8769.4874 "" "" "" 2009aa
OBSERVED "" 3.109999999869615 22.962243666954073 3947.5109 4103.917 121.98781706017381 3947.5109 4540.0494 166.3323929753209 4540.0494 5213.7988 94.72080319775074 5213.7988 5607.8218 34.364819312192004 5607.8218 5926.6497 111.9959836139641 5926.6497 6341.7274 215.71642630997533 7779.4605 8588.5613 "" "" "" 2009ab
CMFGEN 1.04 3.109999999869615 -2.896055912360239 3947.5109 4103.917 49.351992632906814 3947.5109 4540.0494 98.63608784394737 4540.0494 5213.7988 47.18612421780162 5213.7988 5607.8218 -1.972707930619967 5607.8218 5926.6497 131.66143016657978 5926.6497 6341.7274 139.49451801770562 7779.4605 8588.5613 "" "" "" 2009ab
CMFGEN 1.02 3.109999999869615 11.94124826609591 3947.5109 4103.917 44.19214321765802 3947.5109 4540.0494 175.82228314703474 4540.0494 5213.7988 78.75324738064164 5213.7988 5607.8218 15.348838086402667 5607.8218 5926.6497 151.2368749598179 5926.6497 6341.7274 224.57948893505784 7779.4605 8588.5613 "" "" "" 2009ab
CMFGEN 1.4 3.109999999869615 19.06586542927043 3947.5109 4103.917 72.74197462903213 3947.5109 4540.0494 217.6347298619976 4540.0494 5213.7988 81.6549271829508 5213.7988 5607.8218 27.24616553318884 5607.8218 5926.6497 155.94172441758008 5926.6497 6341.7274 254.47568157881886 7779.4605 8588.5613 "" "" "" 2009ab
CMFGEN 1.7 3.109999999869615 1.4781562838908426 3947.5109 4103.917 25.01544546107713 3947.5109 4540.0494 117.81814669174028 4540.0494 5213.7988 59.67827299713727 5213.7988 5607.8218 5.279841290792074 5607.8218 5926.6497 130.22362836799195 5926.6497 6341.7274 170.62107975826987 7779.4605 8588.5613 "" "" "" 2009ab
OBSERVED "" 5.120000000111759 19.578661408835266 3950.5187 4058.7998 169.54902542566202 3950.5187 4606.2212 180.39046558848023 4606.2212 5228.8378 81.18661306081444 5228.8378 5610.8297 31.259823753805037 5610.8297 5869.5013 115.33707768703503 5869.5013 6332.704 223.87653391752835 7827.5854 8600.5925 "" "" "" 2009ab
CMFGEN 1.04 5.120000000111759 -0.4100683487402203 3950.5187 4058.7998 45.191441471578415 3950.5187 4606.2212 99.49868438182719 4606.2212 5228.8378 40.59059522971385 5228.8378 5610.8297 14.262138697015809 5610.8297 5869.5013 140.59089991785424 5869.5013 6332.704 167.81596907943228 7827.5854 8600.5925 "" "" "" 2009ab
CMFGEN 1.02 5.120000000111759 10.583929154605935 3950.5187 4058.7998 51.711345585456876 3950.5187 4606.2212 183.99003753387592 4606.2212 5228.8378 70.36130402067215 5228.8378 5610.8297 22.4949249163145 5610.8297 5869.5013 161.73556587063976 5869.5013 6332.704 249.07245442696174 7827.5854 8600.5925 "" "" "" 2009ab
CMFGEN 1.4 5.120000000111759 13.303744625715005 3950.5187 4058.7998 83.44530003829237 3950.5187 4606.2212 225.33009780632716 4606.2212 5228.8378 74.4956010224524 5228.8378 5610.8297 29.297360691569956 5610.8297 5869.5013 162.67954573183005 5869.5013 6332.704 274.734726779243 7827.5854 8600.5925 "" "" "" 2009ab
CMFGEN 1.7 5.120000000111759 3.7185145529408192 3950.5187 4058.7998 22.85003584823003 3950.5187 4606.2212 120.9413605654878 4606.2212 5228.8378 49.08618607988322 5228.8378 5610.8297 16.318682405301523 5610.8297 5869.5013 143.23192633324504 5869.5013 6332.704 200.59347200393728 7827.5854 8600.5925 "" "" "" 2009ab
OBSERVED "" -6.810000000055879 "" "" "" "" "" "" 116.19310835075787 4509.2439 5192.0089 75.07987355626784 5192.0089 5620.3387 33.05937298608839 5620.3387 5953.4841 "" "" "" "" "" "" "" "" "" 2009ab
CMFGEN 1.04 -6.810000000055879 "" "" "" "" "" "" 61.08966345441014 4509.2439 5192.0089 3.0344902442996196 5192.0089 5620.3387 -107.80514270033966 5620.3387 5953.4841 "" "" "" "" "" "" "" "" "" 2009ab
CMFGEN 1.02 -6.810000000055879 "" "" "" "" "" "" 91.56431024310034 4509.2439 5192.0089 46.7680149442495 5192.0089 5620.3387 -60.43433745438954 5620.3387 5953.4841 "" "" "" "" "" "" "" "" "" 2009ab
CMFGEN 1.4 -6.810000000055879 "" "" "" "" "" "" 136.07910290104604 4509.2439 5192.0089 64.11735118125826 5192.0089 5620.3387 -31.81450455674902 5620.3387 5953.4841 "" "" "" "" "" "" "" "" "" 2009ab
CMFGEN 1.7 -6.810000000055879 "" "" "" "" "" "" 49.58286296455748 4509.2439 5192.0089 27.326972860064025 5192.0089 5620.3387 -45.237840645803836 5620.3387 5953.4841 "" "" "" "" "" "" "" "" "" 2009ab
OBSERVED "" -9.899999999906868 "" "" "" "" "" "" 91.53080738866592 4593.2271 5087.2934 65.74728739747849 5189.3883 5570.421 36.28334879884529 5570.421 5958.7462 79.97787738722532 5958.7462 6347.0714 116.46475258156978 7783.3895 8514.9186 "" "" "" 2009ab
CMFGEN 1.04 -9.899999999906868 "" "" "" "" "" "" 95.49335653951894 4593.2271 5087.2934 8.828565091452852 5189.3883 5570.421 -66.84303390022586 5570.421 5958.7462 -33.34978757686183 5958.7462 6347.0714 49.01217114540417 7783.3895 8514.9186 "" "" "" 2009ab
CMFGEN 1.02 -9.899999999906868 "" "" "" "" "" "" 95.42399034041745 4593.2271 5087.2934 35.47933282565824 5189.3883 5570.421 -91.54614525958605 5570.421 5958.7462 31.779348411915908 5958.7462 6347.0714 66.60890316543353 7783.3895 8514.9186 "" "" "" 2009ab
CMFGEN 1.4 -9.899999999906868 "" "" "" "" "" "" 119.79477597834638 4593.2271 5087.2934 47.83170747684831 5189.3883 5570.421 -71.30907149801747 5570.421 5958.7462 59.55816305897207 5958.7462 6347.0714 117.02769333177585 7783.3895 8514.9186 "" "" "" 2009ab
CMFGEN 1.7 -9.899999999906868 "" "" "" "" "" "" 78.1331655591415 4593.2271 5087.2934 31.419075621629396 5189.3883 5570.421 -86.87248269900874 5570.421 5958.7462 30.686539612216986 5958.7462 6347.0714 72.89503905606361 7783.3895 8514.9186 "" "" "" 2009ab
OBSERVED "" -6.649999999906868 "" "" "" "" "" "" "" "" "" "" "" "" "" "" "" "" "" "" 251.2762826518013 7511.6745 8756.0571 "" "" "" 2009ab
CMFGEN 1.04 -6.649999999906868 "" "" "" "" "" "" "" "" "" "" "" "" "" "" "" "" "" "" 75.89152552354592 7511.6745 8756.0571 "" "" "" 2009ab
CMFGEN 1.02 -6.649999999906868 "" "" "" "" "" "" "" "" "" "" "" "" "" "" "" "" "" "" -208.79802188405196 7511.6745 8756.0571 "" "" "" 2009ab
CMFGEN 1.4 -6.649999999906868 "" "" "" "" "" "" "" "" "" "" "" "" "" "" "" "" "" "" -362.8737267006386 7511.6745 8756.0571 "" "" "" 2009ab
CMFGEN 1.7 -6.649999999906868 "" "" "" "" "" "" "" "" "" "" "" "" "" "" "" "" "" "" 26.07654329908595 7511.6745 8756.0571 "" "" "" 2009ab
OBSERVED "" -5.870000000111759 "" "" "" "" "" "" 118.53862582860623 4509.9315 5193.5778 78.34149721560279 5193.5778 5657.2843 32.319808338058195 5657.2843 5943.2061 85.37514805725507 5943.2061 6329.9337 105.52758549824793 7792.7983 8505.5051 "" "" "" 2009ab
CMFGEN 1.04 -5.870000000111759 "" "" "" "" "" "" 60.16444751415278 4509.9315 5193.5778 5.0313561480896976 5193.5778 5657.2843 -83.19313260030583 5657.2843 5943.2061 53.70686250172701 5943.2061 6329.9337 73.70961374067346 7792.7983 8505.5051 "" "" "" 2009ab
CMFGEN 1.02 -5.870000000111759 "" "" "" "" "" "" 98.06991498672569 4509.9315 5193.5778 29.939230430017467 5193.5778 5657.2843 -42.89367076432126 5657.2843 5943.2061 114.62291615579966 5943.2061 6329.9337 120.74606516526703 7792.7983 8505.5051 "" "" "" 2009ab
CMFGEN 1.4 -5.870000000111759 "" "" "" "" "" "" 145.19177986869386 4509.9315 5193.5778 44.57399734125481 5193.5778 5657.2843 -19.263519596997938 5657.2843 5943.2061 128.2018805252323 5943.2061 6329.9337 155.94827348665103 7792.7983 8505.5051 "" "" "" 2009ab
CMFGEN 1.7 -5.870000000111759 "" "" "" "" "" "" 50.58546972853436 4509.9315 5193.5778 12.973293888335286 5193.5778 5657.2843 -26.407167675108308 5657.2843 5943.2061 109.46606300362329 5943.2061 6329.9337 98.43421032356787 7792.7983 8505.5051 "" "" "" 2009ab
OBSERVED "" -0.5 11.121670614003294 3943.4847 4067.6964 101.03943270026306 3943.4847 4561.5856 103.31748941496392 4561.5856 5102.7935 79.99980901356562 5156.0271 5670.6182 14.799896298142574 5670.6182 5880.5951 69.68087726525584 5880.5951 6303.5062 98.76696238161769 7823.6202 8477.2101 "" "" "" 2009ad
CMFGEN 1.04 -0.5 -0.3338399081801696 3943.4847 4067.6964 55.86978318130011 3943.4847 4561.5856 122.45219503447174 4561.5856 5102.7935 64.1688001183452 5156.0271 5670.6182 -4.686199920756291 5670.6182 5880.5951 149.5550728772048 5880.5951 6303.5062 105.87460760373482 7823.6202 8477.2101 "" "" "" 2009ad
CMFGEN 1.02 -0.5 7.348453003612372 3943.4847 4067.6964 8.50930223615142 3943.4847 4561.5856 153.65109494725567 4561.5856 5102.7935 74.04054218846686 5156.0271 5670.6182 9.152864747031701 5670.6182 5880.5951 150.99378110938144 5880.5951 6303.5062 166.54484276905131 7823.6202 8477.2101 "" "" "" 2009ad
CMFGEN 1.4 -0.5 12.061551273908007 3943.4847 4067.6964 18.10743064214793 3943.4847 4561.5856 175.30271650875824 4561.5856 5102.7935 67.81924210710349 5156.0271 5670.6182 19.116291077956408 5670.6182 5880.5951 152.8962612791275 5880.5951 6303.5062 193.08977294814548 7823.6202 8477.2101 "" "" "" 2009ad
CMFGEN 1.7 -0.5 1.8646619625953602 3943.4847 4067.6964 16.00417080642682 3943.4847 4561.5856 130.8073857213231 4561.5856 5102.7935 74.77252372837512 5156.0271 5670.6182 0.23667100908422237 5670.6182 5880.5951 133.24019623667428 5880.5951 6303.5062 132.029524913827 7823.6202 8477.2101 "" "" "" 2009ad
OBSERVED "" 33.45999999996275 7.980402068554022 3955.3144 4017.4202 225.85544165414325 3955.3144 4626.6488 317.41357683663404 4626.6488 5496.1304 15.2555773573037 5295.0258 5546.4066 38.80070643848801 5552.3214 5803.7021 223.82778951922054 5803.7021 6560.8017 291.05304246617726 7717.1531 8524.5288 "" "" "" 2009ad
CMFGEN 1.04 33.45999999996275 -2.3430615633486016 3955.3144 4017.4202 226.21604079409832 3955.3144 4626.6488 126.7374218696107 4626.6488 5496.1304 27.517287093765095 5295.0258 5546.4066 105.80225226992592 5552.3214 5803.7021 45.4465503225923 5803.7021 6560.8017 285.43134271663627 7717.1531 8524.5288 "" "" "" 2009ad
CMFGEN 1.02 33.45999999996275 -2.9821783337179983 3955.3144 4017.4202 276.54484667985594 3955.3144 4626.6488 222.86220588711817 4626.6488 5496.1304 -1.7574133634707472 5295.0258 5546.4066 82.39243359744468 5552.3214 5803.7021 75.3313172146532 5803.7021 6560.8017 373.17646305798814 7717.1531 8524.5288 "" "" "" 2009ad
CMFGEN 1.4 33.45999999996275 -2.4705118666225383 3955.3144 4017.4202 293.03945129314525 3955.3144 4626.6488 303.6696341959506 4626.6488 5496.1304 -1.5412034252724551 5295.0258 5546.4066 66.04281244516837 5552.3214 5803.7021 111.31693510356757 5803.7021 6560.8017 378.9657309155415 7717.1531 8524.5288 "" "" "" 2009ad
CMFGEN 1.7 33.45999999996275 -1.831915907396294 3955.3144 4017.4202 246.59085182646862 3955.3144 4626.6488 107.75211834929993 4626.6488 5496.1304 29.23772504735685 5295.0258 5546.4066 120.16267704457523 5552.3214 5803.7021 -29.97724093921959 5803.7021 6560.8017 199.33372464342804 7717.1531 8524.5288 "" "" "" 2009ad
OBSERVED "" 2.510000000242144 13.462457228966485 3925.7402 4079.526 101.03564670078104 3925.7402 4582.2875 120.23779702508595 4582.2875 5114.6232 80.83182787306325 5200.3884 5602.5975 23.408879448140855 5602.5975 5927.9138 69.59814865451956 5927.9138 6273.932 123.51376435619031 7862.0667 8512.6992 "" "" "" 2009ad
CMFGEN 1.04 2.510000000242144 -1.4886294003749116 3925.7402 4079.526 50.14411212621302 3925.7402 4582.2875 127.12889356839186 4582.2875 5114.6232 57.86005903649903 5200.3884 5602.5975 -3.443354001779083 5602.5975 5927.9138 133.2574062300215 5927.9138 6273.932 144.44230673145287 7862.0667 8512.6992 "" "" "" 2009ad
CMFGEN 1.02 2.510000000242144 16.291827461861185 3925.7402 4079.526 52.41469205928293 3925.7402 4582.2875 167.48263843916317 4582.2875 5114.6232 84.70762085622118 5200.3884 5602.5975 14.857882534560348 5602.5975 5927.9138 140.90737676925437 5927.9138 6273.932 207.28083881839902 7862.0667 8512.6992 "" "" "" 2009ad
CMFGEN 1.4 2.510000000242144 25.860227214965835 3925.7402 4079.526 90.65182643734607 3925.7402 4582.2875 188.117505378595 4582.2875 5114.6232 83.74339550003572 5200.3884 5602.5975 26.875199195485887 5602.5975 5927.9138 141.82427476672817 5927.9138 6273.932 231.2475138344905 7862.0667 8512.6992 "" "" "" 2009ad
CMFGEN 1.7 2.510000000242144 5.278868842870379 3925.7402 4079.526 30.90113196448367 3925.7402 4582.2875 141.32080014363063 4582.2875 5114.6232 71.35777656079813 5200.3884 5602.5975 5.11639249303877 5602.5975 5927.9138 126.13888197693814 5927.9138 6273.932 169.26621298162837 7862.0667 8512.6992 "" "" "" 2009ad
OBSERVED "" 20.43999999994412 "" "" "" "" "" "" 299.03061212766835 4617.3952 5418.5456 1.68226024910814 5284.1244 5506.3675 80.18409056840429 5554.7591 5837.9398 173.327693913886 5837.9398 6482.4121 276.0586708407206 7535.5007 8588.5894 "" "" "" 2009ad
CMFGEN 1.04 20.43999999994412 "" "" "" "" "" "" 135.05947950879224 4617.3952 5418.5456 14.279144359148544 5284.1244 5506.3675 85.9575689940246 5554.7591 5837.9398 129.69171328065994 5837.9398 6482.4121 251.86120023706036 7535.5007 8588.5894 "" "" "" 2009ad
CMFGEN 1.02 20.43999999994412 "" "" "" "" "" "" 249.14923330492337 4617.3952 5418.5456 -9.199709300721363 5284.1244 5506.3675 69.153512964659 5554.7591 5837.9398 175.7024706075928 5837.9398 6482.4121 455.55696687556406 7535.5007 8588.5894 "" "" "" 2009ad
CMFGEN 1.4 20.43999999994412 "" "" "" "" "" "" 298.0888937647674 4617.3952 5418.5456 -5.449942741213609 5284.1244 5506.3675 57.30768045163069 5554.7591 5837.9398 177.95222579876213 5837.9398 6482.4121 439.0249164945599 7535.5007 8588.5894 "" "" "" 2009ad
CMFGEN 1.7 20.43999999994412 "" "" "" "" "" "" 167.24540114254157 4617.3952 5418.5456 10.489322325879055 5284.1244 5506.3675 93.7994420296422 5554.7591 5837.9398 152.09162941161392 5837.9398 6482.4121 328.26153493975687 7535.5007 8588.5894 "" "" "" 2009ad
OBSERVED "" -8.5 "" "" "" "" "" "" 79.07210389672213 4518.7455 5167.1577 48.41869799190955 5167.1577 5577.8188 15.459554057397561 5577.8188 5875.0078 46.69557761794469 5875.0078 6244.2426 73.95883479194006 7609.5551 8443.608 "" "" "" 2009ad
CMFGEN 1.04 -8.5 "" "" "" "" "" "" 68.64029383903261 4518.7455 5167.1577 19.054104822212956 5167.1577 5577.8188 -41.07001329133522 5577.8188 5875.0078 117.74177845913562 5875.0078 6244.2426 54.9833278501615 7609.5551 8443.608 "" "" "" 2009ad
