results/equivalent_width/fixed_False.ecsv
# %ECSV 0.9
# ---
# datatype:
# - name: model
#   datatype: string
# - name: version
#   datatype: string
# - name: phase
#   datatype: float64
# - name: pW2
#   datatype: float64
# - name: pW2_start
#   datatype: float64
# - name: pW2_end
#   datatype: float64
# - name: pW3
#   datatype: float64
# - name: pW3_start
#   datatype: float64
# - name: pW3_end
#   datatype: float64
# - name: pW4
#   datatype: float64
# - name: pW4_start
#   datatype: float64
# - name: pW4_end
#   datatype: float64
# - name: pW5
#   datatype: float64
# - name: pW5_start
#   datatype: float64
# - name: pW5_end
#   datatype: float64
# - name: pW6
#   datatype: float64
# - name: pW6_start
#   datatype: float64
# - name: pW6_end
#   datatype: float64
# - name: pW7
#   datatype: float64
# - name: pW7_start
#   datatype: float64
# - name: pW7_end
#   datatype: float64
# - name: pW8
#   datatype: float64
# - name: pW8_start
#   datatype: float64
# - name: pW8_end
#   datatype: float64
# - name: pW1
#   datatype: float64
# - name: pW1_start
#   datatype: float64
# - name: pW1_end
#   datatype: float64
# - name: obj_id
#   datatype: string
# schema: astropy-2.0
model version phase pW2 pW2_start pW2_end pW3 pW3_start pW3_end pW4 pW4_start pW4_end pW5 pW5_start pW5_end pW6 pW6_start pW6_end pW7 pW7_start pW7_end pW8 pW8_start pW8_end pW1 pW1_start pW1_end obj_id
[from data line 1952]
CMFGEN 1.02 7.360000000335276 34.177609093518136 3912.14096358065 4143.064437901 138.11332259356578 3912.14096358065 4563.46358345854 225.0468731503943 4563.46358345854 5202.9439738841 68.03578992268324 5202.9439738841 5611.50088998932 24.09091932478329 5611.50088998932 5863.14826585123 168.60008882141673 5863.14826585123 6357.56134548581 269.24492672689007 7876.32727274651 8654.9538592369 "" "" "" 2009aa
CMFGEN 1.4 7.360000000335276 44.617788455276774 3915.10152094373 4143.064437901 185.73116877446887 3915.10152094373 4572.34525554778 251.50044897365618 4572.34525554778 5223.66787542567 65.24996464025764 5223.66787542567 5614.4614473524 30.796868814489184 5614.4614473524 5872.02993794047 170.44675767554105 5872.02993794047 6366.44301757505 290.4015227026227 7870.40615802035 8666.79608868922 "" "" "" 2009aa
CMFGEN 1.7 7.360000000335276 18.803626951623365 3906.21984885449 4125.30109372251 96.79370547833565 3906.21984885449 4533.85800982773 197.4055191201303 4533.85800982773 5182.22007234253 66.72153687328041 5182.22007234253 5620.38256207856 18.953507460878733 5620.38256207856 5854.26659376199 140.45349852725911 5854.26659376199 6280.58685404569 218.54056188287 7879.2878301096 8622.387728243 "" "" "" 2009aa
OBSERVED "" 8.419999999925494 18.79204726636593 3950.6323 4063.1336 193.82460605690346 3950.6323 4598.995 216.74106996038478 4598.995 5235.5155 63.21519237942656 5235.5155 5593.7434 38.61246200581664 5593.7434 5877.9572 119.10959201009211 5877.9572 6298.3567 334.77716401665793 7672.0568 8643.1206 "" "" "" 2009aa
CMFGEN 1.04 8.419999999925494 -0.4645937986719377 3912.145 4000.9618 87.51093567874966 3912.145 4462.8093 196.99668674743307 4527.9416 5179.2649 64.21594304555697 5179.2649 5623.349 18.614804744057242 5623.349 5851.3121 128.09217609158003 5851.3121 6256.9089 192.6530723160483 7891.1382 8548.3827 "" "" "" 2009aa
CMFGEN 1.02 8.419999999925494 36.17382668417679 3915.1056 4148.9899 151.68295933814463 3915.1056 4572.35 234.50063247883637 4572.35 5208.8705 60.99228855900846 5208.8705 5611.5067 25.083211782332434 5611.5067 5863.1543 171.28657328238 5863.1543 6360.5285 276.73316019328746 7882.2566 8663.8445 "" "" "" 2009aa
CMFGEN 1.4 8.419999999925494 45.445933071715686 3918.0661 4148.9899 200.88971350798477 3918.0661 4581.2317 258.62197160091927 4581.2317 5229.5944 57.9791691476572 5229.5944 5617.4278 31.28968832048871 5617.4278 5872.036 172.83485636322547 5872.036 6369.4102 296.11076838277506 7876.3354 8672.7262 "" "" "" 2009aa
CMFGEN 1.7 8.419999999925494 20.850528594388507 3909.1845 4131.2265 105.97795997767535 3909.1845 4542.7444 208.21500041442533 4542.7444 5188.1466 62.42598592771738 5188.1466 5623.349 20.17683907236803 5623.349 5857.2332 140.5361584640421 5857.2332 6277.6328 222.9014902997963 7891.1382 8637.1995 "" "" "" 2009aa
OBSERVED "" 9.390000000130385 18.286729141997817 3953.5929 4063.1336 216.80095471478296 3953.5929 4598.995 223.3205563143062 4598.995 5250.3183 48.13877730123955 5250.3183 5570.0589 46.11915172710376 5570.0589 5886.8388 123.16179437155834 5886.8388 6330.9229 285.19179501241905 7781.5975 8752.6613 "" "" "" 2009aa
CMFGEN 1.04 9.390000000130385 -0.7214212478006299 3915.1056 4000.9618 92.04670956602713 3915.1056 4465.7698 207.4005263310333 4530.9022 5182.2254 62.93746684562808 5182.2254 5623.349 19.875176200727516 5623.349 5854.2727 125.20058752618459 5854.2727 6253.9483 194.79139762141463 7894.0988 8548.3827 "" "" "" 2009aa
CMFGEN 1.02 9.390000000130385 37.45020857870776 3918.0661 4148.9899 165.16949485353706 3918.0661 4584.1922 242.58378328950215 4584.1922 5214.7916 54.12417245148778 5214.7916 5611.5067 26.48703911453815 5611.5067 5860.1938 173.70430508502804 5860.1938 6363.4891 283.6458354113072 7885.2171 8669.7656 "" "" "" 2009aa
CMFGEN 1.4 9.390000000130385 44.992902415982776 3918.0661 4148.9899 215.55879592738535 3918.0661 4596.0345 265.65629352070744 4596.0345 5235.5155 50.43097432413589 5235.5155 5617.4278 31.6782316891 5617.4278 5869.0755 174.87119774880784 5869.0755 6372.3707 301.41617333919044 7879.296 8675.6868 "" "" "" 2009aa
CMFGEN 1.7 9.390000000130385 22.960693551975268 3909.1845 4140.1082 114.27840131496255 3909.1845 4545.705 217.02790105478468 4545.705 5194.0677 31.75653341800977 5194.0677 5519.7293 21.514267257322125 5626.3095 5860.1938 140.65130912600802 5860.1938 6274.6722 225.9104141078709 7905.941 8649.0417 "" "" "" 2009aa
OBSERVED "" 10.43999999994412 16.240832179618792 3956.5534 4054.2519 231.88933086165656 3956.5534 4613.7978 230.99256234801203 4613.7978 5247.3578 31.497407363643326 5247.3578 5543.4138 53.371567847733246 5558.2166 5874.9966 130.2909906686533 5874.9966 6354.6074 283.7574941909754 7823.0454 8672.7262 "" "" "" 2009aa
CMFGEN 1.04 10.43999999994412 -1.237524518679357 3915.1056 4000.9618 105.05543045494561 3915.1056 4530.9022 217.09906404248207 4530.9022 5185.186 26.15975023274901 5185.186 5501.966 22.21429096289661 5623.349 5854.2727 121.83404930906813 5854.2727 6250.9878 197.10129018730737 7897.0594 8548.3827 "" "" "" 2009aa
CMFGEN 1.02 10.43999999994412 38.25083781225411 3921.0267 4148.9899 180.76455955557566 3921.0267 4596.0345 250.20311832923738 4596.0345 5220.7127 46.26028799657037 5220.7127 5611.5067 28.655167549633084 5611.5067 5863.1543 176.53968324824743 5863.1543 6369.4102 291.5695118524602 7885.2171 8675.6868 "" "" "" 2009aa
CMFGEN 1.4 10.43999999994412 43.9835370010324 3921.0267 4148.9899 231.99190126546952 3921.0267 4601.9556 272.71076717224275 4601.9556 5241.4367 41.89124603622859 5241.4367 5617.4278 32.5608289759734 5617.4278 5869.0755 176.97893404434745 5869.0755 6375.3313 307.65266639355934 7879.296 8678.6473 "" "" "" 2009aa
CMFGEN 1.7 10.43999999994412 25.256637296514747 3912.145 4146.0293 123.75522112545949 3912.145 4551.6261 225.3962952335444 4551.6261 5197.0282 21.989309506626114 5197.0282 5501.966 37.56757277956349 5552.2955 5860.1938 140.84472550660172 5860.1938 6274.6722 227.94572596625045 7923.7044 8663.8445 "" "" "" 2009aa
OBSERVED "" 41.360000000335276 2.2424483112216125 3983.1985 4000.9618 283.6091938472789 3983.1985 4634.5218 380.8070836405634 4634.5218 5519.7293 27.189768589547896 5297.6873 5519.7293 70.4025712874634 5561.1772 5809.8643 249.87819338802183 5809.8643 6493.7537 474.09386196584967 7683.899 8764.5036 "" "" "" 2009aa
CMFGEN 1.04 41.360000000335276 -0.7146793112238822 3962.4746 4000.9618 259.49369451743394 3962.4746 4646.364 230.42637230115713 4646.364 5205.9099 4.507780943251266 5205.9099 5534.5321 122.61330687781987 5552.2955 5860.1938 40.36798843592972 5860.1938 6200.6582 375.84952912071196 7846.7298 8714.174 "" "" "" 2009aa
CMFGEN 1.02 41.360000000335276 -1.3428429850183972 3956.5534 4000.9618 285.70146916727583 3956.5534 4634.5218 289.8288180515143 4634.5218 5315.4507 2.8684016288878844 5297.6873 5522.6899 102.90670291926223 5552.2955 5854.2727 161.43763164948803 5854.2727 6478.9509 505.80349934508706 7704.6229 8702.3318 "" "" "" 2009aa
CMFGEN 1.4 41.360000000335276 -1.4083638681538142 3953.5929 4000.9618 301.8351161190367 3953.5929 4634.5218 298.81735481067125 4634.5218 5315.4507 4.667848407731252 5297.6873 5519.7293 88.5801255525353 5552.2955 5848.3515 182.3886826697003 5848.3515 6473.0298 509.55694689868864 7701.6624 8699.3712 "" "" "" 2009aa
CMFGEN 1.7 41.360000000335276 -1.22595468332286 3956.5534 4000.9618 274.3783896841903 3956.5534 4631.5612 273.26118640149747 4631.5612 5247.3578 -2.6294060060093116 5247.3578 5501.966 150.9097607045178 5552.2955 5883.8783 59.018370752462836 5883.8783 6200.6582 362.1178850169804 7861.5326 8785.2275 "" "" "" 2009aa
OBSERVED "" -1.790000000037253 "" "" "" "" "" "" "" "" "" "" "" "" "" "" "" "" "" "" 114.34504107329244 7933.20631500134 8540.66231203504 "" "" "" 2009aa
CMFGEN 1.04 -1.790000000037253 "" "" "" "" "" "" "" "" "" "" "" "" "" "" "" "" "" "" 95.08193228294134 7813.26277418578 8453.6065162818 "" "" "" 2009aa
CMFGEN 1.02 -1.790000000037253 "" "" "" "" "" "" "" "" "" "" "" "" "" "" "" "" "" "" 167.4050183299116 7795.85161503513 8550.33517822984 "" "" "" 2009aa
CMFGEN 1.4 -1.790000000037253 "" "" "" "" "" "" "" "" "" "" "" "" "" "" "" "" "" "" 204.1050207933564 7780.37502912344 8573.55005709737 "" "" "" 2009aa
CMFGEN 1.7 -1.790000000037253 "" "" "" "" "" "" "" "" "" "" "" "" "" "" "" "" "" "" 126.02213032866834 7807.45905446889 8509.70914021166 "" "" "" 2009aa
OBSERVED "" -6.580000000074506 "" "" "" "" "" "" "" "" "" 86.80216350107042 5188.7951 5594.7746 30.70048714517308 5594.7746 5897.3443 92.82039181406732 5897.3443 6307.1538 192.95314134876637 7731.9122 8532.3812 "" "" "" 2009aa
CMFGEN 1.04 -6.580000000074506 "" "" "" "" "" "" "" "" "" 49.309221497598784 5150.4951 5560.3046 1.467769460972461 5560.3046 5801.5944 166.39292545049403 5801.5944 6299.4938 44.74136867220734 7509.7724 8375.3514 "" "" "" 2009aa
CMFGEN 1.02 -6.580000000074506 "" "" "" "" "" "" "" "" "" 93.65606151576547 5150.4951 5594.7746 19.292438646556445 5594.7746 5847.5543 163.4239065966952 5847.5543 6326.3038 107.41104773830762 7731.9122 8474.9313 "" "" "" 2009aa
CMFGEN 1.4 -6.580000000074506 "" "" "" "" "" "" "" "" "" 93.52949286844945 5154.3251 5602.4346 33.194920076870325 5602.4346 5866.7043 160.6617335607627 5866.7043 6333.9638 148.59502861057032 7747.2321 8505.5713 "" "" "" 2009aa
CMFGEN 1.7 -6.580000000074506 "" "" "" "" "" "" "" "" "" 82.39576285841179 5150.4951 5590.9446 7.270818645925525 5590.9446 5801.5944 141.08744884650895 5801.5944 6314.8138 84.75504842628725 7693.6122 8455.7813 "" "" "" 2009aa
OBSERVED "" -7.619999999646097 25.84788470925573 3930.3686 4084.0265 114.47527869269513 3930.3686 4517.7697 112.57491089988085 4517.7697 5198.5326 80.96967689580232 5198.5326 5603.1002 31.460397683281087 5603.1002 5947.3717 84.06127370498626 5947.3717 6309.1486 135.9307625669031 7754.3109 8530.3806 "" "" "" 2009aa
CMFGEN 1.04 -7.619999999646097 -0.3400655810304369 3998.4449 4037.3456 86.72414882660243 4037.3456 4502.2094 122.37123871513877 4502.2094 5087.6655 40.49044637834392 5151.8517 5556.4193 2.327039118354383 5556.4193 5801.494 169.3662663039806 5801.494 6299.4234 37.872554232001384 7520.9065 8359.2174 "" "" "" 2009aa
CMFGEN 1.02 -7.619999999646097 19.809338333154113 3901.193 4070.4112 94.16401673374122 4070.4112 4478.869 132.72298989761117 4500.2644 5066.2701 89.27806351869881 5151.8517 5591.43 19.763929415524178 5591.43 5838.4497 166.04991873063807 5838.4497 6322.7638 95.39896522966382 7723.1903 8458.4143 "" "" "" 2009aa
CMFGEN 1.4 -7.619999999646097 23.60677988312557 3901.193 4080.1364 106.36620698709997 4080.1364 4488.5941 158.5906749706014 4500.2644 5075.9952 92.25912630962031 5151.8517 5597.2651 34.25192945636247 5597.2651 5863.7352 161.163408184181 5863.7352 6330.544 138.10051078079178 7744.5857 8487.5898 "" "" "" 2009aa
CMFGEN 1.7 -7.619999999646097 16.69229640207479 3901.193 4052.9059 67.35867598790284 4052.9059 4465.2537 123.7182577306061 4511.9346 5122.6761 74.66075795035988 5151.8517 5583.6499 9.199039099515561 5583.6499 5818.9993 144.26282889483645 5818.9993 6309.1486 74.66827958055593 7680.3995 8437.0189 "" "" "" 2009aa
OBSERVED "" -6.600000000093132 22.628222372860737 3941.7698 4080.8459 120.62354664639793 3941.7698 4526.9391 104.66028084538522 4526.9391 5104.2362 90.59531960630957 5159.3419 5618.5555 "" "" "" "" "" "" "" "" "" 90.93982986889662 3574.3989 3941.7698 2009aa
CMFGEN 1.04 -6.600000000093132 -0.3190754903846352 3999.4995 4044.1088 86.20540750910573 4044.1088 4511.1947 123.4352153888571 4511.1947 5096.364 48.25972994833437 5151.4696 5560.8258 "" "" "" "" "" "" "" "" "" 139.351421776822 3500.9247 4044.1088 2009aa
CMFGEN 1.02 -6.600000000093132 20.670023991668394 3902.4086 4075.5977 90.21855540608831 4075.5977 4484.9539 135.9080185030688 4500.6984 5072.7473 93.50686598600137 5151.4696 5597.5629 "" "" "" "" "" "" "" "" "" 171.89373182845662 3500.9247 4075.5977 2009aa
CMFGEN 1.4 -6.600000000093132 25.67777497817275 3902.4086 4086.0941 103.39951717328904 4086.0941 4492.8261 163.21528557580993 4500.6984 5083.2436 93.54419473021227 5154.0937 5602.811 "" "" "" "" "" "" "" "" "" 190.69204750077031 3500.9247 4086.0941 2009aa
CMFGEN 1.7 -6.600000000093132 16.067261493188642 3902.4086 4059.8533 72.93276540002867 4059.8533 4519.0669 126.12822510513291 4519.0669 5125.2289 81.1697725608462 5151.4696 5589.6906 "" "" "" "" "" "" "" "" "" 125.43891951177116 3524.5414 4059.8533 2009aa
OBSERVED "" -4.600000000093132 "" "" "" "" "" "" 130.92436994165203 4529.3685 5196.1695 83.58348850615292 5196.1695 5638.9111 24.299150958510275 5638.9111 5900.6126 97.23508501455986 5900.6126 6393.2947 99.63208727419425 7646.076 8558.5956 "" "" "" 2009aa
CMFGEN 1.04 -4.600000000093132 "" "" "" "" "" "" 124.05874429173724 4522.1986 5108.3382 63.52706312282493 5151.3577 5574.382 2.373481563626781 5574.382 5800.2339 153.1942155208405 5800.2339 6248.3529 55.28011008585642 7501.0781 8409.7312 "" "" "" 2009aa
CMFGEN 1.02 -4.600000000093132 "" "" "" "" "" "" 143.4041133815678 4500.6889 5086.8285 95.91452211064073 5151.3577 5606.6465 17.38420537850949 5606.6465 5828.9135 159.49239861677273 5828.9135 6377.8283 131.4690231553216 7750.4744 8510.263 "" "" "" 2009aa
CMFGEN 1.4 -4.600000000093132 "" "" "" "" "" "" 171.76111076000043 4504.2739 5095.7909 94.19387678410818 5163.905 5613.8164 31.627883753918624 5613.8164 5877.3104 161.94089703448583 5877.3104 6377.8283 171.02550849955327 7760.1409 8537.3293 "" "" "" 2009aa
CMFGEN 1.7 -4.600000000093132 "" "" "" "" "" "" 130.18448826018388 4534.7459 5131.6404 90.51850493089752 5151.3577 5597.6842 7.675067385311594 5597.6842 5800.2339 140.08951215110017 5800.2339 6377.8283 102.52513230479543 7740.8079 8481.2634 "" "" "" 2009aa
OBSERVED "" 28.390000000130385 "" "" "" "" "" "" 403.7322848339227 4628.1399 5495.2935 29.363587404501907 5296.0097 5507.861 60.76586697216682 5552.7447 5861.5448 230.35265481608843 5861.5448 6508.6797 420.5351665539051 7685.1965 8674.3206 "" "" "" 2009aa
CMFGEN 1.04 28.390000000130385 "" "" "" "" "" "" 237.70686718357484 4608.391 5213.4237 2.9194945964202326 5213.4237 5522.2238 104.12437090586752 5550.9493 5852.568 42.72473213176532 5852.568 6206.2518 314.69240969728173 7837.8153 8709.0945 "" "" "" 2009aa
CMFGEN 1.02 28.390000000130385 "" "" "" "" "" "" 283.0803968914284 4629.9352 5310.3725 -3.43590325298523 5299.6005 5500.6796 80.51465452551805 5550.9493 5847.182 182.71961757307554 5847.182 6456.5189 484.6483592217227 7698.7197 8697.5032 "" "" "" 2009aa
CMFGEN 1.4 28.390000000130385 "" "" "" "" "" "" 312.2641030331048 4629.9352 5504.2703 5.9586193107399765 5299.6005 5504.2703 64.21349075242262 5550.9493 5841.7959 197.81353294435988 5841.7959 6464.2464 481.9529115266406 7698.7197 8691.7076 "" "" "" 2009aa
CMFGEN 1.7 28.390000000130385 "" "" "" "" "" "" 271.0495504911658 4615.5724 5238.5586 -0.4882015616984132 5238.5586 5500.6796 130.19231100493477 5550.9493 5877.7029 86.18667729834539 5877.7029 6222.4099 293.9834571019163 7872.5892 8767.051 "" "" "" 2009aa
OBSERVED "" -1.5200000000186265 "" "" "" "" "" "" 135.9367531762605 4520.803 5212.1092 75.15995930367572 5212.1092 5546.9606 25.326232798526185 5676.5806 5916.0173 "" "" "" "" "" "" "" "" "" 2009aa
CMFGEN 1.04 -1.5200000000186265 "" "" "" "" "" "" 126.00565035545706 4538.8058 5127.4962 77.88339395300616 5150.8998 5593.7678 6.820984195519744 5593.7678 5800.7996 "" "" "" "" "" "" "" "" "" 2009aa
CMFGEN 1.02 -1.5200000000186265 "" "" "" "" "" "" 155.43381205948762 4511.8016 5107.6932 94.12715031246358 5161.7015 5620.772 18.27898171415592 5620.772 5844.0063 "" "" "" "" "" "" "" "" "" 2009aa
CMFGEN 1.4 -1.5200000000186265 "" "" "" "" "" "" 185.04575559601068 4519.0028 5114.8943 91.240145597621 5177.904 5624.3725 28.186226298018013 5624.3725 5867.4099 "" "" "" "" "" "" "" "" "" 2009aa
CMFGEN 1.7 -1.5200000000186265 "" "" "" "" "" "" 130.30579636671828 4501.0 5143.6987 95.11529133032704 5150.8998 5611.7706 10.305514690733585 5611.7706 5800.7996 "" "" "" "" "" "" "" "" "" 2009aa
