results/equivalent_width/fixed_False.ecsv
# %ECSV 0.9
# ---
# datatype:
# - name: model
#   datatype: string
# - name: version
#   datatype: string
# - name: time
#   datatype: float64
# - name: pW2
#   datatype: float64
# - name: pW2_start
#   datatype: float64
# - name: pW2_end
#   datatype: float64
# - name: pW3
#   datatype: float64
# - name: pW3_start
#   datatype: float64
# - name: pW3_end
#   datatype: float64
# - name: pW4
#   datatype: float64
# - name: pW4_start
#   datatype: float64
# - name: pW4_end
#   datatype: float64
# - name: pW5
#   datatype: float64
# - name: pW5_start
#   datatype: float64
# - name: pW5_end
#   datatype: float64
# - name: pW6
#   datatype: float64
# - name: pW6_start
#   datatype: float64
# - name: pW6_end
#   datatype: float64
# - name: pW7
#   datatype: float64
# - name: pW7_start
#   datatype: float64
# - name: pW7_end
#   datatype: float64
# - name: pW8
#   datatype: float64
# - name: pW8_start
#   datatype: float64
# - name: pW8_end
#   datatype: float64
# - name: obj_id
#   datatype: string
# - name: pW1
#   datatype: float64
# - name: pW1_start
#   datatype: float64
# - name: pW1_end
#   datatype: float64
# schema: astropy-2.0
model version time pW2 pW2_start pW2_end pW3 pW3_start pW3_end pW4 pW4_start pW4_end pW5 pW5_start pW5_end pW6 pW6_start pW6_end pW7 pW7_start pW7_end pW8 pW8_start pW8_end obj_id pW1 pW1_start pW1_end
[from data line 2882]
CMFGEN CMFGEN -6.6000000002240995 6.833618005127647 3999.4995 4149.0719 -79.53429403599796 4149.0719 4450.8409 771.8172317580381 4500.6984 5547.7054 230.8884151992949 5154.0937 5629.0518 "" "" "" "" "" "" "" "" "" 2009aa 145.25262589893535 3758.0843 4099.2145
CMFGEN CMFGEN -6.6000000002240995 17.035077755621472 3999.4995 4149.0719 -97.07391756212081 4149.0719 4450.8409 685.2818118844426 4500.6984 5547.7054 191.13621637332855 5154.0937 5587.0666 "" "" "" "" "" "" "" "" "" 2009aa 144.86705724328493 3760.7084 4099.2145
CMFGEN CMFGEN -6.6000000002240995 11.2132329266976 3999.4995 4149.0719 114.16894588239273 4149.0719 4471.8335 634.2451067167434 4500.6984 5547.7054 40.762589007501674 5298.418 5663.1648 "" "" "" "" "" "" "" "" "" 2009aa 84.66581468964736 3794.8214 4099.2145
OBSERVED "" -4.6000000002240995 "" "" "" "" "" "" 130.924369941652 4529.3685 5196.1695 83.58348850615295 5196.1695 5638.9111 24.299150958510296 5638.9111 5900.6126 97.2350850145599 5900.6126 6393.2947 99.6320872741943 7646.076 8558.5956 2009aa "" "" ""
CMFGEN CMFGEN -4.6000000002240995 "" "" "" "" "" "" 805.5331914019266 4500.6889 5549.2873 156.984847609987 5205.1319 5653.2509 -2.715244631936031 5653.2509 5800.2339 249.59547448518958 5800.2339 6598.225 463.469295734046 7501.0781 8898.8572 2009aa "" "" ""
CMFGEN CMFGEN -4.6000000002240995 "" "" "" "" "" "" 775.1476934321533 4500.6889 5549.2873 231.237607653797 5153.1501 5629.9487 -1.7036649022026893 5629.9487 5800.2339 196.9906014936888 5800.2339 6598.225 455.0765380949871 7501.0781 8898.8572 2009aa "" "" ""
CMFGEN CMFGEN -4.6000000002240995 "" "" "" "" "" "" 688.8385762413436 4500.6889 5549.2873 190.19407488383925 5154.9426 5588.7218 50.11590174587292 5588.7218 5999.1988 54.456132463971244 5999.1988 6598.225 340.6286027526239 7501.0781 8898.8572 2009aa "" "" ""
CMFGEN CMFGEN -4.6000000002240995 "" "" "" "" "" "" 638.0275497355003 4500.6889 5549.2873 40.42445550787727 5298.3407 5664.0058 -4.990977633891731 5664.0058 5800.2339 219.5441243128431 5800.2339 6582.7586 595.9164263525922 7501.0781 8846.658 2009aa "" "" ""
OBSERVED "" 28.389999999999418 "" "" "" "" "" "" 403.7322848339227 4628.1399 5495.2935 29.363587404501885 5296.0097 5507.861 60.765866972166805 5552.7447 5861.5448 230.35265481608843 5861.5448 6508.6797 420.5351665539051 7685.1965 8674.3206 2009aa "" "" ""
CMFGEN CMFGEN 28.389999999999418 "" "" "" "" "" "" 232.73258084475583 4538.3724 5191.8795 22.109208771253066 5191.8795 5500.6796 33.28249008280147 5604.8098 5859.7494 115.27242120074015 5859.7494 6243.9541 203.54794537301802 7897.7037 8542.9526 2009aa "" "" ""
CMFGEN CMFGEN 28.389999999999418 "" "" "" "" "" "" 246.0105897871356 4588.6422 5217.0144 50.67396682611013 5217.0144 5611.9912 27.362211736692842 5611.9912 5861.5448 180.48180335453412 5861.5448 6373.4479 287.0269778918101 7886.1124 8672.3888 2009aa "" "" ""
CMFGEN CMFGEN 28.389999999999418 "" "" "" "" "" "" 259.063098621455 4581.4608 5229.5818 57.319408202628495 5229.5818 5617.3773 31.239999736017865 5617.3773 5870.5215 179.49852396768273 5870.5215 6373.4479 296.6221048576006 7876.4529 8672.3888 2009aa "" "" ""
CMFGEN CMFGEN 28.389999999999418 "" "" "" "" "" "" 232.368955289435 4556.3259 5202.6516 18.925008275220762 5202.6516 5500.6796 44.3495454662812 5550.9493 5863.3401 134.26338247900003 5863.3401 6245.7495 232.1333464464783 7922.8181 8674.3206 2009aa "" "" ""
OBSERVED "" -1.5200000001495937 "" "" "" "" "" "" 135.93675317626048 4520.803 5212.1092 75.15995930367569 5212.1092 5546.9606 25.326232798526178 5676.5806 5916.0173 "" "" "" "" "" "" 2009aa "" "" ""
CMFGEN CMFGEN -1.5200000001495937 "" "" "" "" "" "" 804.8776184839476 4501.0 5548.7609 157.17919860922223 5204.9081 5653.177 -2.7140784542153824 5653.177 5800.7996 "" "" "" "" "" "" 2009aa "" "" ""
CMFGEN CMFGEN -1.5200000001495937 "" "" "" "" "" "" 773.766163440917 4501.0 5548.7609 231.62121974208236 5152.7001 5629.7734 -1.7193041795300417 5629.7734 5800.7996 "" "" "" "" "" "" 2009aa "" "" ""
CMFGEN CMFGEN -1.5200000001495937 "" "" "" "" "" "" 687.3392086852479 4501.0 5548.7609 190.52135986996436 5154.5004 5588.367 50.017344234643474 5588.367 5998.8301 "" "" "" "" "" "" 2009aa "" "" ""
CMFGEN CMFGEN -1.5200000001495937 "" "" "" "" "" "" 636.2514434690479 4501.0 5548.7609 40.56343268316823 5298.5225 5663.9786 -5.0499604321430525 5663.9786 5800.7996 "" "" "" "" "" "" 2009aa "" "" ""
OBSERVED "" 0.4799999998504063 "" "" "" "" "" "" 148.90086333084957 4528.5313 5209.6201 81.02403379034962 5209.6201 5555.57 24.050925496874356 5555.57 5917.7363 100.46203937266375 5917.7363 6391.3741 163.35907754258074 7944.5067 8769.4874 2009aa "" "" ""
CMFGEN CMFGEN 0.4799999998504063 "" "" "" "" "" "" 804.1212393806907 4501.5039 5548.3627 156.97646398358188 5204.2147 5654.6703 -2.443629781923079 5654.6703 5800.6179 249.84398495996857 5800.6179 6598.5875 463.6894842527922 7501.0312 8899.2379 2009aa "" "" ""
CMFGEN CMFGEN 0.4799999998504063 "" "" "" "" "" "" 772.4922366277294 4501.5039 5548.3627 233.58488727954887 5150.16 5629.4447 -1.7933244186031914 5629.4447 5800.6179 196.7480194673917 5800.6179 6598.5875 455.0955591214199 7501.0312 8899.2379 2009aa "" "" ""
CMFGEN CMFGEN 0.4799999998504063 "" "" "" "" "" "" 685.8170634377868 4501.5039 5548.3627 194.43177276728167 5150.16 5588.0028 50.01198254294451 5588.0028 5998.8183 54.54550017361703 5998.8183 6598.5875 340.62272156261133 7501.0312 8899.2379 2009aa "" "" ""
CMFGEN CMFGEN 0.4799999998504063 "" "" "" "" "" "" 634.5121828615416 4501.5039 5548.3627 41.660135200824925 5299.7112 5663.6794 -5.072899483985708 5663.6794 5800.6179 219.13314176423023 5800.6179 6583.0949 595.9839609698811 7501.0312 8846.9504 2009aa "" "" ""
OBSERVED "" 3.109999999811407 22.962243666954066 3947.5109 4103.917 121.98781706017382 3947.5109 4540.0494 166.33239297532094 4540.0494 5213.7988 94.72080319775068 5213.7988 5607.8218 34.36481931219197 5607.8218 5926.6497 111.99598361396409 5926.6497 6341.7274 215.7164263099753 7779.4605 8588.5613 2009ab "" "" ""
CMFGEN CMFGEN 3.109999999811407 0.0 3998.6436 4001.6515 86.4102617919321 3998.6436 4452.8229 124.45458135428908 4500.9479 5051.377 19.774463481597138 5150.6348 5502.5485 -9.495936953268426 5698.0561 5800.3217 121.6464511816759 5800.3217 6260.5165 44.650931272173125 7761.4136 8305.8272 2009ab "" "" ""
CMFGEN CMFGEN 3.109999999811407 33.34925643053381 3902.3937 4106.9248 34.57270287092558 4106.9248 4488.9166 155.2777969333083 4500.9479 5093.4864 19.17779581278006 5150.6348 5502.5485 27.523056733604648 5550.6735 5803.3295 121.48875094849927 5803.3295 6329.6962 410.0725706022324 7508.7576 8432.1552 2009ab "" "" ""
CMFGEN CMFGEN 3.109999999811407 85.18054324057334 3902.3937 4149.0341 289.81424661448864 3902.3937 4515.9869 209.1116195242803 4515.9869 5547.6657 19.24736452614934 5150.6348 5556.6891 7.158231227729573 5556.6891 5800.3217 105.87129550657647 5800.3217 6368.7977 425.38141751820694 7559.8903 8516.3738 2009ab "" "" ""
CMFGEN CMFGEN 3.109999999811407 -0.04400954825187142 3998.6436 4016.6905 78.49916657105962 4016.6905 4452.8229 154.8314986077686 4500.9479 5081.4551 29.99256606131371 5150.6348 5502.5485 31.37912139938078 5550.6735 5803.3295 134.25648005632905 5803.3295 6269.54 148.1750917459692 7502.742 8393.0536 2009ab "" "" ""
OBSERVED "" 5.120000000053551 19.578661408835274 3950.5187 4058.7998 169.54902542566208 3950.5187 4606.2212 180.3904655884802 4606.2212 5228.8378 81.18661306081441 5228.8378 5610.8297 31.259823753805023 5610.8297 5869.5013 115.33707768703505 5869.5013 6332.704 223.87653391752838 7827.5854 8600.5925 2009ab "" "" ""
CMFGEN CMFGEN 5.120000000053551 -0.07321786681134768 3998.6436 4016.6905 88.79705885808488 4016.6905 4470.8698 122.9320704567557 4500.9479 5069.4239 29.34762342017018 5150.6348 5529.6188 0.7869713469772535 5550.6735 5800.3217 159.78177221234375 5800.3217 6287.5868 39.04594511255914 7659.1481 8308.835 2009ab "" "" ""
CMFGEN CMFGEN 5.120000000053551 -0.20176984843147494 3998.6436 4031.7296 94.66933773450717 4031.7296 4452.8229 131.93542192258894 4500.9479 5051.377 39.534630486420326 5150.6348 5526.611 30.99323037312908 5550.6735 5803.3295 158.35336304181152 5803.3295 6296.6103 41.12880387046641 7815.5542 8362.9755 2009ab "" "" ""
CMFGEN CMFGEN 5.120000000053551 -2.7788125244694584 3998.6436 4109.9326 63.13605004899131 4109.9326 4458.8385 154.48103921913366 4500.9479 5051.377 35.46486807376618 5150.6348 5508.5641 43.07911124933062 5550.6735 5830.3998 135.97577721273927 5830.3998 6308.6415 324.37843899501615 7538.8357 8438.1708 2009ab "" "" ""
CMFGEN CMFGEN 5.120000000053551 -0.11331851332580811 3998.6436 4025.7139 79.05909345517455 4025.7139 4452.8229 119.59573031492891 4500.9479 5096.4942 51.42060394334953 5150.6348 5541.65 21.423667730648646 5550.6735 5818.3685 156.35860162783268 5818.3685 6284.579 56.24110138876085 7704.2652 8384.0302 2009ab "" "" ""
OBSERVED "" -6.810000000114087 "" "" "" "" "" "" 116.19310835075794 4509.2439 5192.0089 75.07987355626778 5192.0089 5620.3387 33.05937298608842 5620.3387 5953.4841 "" "" "" "" "" "" 2009ab "" "" ""
CMFGEN CMFGEN -6.810000000114087 "" "" "" "" "" "" 816.0427840347229 4500.0915 5548.9504 161.13493450587157 5204.8222 5653.2871 -2.8465240174894575 5653.2871 5801.5552 "" "" "" "" "" "" 2009ab "" "" ""
CMFGEN CMFGEN -6.810000000114087 "" "" "" "" "" "" 786.5660500018869 4500.0915 5548.9504 233.93671857517762 5153.569 5631.3215 -1.6453206192808238 5631.3215 5801.5552 "" "" "" "" "" "" 2009ab "" "" ""
CMFGEN CMFGEN -6.810000000114087 "" "" "" "" "" "" 703.05598845739 4500.0915 5548.9504 192.95898496722762 5155.3995 5589.2207 49.499301923592384 5589.2207 5999.2458 "" "" "" "" "" "" 2009ab "" "" ""
CMFGEN CMFGEN -6.810000000114087 "" "" "" "" "" "" 646.581303929355 4500.0915 5548.9504 39.208378220068994 5298.1761 5673.4223 -3.7361456394558274 5673.4223 5801.5552 "" "" "" "" "" "" 2009ab "" "" ""
OBSERVED "" -9.899999999965075 "" "" "" "" "" "" 91.53080738866595 4593.2271 5087.2934 65.74728739747849 5189.3883 5570.421 36.28334879884528 5570.421 5958.7462 79.97787738722536 5958.7462 6347.0714 116.46475258156977 7783.3895 8514.9186 2009ab "" "" ""
CMFGEN CMFGEN -9.899999999965075 "" "" "" "" "" "" 815.6110641229569 4500.2478 5548.5436 161.33529318820172 5203.9733 5654.2847 -2.6718781751399376 5654.2847 5800.1345 252.32657720814223 5800.1345 6599.5708 466.0798191502822 7500.2169 8898.3815 2009ab "" "" ""
CMFGEN CMFGEN -9.899999999965075 "" "" "" "" "" "" 785.5955978447673 4500.2478 5548.5436 234.67666674551288 5152.9259 5630.5841 -1.835850677330086 5630.5841 5800.1345 201.22738687771766 5800.1345 6599.5708 461.1816340968667 7500.2169 8898.3815 2009ab "" "" ""
CMFGEN CMFGEN -9.899999999965075 "" "" "" "" "" "" 701.8832216519532 4500.2478 5548.5436 193.42369253658595 5154.749 5588.6523 49.36632117748684 5588.6523 5998.8549 56.704382440047766 5998.8549 6599.5708 349.5616614659998 7500.2169 8898.3815 2009ab "" "" ""
CMFGEN CMFGEN -9.899999999965075 "" "" "" "" "" "" 645.3820988795742 4500.2478 5548.5436 39.93827753320761 5298.7757 5672.5159 -3.7617281196430383 5672.5159 5800.1345 222.03399636229346 5800.1345 6583.8389 596.4665867907222 7500.2169 8847.2531 2009ab "" "" ""
OBSERVED "" -6.649999999965075 "" "" "" "" "" "" "" "" "" "" "" "" "" "" "" "" "" "" 251.27628265180135 7511.6745 8756.0571 2009ab "" "" ""
CMFGEN CMFGEN -6.649999999965075 "" "" "" "" "" "" "" "" "" "" "" "" "" "" "" "" "" "" 464.5354584005795 7501.8453 8899.5641 2009ab "" "" ""
CMFGEN CMFGEN -6.649999999965075 "" "" "" "" "" "" "" "" "" "" "" "" "" "" "" "" "" "" 458.277906771163 7501.8453 8899.5641 2009ab "" "" ""
CMFGEN CMFGEN -6.649999999965075 "" "" "" "" "" "" "" "" "" "" "" "" "" "" "" "" "" "" 346.5937897814433 7501.8453 8899.5641 2009ab "" "" ""
CMFGEN CMFGEN -6.649999999965075 "" "" "" "" "" "" "" "" "" "" "" "" "" "" "" "" "" "" 593.2679828254788 7501.8453 8846.4862 2009ab "" "" ""
OBSERVED "" -5.870000000169966 "" "" "" "" "" "" 118.5386258286062 4509.9315 5193.5778 78.34149721560277 5193.5778 5657.2843 32.31980833805821 5657.2843 5943.2061 85.3751480572551 5943.2061 6329.9337 105.52758549824807 7792.7983 8505.5051 2009ab "" "" ""
CMFGEN CMFGEN -5.870000000169966 "" "" "" "" "" "" 815.5422295893434 4500.7673 5549.1472 161.22075662150456 5204.5748 5653.6187 -2.7917742818399347 5653.6187 5800.2452 252.1324366691432 5800.2452 6599.7036 464.92592730201363 7501.4154 8899.2657 2009ab "" "" ""
CMFGEN CMFGEN -5.870000000169966 "" "" "" "" "" "" 786.3681523039284 4500.7673 5549.1472 234.03961479665907 5153.2555 5631.6247 -1.6328985553224697 5631.6247 5800.2452 201.13445198830368 5800.2452 6599.7036 459.04641423060025 7501.4154 8899.2657 2009ab "" "" ""
CMFGEN CMFGEN -5.870000000169966 "" "" "" "" "" "" 702.7620076208377 4500.7673 5549.1472 193.71169541676653 5155.0883 5587.6367 49.15654570930292 5587.6367 5998.1911 56.93635484261472 5998.1911 6599.7036 347.37457734789814 7501.4154 8899.2657 2009ab "" "" ""
CMFGEN CMFGEN -5.870000000169966 "" "" "" "" "" "" 645.9424537465503 4500.7673 5549.1472 40.41739200276908 5299.8821 5673.7798 -3.5893205321550283 5673.7798 5800.2452 221.92314764381786 5800.2452 6583.9532 594.1904145750348 7501.4154 8846.108 2009ab "" "" ""
OBSERVED "" -0.5000000001455192 11.121670614003278 3943.4847 4067.6964 101.03943270026309 3943.4847 4561.5856 103.31748941496392 4561.5856 5102.7935 79.9998090135656 5156.0271 5670.6182 14.799896298142585 5670.6182 5880.5951 69.68087726525584 5880.5951 6303.5062 98.76696238161776 7823.6202 8477.2101 2009ad "" "" ""
CMFGEN CMFGEN -0.5000000001455192 -3.912535928234149 3999.6757 4147.5467 -66.87345739776322 4147.5467 4452.161 808.3623276784552 4502.4372 5549.364 159.9560007530717 5203.3458 5652.8737 -2.8673871380466096 5652.8737 5800.7447 251.67137495944996 5800.7447 6599.2482 463.5169280260229 7501.2614 8897.1638 2009ad "" "" ""
CMFGEN CMFGEN -0.5000000001455192 7.006340196102457 3999.6757 4147.5467 -81.82067233330639 4147.5467 4452.161 778.7279219813106 4502.4372 5549.364 235.20869238138062 5150.1122 5629.2143 -1.948777415861656 5629.2143 5800.7447 198.41076006165008 5800.7447 6599.2482 456.91885721740834 7501.2614 8897.1638 2009ad "" "" ""
CMFGEN CMFGEN -0.5000000001455192 16.94926140096956 3999.6757 4147.5467 -99.87130839024002 4147.5467 4452.161 693.259105333127 4502.4372 5549.364 195.6795759656954 5150.1122 5587.8104 49.701917391191216 5587.8104 5998.8919 56.35182407618049 5998.8919 6599.2482 343.73609043601937 7501.2614 8897.1638 2009ad "" "" ""
CMFGEN CMFGEN -0.5000000001455192 11.292266457276924 3999.6757 4147.5467 116.265489887309 4147.5467 4472.863 639.3130025420026 4502.4372 5549.364 37.96827404177071 5297.9832 5673.5756 -3.589362358084543 5673.5756 5800.7447 219.72967352845058 5800.7447 6584.4611 594.9842664413022 7501.2614 8846.8877 2009ad "" "" ""
OBSERVED "" 33.45999999981723 7.980402068554021 3955.3144 4017.4202 225.8554416541433 3955.3144 4626.6488 317.4135768366341 4626.6488 5496.1304 15.255577357303679 5295.0258 5546.4066 38.80070643848802 5552.3214 5803.7021 223.82778951922046 5803.7021 6560.8017 291.0530424661773 7717.1531 8524.5288 2009ad "" "" ""
CMFGEN CMFGEN 33.45999999981723 -1.8479306411685386 3940.5273 4002.6331 144.649524947312 3940.5273 4564.543 243.31925677302235 4564.543 5206.3032 10.69575569008424 5206.3032 5502.0452 75.46964103429079 5552.3214 5862.8505 94.03599191309723 5862.8505 6232.5281 213.86010304932495 7867.9815 8704.9315 2009ad "" "" ""
CMFGEN CMFGEN 33.45999999981723 35.1464509847375 3931.655 4147.5467 243.2124810366618 3931.655 4614.8191 277.0121577006888 4614.8191 5265.4516 -3.217988249414759 5265.4516 5502.0452 53.323488704715146 5552.3214 5868.7654 185.46216658576998 5868.7654 6392.2288 462.6452968217902 7510.1337 8687.187 2009ad "" "" ""
CMFGEN CMFGEN 33.45999999981723 36.11848155290579 3922.7828 4147.5467 273.22915693879503 3922.7828 4614.8191 294.90919038588015 4614.8191 5274.3239 -0.9514389295434 5274.3239 5502.0452 37.28135992231523 5611.4698 5871.7228 182.5848374249165 5871.7228 6395.1862 413.59763185232157 7613.6434 8684.2295 2009ad "" "" ""
