results/equivalent_width/fixed_False.ecsv
# %ECSV 0.9
# ---
# datatype:
# - name: model
#   datatype: string
# - name: version
#   datatype: string
# - name: time
#   datatype: float64
# - name: pW2
#   datatype: float64
# - name: pW2_start
#   datatype: float64
# - name: pW2_end
#   datatype: float64
# - name: pW3
#   datatype: float64
# - name: pW3_start
#   datatype: float64
# - name: pW3_end
#   datatype: float64
# - name: pW4
#   datatype: float64
# - name: pW4_start
#   datatype: float64
# - name: pW4_end
#   datatype: float64
# - name: pW5
#   datatype: float64
# - name: pW5_start
#   datatype: float64
# - name: pW5_end
#   datatype: float64
# - name: pW6
#   datatype: float64
# - name: pW6_start
#   datatype: float64
# - name: pW6_end
#   datatype: float64
# - name: pW7
#   datatype: float64
# - name: pW7_start
#   datatype: float64
# - name: pW7_end
#   datatype: float64
# - name: pW8
#   datatype: float64
# - name: pW8_start
#   datatype: float64
# - name: pW8_end
#   datatype: float64
# - name: obj_id
#   datatype: string
# - name: pW1
#   datatype: float64
# - name: pW1_start
#   datatype: float64
# - name: pW1_end
#   datatype: float64
# schema: astropy-2.0
model version time pW2 pW2_start pW2_end pW3 pW3_start pW3_end pW4 pW4_start pW4_end pW5 pW5_start pW5_end pW6 pW6_start pW6_end pW7 pW7_start pW7_end pW8 pW8_start pW8_end obj_id pW1 pW1_start pW1_end
[from data line 1336]
CMFGEN 1.04 1.5899999998873682 "" "" "" "" "" "" "" "" "" 157.07747451048493 5204.2771 5653.9377 -2.5524998459389767 5653.9377 5800.1983 252.7936032474497 5800.1983 6599.192 463.83516858090866 7500.9308 8899.472 2006mr "" "" ""
CMFGEN 1.02 1.5899999998873682 "" "" "" "" "" "" "" "" "" 231.25613409654633 5153.509 5628.5537 -1.9711223993014377 5628.5537 5800.1983 197.54393153256075 5800.1983 6599.192 454.93010084325124 7500.9308 8899.472 2006mr "" "" ""
CMFGEN 1.4 1.5899999998873682 "" "" "" "" "" "" "" "" "" 189.82252809761968 5155.9265 5587.4556 50.2005762019157 5587.4556 5999.6445 54.42153908624404 5999.6445 6599.192 340.23723673383154 7500.9308 8899.472 2006mr "" "" ""
CMFGEN 1.7 1.5899999998873682 "" "" "" "" "" "" "" "" "" 41.61108358471528 5299.7695 5663.6078 -5.033339736565499 5663.6078 5800.1983 220.72891585713532 5800.1983 6583.4781 596.3379285085693 7500.9308 8846.2863 2006mr "" "" ""
OBSERVED "" 1.5800000001108856 "" "" "" "" "" "" 153.3936649714603 4592.5614 5251.1151 30.51348063541777 5251.1151 5602.1025 56.18730617200234 5602.1025 5921.7302 124.92338477959126 5921.7302 6417.4547 342.6196092342949 7809.3429 8535.4406 2006mr "" "" ""
CMFGEN 1.04 1.5800000001108856 "" "" "" "" "" "" 804.4175176742373 4500.8946 5549.0322 156.32457754570743 5205.2817 5653.9666 -2.5144891751060827 5653.9666 5801.116 252.28015161991527 5801.116 6599.5822 464.4078026155965 7500.5705 8899.6956 2006mr "" "" ""
CMFGEN 1.02 1.5800000001108856 "" "" "" "" "" "" 773.5846356103598 4500.8946 5549.0322 231.2902500813684 5153.4176 5628.6376 -1.9217155839494764 5628.6376 5801.116 196.81133861423615 5801.116 6599.5822 455.51796592991604 7500.5705 8899.6956 2006mr "" "" ""
CMFGEN 1.4 1.5800000001108856 "" "" "" "" "" "" 687.0521457696534 4500.8946 5549.0322 189.89091550963212 5155.8298 5587.6288 50.04731351186837 5587.6288 5998.9233 54.54978786645091 5998.9233 6599.5822 340.80692340368387 7500.5705 8899.6956 2006mr "" "" ""
CMFGEN 1.7 1.5800000001108856 "" "" "" "" "" "" 636.4949621281771 4500.8946 5549.0322 41.2746476074282 5299.3608 5663.6158 -5.120396183570419 5663.6158 5801.116 219.70558682155698 5801.116 6582.6962 597.0452827663846 7500.5705 8846.6253 2006mr "" "" ""
OBSERVED "" 4.669999999961874 0.2216041906800319 3983.4302 4001.5722 295.6328327813817 3983.4302 4591.1857 236.76708780677012 4591.1857 5549.6856 33.22311564529895 5289.6509 5616.2061 43.96404287529899 5616.2061 5918.572 135.09093207830324 5918.572 6553.5404 332.08056935145476 7802.3116 8543.1081 2006mr "" "" ""
CMFGEN 1.04 4.669999999961874 -4.285954641836434 3998.5485 4149.7315 -66.99312135872479 4149.7315 4452.0974 805.2563987388753 4500.4759 5549.6856 157.01352414719886 5204.9885 5652.49 -2.8793986238730143 5652.49 5800.6493 252.44160149939387 5800.6493 6598.8953 461.4555777966419 7502.9694 8899.8999 2006mr "" "" ""
CMFGEN 1.02 4.669999999961874 7.073508611242804 3998.5485 4149.7315 -81.63507310003027 4149.7315 4452.0974 775.3229279901936 4500.4759 5549.6856 231.28272638508227 5153.5863 5628.3008 -2.0086901305239793 5628.3008 5800.6493 197.14653701326753 5800.6493 6598.8953 451.3214694641267 7502.9694 8899.8999 2006mr "" "" ""
CMFGEN 1.4 4.669999999961874 17.633200783622748 3998.5485 4149.7315 -99.05930940575027 4149.7315 4452.0974 688.8773138845874 4500.4759 5549.6856 193.03980598905164 5150.5626 5588.9932 49.7761368373683 5588.9932 5997.1872 55.037741003517866 5997.1872 6598.8953 336.6055111838327 7502.9694 8899.8999 2006mr "" "" ""
CMFGEN 1.7 4.669999999961874 11.490667858413435 3998.5485 4149.7315 112.78350790243078 4149.7315 4473.263 638.7271031237058 4500.4759 5549.6856 41.28830815677243 5298.7219 5661.561 -5.439044958926942 5661.561 5800.6493 220.1838643477522 5800.6493 6583.777 591.7192637705642 7502.9694 8845.474 2006mr "" "" ""
OBSERVED "" 36.66000000018539 1.245974431979691 3983.4302 4001.5722 350.8882042589049 4001.5722 4621.4223 319.7491403563115 4621.4223 5543.6383 21.22614141457949 5298.7219 5543.6383 163.54340949789827 5567.8276 5945.785 110.26078871099983 5945.785 6517.2565 535.3747886736198 7684.3889 8700.3384 2006mr "" "" ""
CMFGEN 1.04 36.66000000018539 0.33298939690735685 3907.8387 4001.5722 69.92878846591847 3907.8387 4452.0974 163.0361213670553 4500.4759 5165.6809 68.77367387317872 5165.6809 5610.1588 16.221868766136208 5610.1588 5846.0042 138.75989340643622 5846.0042 6260.2455 176.29017934590712 7877.9031 8543.1081 2006mr "" "" ""
CMFGEN 1.02 36.66000000018539 27.554646036246385 3901.7914 4104.3766 74.76671184791849 4104.3766 4518.6179 160.01283269584968 4518.6179 5111.2551 92.78312632400875 5165.6809 5625.2771 18.687551469766916 5625.2771 5849.0279 156.17192713803416 5849.0279 6338.8606 184.46542381027677 7808.359 8567.2974 2006mr "" "" ""
CMFGEN 1.4 36.66000000018539 34.71540769940351 3901.7914 4101.3529 94.9129299886533 4101.3529 4509.5469 178.1295992515183 4509.5469 5105.2077 93.37048856735004 5171.7282 5619.2298 30.518528052864166 5619.2298 5885.3118 158.06105008525287 5885.3118 6338.8606 188.41120465054604 7769.0514 8558.2264 2006mr "" "" ""
CMFGEN 1.7 36.66000000018539 13.442495657767456 3901.7914 4092.2819 66.38078399261616 3901.7914 4515.5942 154.3010723495098 4515.5942 5156.6099 87.00960317109715 5156.6099 5616.2061 15.093894732632547 5616.2061 5836.9332 139.64908855060796 5836.9332 6302.5767 175.78747192001111 7853.7138 8561.2501 2006mr "" "" ""
OBSERVED "" 7.489999999794236 0.06521131886297662 3992.5012 4001.5722 341.8054775600235 3992.5012 4597.233 344.26312287157873 4597.233 5549.6856 47.01197075788052 5289.6509 5628.3008 42.31068906227667 5628.3008 5903.4537 173.7201737311729 5903.4537 6553.5404 410.9076592115521 7766.0277 8594.5103 2006mr "" "" ""
CMFGEN 1.04 7.489999999794236 -4.285954641836434 3998.5485 4149.7315 -66.99312135872479 4149.7315 4452.0974 805.2563987388753 4500.4759 5549.6856 157.01352414719886 5204.9885 5652.49 -2.8793986238730143 5652.49 5800.6493 252.44160149939387 5800.6493 6598.8953 461.4555777966419 7502.9694 8899.8999 2006mr "" "" ""
CMFGEN 1.02 7.489999999794236 7.073508611242804 3998.5485 4149.7315 -81.63507310003027 4149.7315 4452.0974 775.3229279901936 4500.4759 5549.6856 231.28272638508227 5153.5863 5628.3008 -2.0086901305239793 5628.3008 5800.6493 197.14653701326753 5800.6493 6598.8953 451.3214694641267 7502.9694 8899.8999 2006mr "" "" ""
CMFGEN 1.4 7.489999999794236 17.633200783622748 3998.5485 4149.7315 -99.05930940575027 4149.7315 4452.0974 688.8773138845874 4500.4759 5549.6856 193.03980598905164 5150.5626 5588.9932 49.7761368373683 5588.9932 5997.1872 55.037741003517866 5997.1872 6598.8953 336.6055111838327 7502.9694 8899.8999 2006mr "" "" ""
CMFGEN 1.7 7.489999999794236 11.490667858413435 3998.5485 4149.7315 112.78350790243078 4149.7315 4473.263 638.7271031237058 4500.4759 5549.6856 41.28830815677243 5298.7219 5661.561 -5.439044958926942 5661.561 5800.6493 220.1838643477522 5800.6493 6583.777 591.7192637705642 7502.9694 8845.474 2006mr "" "" ""
OBSERVED "" 8.759999999812862 25.832942381286117 3959.11043041148 4038.39060059648 342.07797602833557 3959.11043041148 4599.45026652114 354.5982333816572 4599.45026652114 5547.7630714264 55.58458181893857 5285.52866235292 5611.79705503736 26.700428876351257 5611.79705503736 5800.84976855545 212.81693197937864 5800.84976855545 6526.56824947973 "" "" "" 2006mr "" "" ""
CMFGEN 1.04 8.759999999812862 -4.181108771304335 3998.75051550398 4148.16314392957 -63.10717267833383 4148.16314392957 4450.03763809555 802.587284841067 4501.87467244729 5547.7630714264 159.6914766932471 5200.15001753829 5654.48637744467 -2.4440582532327046 5654.48637744467 5800.84976855545 252.48822281568968 5800.84976855545 6599.74994503512 "" "" "" 2006mr "" "" ""
CMFGEN 1.02 8.759999999812862 6.992857642254372 3998.75051550398 4148.16314392957 -78.2353787662592 4148.16314392957 4450.03763809555 770.0358652552493 4501.87467244729 5547.7630714264 230.00738624720253 5154.41145781618 5630.09247892621 -1.6330859587068742 5630.09247892621 5800.84976855545 197.04211032269387 5800.84976855545 6599.74994503512 "" "" "" 2006mr "" "" ""
CMFGEN 1.4 8.759999999812862 17.240184417505468 3998.75051550398 4148.16314392957 -96.34985854136465 4148.16314392957 4450.03763809555 683.1186726530339 4501.87467244729 5547.7630714264 190.73394251325755 5154.41145781618 5587.4031565189 50.04843908539784 5587.4031565189 5999.05019401796 54.50850918516754 5999.05019401796 6599.74994503512 "" "" "" 2006mr "" "" ""
CMFGEN 1.7 8.759999999812862 11.344047274744359 3998.75051550398 4148.16314392957 114.63296795852872 4148.16314392957 4471.38229929921 631.958428323646 4501.87467244729 5547.7630714264 40.065285325397575 5297.72561161215 5663.6340893891 -5.093127973943041 5663.6340893891 5800.84976855545 219.84219119854447 5800.84976855545 6581.45452114627 "" "" "" 2006mr "" "" ""
OBSERVED "" 10.6899999999805 2.7103582947025227 3974.3592 4001.5722 364.69030090150716 3974.3592 4597.233 364.0884424672239 4597.233 5549.6856 45.575651487713095 5295.6983 5610.1588 39.382724957470124 5610.1588 5864.1462 194.24674459120828 5864.1462 6556.5641 419.10406207922915 7799.288 8603.5813 2006mr "" "" ""
CMFGEN 1.04 10.6899999999805 -4.285954641836434 3998.5485 4149.7315 -66.99312135872479 4149.7315 4452.0974 805.2563987388753 4500.4759 5549.6856 157.01352414719886 5204.9885 5652.49 -2.8793986238730143 5652.49 5800.6493 252.44160149939387 5800.6493 6598.8953 461.4555777966419 7502.9694 8899.8999 2006mr "" "" ""
CMFGEN 1.02 10.6899999999805 7.073508611242804 3998.5485 4149.7315 -81.63507310003027 4149.7315 4452.0974 775.3229279901936 4500.4759 5549.6856 231.28272638508227 5153.5863 5628.3008 -2.0086901305239793 5628.3008 5800.6493 197.14653701326753 5800.6493 6598.8953 451.3214694641267 7502.9694 8899.8999 2006mr "" "" ""
CMFGEN 1.4 10.6899999999805 17.633200783622748 3998.5485 4149.7315 -99.05930940575027 4149.7315 4452.0974 688.8773138845874 4500.4759 5549.6856 193.03980598905164 5150.5626 5588.9932 49.7761368373683 5588.9932 5997.1872 55.037741003517866 5997.1872 6598.8953 336.6055111838327 7502.9694 8899.8999 2006mr "" "" ""
CMFGEN 1.7 10.6899999999805 11.490667858413435 3998.5485 4149.7315 112.78350790243078 4149.7315 4473.263 638.7271031237058 4500.4759 5549.6856 41.28830815677243 5298.7219 5661.561 -5.439044958926942 5661.561 5800.6493 220.1838643477522 5800.6493 6583.777 591.7192637705642 7502.9694 8845.474 2006mr "" "" ""
OBSERVED "" 50.58999999988737 4.219810655902804 3993.0267 4005.5709 425.728752258766 4005.5709 4632.1189 395.9388937371783 4632.1189 5504.9288 50.6900282398545 5269.8907 5504.9288 253.49726779020503 5575.5722 5954.5381 "" "" "" "" "" "" 2006mr "" "" ""
CMFGEN 1.04 50.58999999988737 -1.739451374697448 3942.1898 4000.2891 152.965298847354 3942.1898 4572.6992 243.19410687318373 4572.6992 5205.8494 7.646588911503505 5205.8494 5500.3072 81.57113106378333 5550.4839 5856.8256 "" "" "" "" "" "" 2006mr "" "" ""
CMFGEN 1.02 50.58999999988737 37.5433505439168 3928.3252 4149.4987 226.18850386124763 3928.3252 4611.6521 269.2716824402517 4611.6521 5246.1228 -2.1410244071842013 5246.1228 5500.3072 47.37966009399382 5550.4839 5866.0687 "" "" "" "" "" "" 2006mr "" "" ""
CMFGEN 1.4 50.58999999988737 43.442647821181154 3920.4026 4149.4987 237.4157109104253 3920.4026 4605.05 275.60285190523734 4605.05 5246.1228 39.57908663788419 5246.1228 5617.166 32.92920750096784 5617.166 5868.0493 "" "" "" "" "" "" 2006mr "" "" ""
CMFGEN 1.7 50.58999999988737 31.879168886503862 3925.6844 4149.4987 172.76776615139028 3925.6844 4579.9616 255.01981929108186 4579.9616 5219.0538 7.383782123308685 5219.0538 5500.3072 77.26541972315916 5550.4839 5866.7289 "" "" "" "" "" "" 2006mr "" "" ""
OBSERVED "" 55.58999999988737 "" "" "" "" "" "" "" "" "" "" "" "" "" "" "" 98.0651777016441 5954.7257 6267.8987 391.7231914911192 7567.735 8308.5744 2006mr "" "" ""
CMFGEN 1.04 55.58999999988737 "" "" "" "" "" "" "" "" "" "" "" "" "" "" "" 56.35378722369611 5853.7022 6217.387 277.906874413951 7837.1311 8705.9336 2006mr "" "" ""
CMFGEN 1.02 55.58999999988737 "" "" "" "" "" "" "" "" "" "" "" "" "" "" "" 189.32500649852142 5863.8046 6409.3317 499.2554621887296 7507.1209 8692.4638 2006mr "" "" ""
CMFGEN 1.4 55.58999999988737 "" "" "" "" "" "" "" "" "" "" "" "" "" "" "" 186.2858059642993 5870.5395 6409.3317 436.0951710972188 7628.3491 8689.0964 2006mr "" "" ""
CMFGEN 1.7 55.58999999988737 "" "" "" "" "" "" "" "" "" "" "" "" "" "" "" 119.2593496224522 5870.5395 6247.694 275.3531801011769 7880.908 8746.343 2006mr "" "" ""
OBSERVED "" 55.56999999986874 "" "" "" "" "" "" 271.5815487727408 4630.3419 5386.3748 63.89175878027047 5293.9341 5554.7489 69.02015682031967 5554.7489 5828.7696 158.71135655699015 5828.7696 6340.4949 629.2538273911321 7558.7313 8783.5705 2006mr "" "" ""
CMFGEN 1.04 55.56999999986874 "" "" "" "" "" "" 238.99726901258842 4594.0259 5204.7948 -1.6840791547111078 5204.7948 5501.9257 92.76610363498261 5551.4475 5855.1812 57.058994069012556 5855.1812 6218.3411 277.58831119382864 7836.0534 8707.6371 2006mr "" "" ""
CMFGEN 1.02 55.56999999986874 "" "" "" "" "" "" 291.2439412558641 4623.739 5290.6326 -4.564848974145037 5290.6326 5501.9257 68.66739086465246 5551.4475 5865.0856 189.318703500747 5865.0856 6409.8254 499.6715501713448 7505.908 8691.1299 2006mr "" "" ""
CMFGEN 1.4 55.56999999986874 "" "" "" "" "" "" 308.2089492543463 4620.4376 5290.6326 -0.2695511066277658 5290.6326 5501.9257 47.28360189514229 5551.4475 5871.6885 186.31158079700288 5871.6885 6406.524 436.16507972604825 7628.0618 8687.8284 2006mr "" "" ""
CMFGEN 1.7 55.56999999986874 "" "" "" "" "" "" 267.0473596304777 4603.9303 5231.2065 2.388982756021784 5231.2065 5501.9257 102.5655726656214 5551.4475 5871.6885 119.71838523803665 5871.6885 6248.0542 274.82951197024516 7882.2737 8747.2546 2006mr "" "" ""
OBSERVED "" 55.549999999850115 1.1223203320148072 3994.2684 4004.7176 354.0481748866096 4004.7176 4669.2846 "" "" "" "" "" "" "" "" "" "" "" "" "" "" "" 2006mr 247.3157131092692 3651.5358 4004.7176
CMFGEN 1.04 55.549999999850115 -1.3533346453406352 3950.3819 4000.5379 181.23767963463914 3950.3819 4594.0506 "" "" "" "" "" "" "" "" "" "" "" "" "" "" "" 2006mr 118.80730952503028 3661.9849 3950.3819
CMFGEN 1.02 55.549999999850115 -2.9432240114305417 3935.7531 4000.5379 264.84266553640964 3935.7531 4623.3082 "" "" "" "" "" "" "" "" "" "" "" "" "" "" "" 2006mr 89.44019886613319 3664.0748 3935.7531
CMFGEN 1.4 55.549999999850115 -3.7836859083633003 3923.2141 4000.5379 287.50347336896425 3923.2141 4621.2184 "" "" "" "" "" "" "" "" "" "" "" "" "" "" "" 2006mr 83.09165787879681 3655.7154 3923.2141
CMFGEN 1.7 55.549999999850115 32.30280737787143 3935.7531 4148.9161 197.43134212973806 3935.7531 4602.4099 "" "" "" "" "" "" "" "" "" "" "" "" "" "" "" 2006mr 104.29654801755139 3664.0748 3935.7531
OBSERVED "" 24.17000000011467 16.0249603510513 3952.1431 4015.3121 313.1184572855296 3952.1431 4575.2194 453.8970883530209 4575.2194 5548.5968 58.529842499891444 5261.4649 5548.5968 67.73250623276428 5551.4682 5858.6994 267.01984549863795 5858.6994 6527.7168 "" "" "" 2006ob "" "" ""
CMFGEN 1.04 24.17000000011467 -0.373190360100855 3998.0842 4041.154 86.7849127334608 4041.154 4506.3078 122.92670058634874 4506.3078 5092.057 43.14390064082663 5152.3547 5560.0821 2.0608752892169524 5560.0821 5801.273 168.32046075355532 5801.273 6300.8826 "" "" "" 2006ob "" "" ""
CMFGEN 1.02 24.17000000011467 -0.32618449610365474 3998.0842 4035.4113 97.79588589118045 4035.4113 4451.7527 131.50466213548464 4500.5651 5051.8585 43.3759564960735 5152.3547 5537.1116 28.37346859519643 5551.4682 5804.1443 162.5005135155857 5804.1443 6298.0113 "" "" "" 2006ob "" "" ""
CMFGEN 1.4 24.17000000011467 48.6305201001403 3900.4593 4127.2936 153.26116024590934 3900.4593 4457.4953 156.99672543874271 4500.5651 5051.8585 28.99307706626234 5152.3547 5502.6557 33.57381660212411 5551.4682 5832.8575 121.37129669411739 5832.8575 6306.6252 "" "" "" 2006ob "" "" ""
