results/equivalent_width/fixed_True.ecsv
# %ECSV 0.9
# ---
# datatype:
# - name: model
#   datatype: string
# - name: version
#   datatype: string
# - name: pW2
#   datatype: float64
# - name: pW2_start
#   datatype: float64
# - name: pW2_end
#   datatype: float64
# - name: pW3
#   datatype: float64
# - name: pW3_start
#   datatype: float64
# - name: pW3_end
#   datatype: float64
# - name: pW4
#   datatype: float64
# - name: pW4_start
#   datatype: float64
# - name: pW4_end
#   datatype: float64
# - name: pW5
#   datatype: float64
# - name: pW5_start
#   datatype: float64
# - name: pW5_end
#   datatype: float64
# - name: pW6
#   datatype: float64
# - name: pW6_start
#   datatype: float64
# - name: pW6_end
#   datatype: float64
# - name: pW7
#   datatype: float64
# - name: pW7_start
#   datatype: float64
# - name: pW7_end
#   datatype: float64
# - name: pW8
#   datatype: float64
# - name: pW8_start
#   datatype: float64
# - name: pW8_end
#   datatype: float64
# - name: obj_id
#   datatype: string
# - name: pW1
#   datatype: float64
# - name: pW1_start
#   datatype: float64
# - name: pW1_end
#   datatype: float64
# schema: astropy-2.0
model version pW2 pW2_start pW2_end pW3 pW3_start pW3_end pW4 pW4_start pW4_end pW5 pW5_start pW5_end pW6 pW6_start pW6_end pW7 pW7_start pW7_end pW8 pW8_start pW8_end obj_id pW1 pW1_start pW1_end
[from data line 741]
CMFGEN CMFGEN "" "" "" "" "" "" nan 4583.693 5518.5903 nan 5297.2542 5518.5903 nan 5558.2326 5872.0674 nan 5872.0674 6503.0405 nan 7682.3986 8742.8298 2006X "" "" ""
CMFGEN CMFGEN "" "" "" "" "" "" nan 4583.693 5518.5903 nan 5297.2542 5518.5903 nan 5558.2326 5872.0674 nan 5872.0674 6503.0405 nan 7682.3986 8742.8298 2006X "" "" ""
CMFGEN CMFGEN "" "" "" "" "" "" nan 4583.693 5518.5903 nan 5297.2542 5518.5903 nan 5558.2326 5872.0674 nan 5872.0674 6503.0405 nan 7682.3986 8742.8298 2006X "" "" ""
CMFGEN CMFGEN "" "" "" "" "" "" nan 4583.693 5518.5903 nan 5297.2542 5518.5903 nan 5558.2326 5872.0674 nan 5872.0674 6503.0405 nan 7682.3986 8742.8298 2006X "" "" ""
obs "" "" "" "" "" "" "" "" "" "" "" "" "" "" "" "" 212.5513501830742 5874.2212 6548.1339 507.23797094945803 7687.0463 8765.3066 2006X "" "" ""
CMFGEN CMFGEN "" "" "" "" "" "" "" "" "" "" "" "" "" "" "" nan 5874.2212 6548.1339 nan 7687.0463 8765.3066 2006X "" "" ""
CMFGEN CMFGEN "" "" "" "" "" "" "" "" "" "" "" "" "" "" "" nan 5874.2212 6548.1339 nan 7687.0463 8765.3066 2006X "" "" ""
CMFGEN CMFGEN "" "" "" "" "" "" "" "" "" "" "" "" "" "" "" nan 5874.2212 6548.1339 nan 7687.0463 8765.3066 2006X "" "" ""
CMFGEN CMFGEN "" "" "" "" "" "" "" "" "" "" "" "" "" "" "" nan 5874.2212 6548.1339 nan 7687.0463 8765.3066 2006X "" "" ""
obs "" "" "" "" "" "" "" 318.68551816556567 4504.4084 5478.948 66.00344420718102 5151.8991 5654.0348 6.568073421388817 5654.0348 5809.3004 203.81875768516682 5809.3004 6334.5608 402.62589863121116 7520.5259 8462.0459 2006X "" "" ""
CMFGEN CMFGEN "" "" "" "" "" "" nan 4504.4084 5478.948 nan 5151.8991 5654.0348 nan 5654.0348 5809.3004 nan 5809.3004 6334.5608 nan 7520.5259 8462.0459 2006X "" "" ""
CMFGEN CMFGEN "" "" "" "" "" "" nan 4504.4084 5478.948 nan 5151.8991 5654.0348 nan 5654.0348 5809.3004 nan 5809.3004 6334.5608 nan 7520.5259 8462.0459 2006X "" "" ""
CMFGEN CMFGEN "" "" "" "" "" "" nan 4504.4084 5478.948 nan 5151.8991 5654.0348 nan 5654.0348 5809.3004 nan 5809.3004 6334.5608 nan 7520.5259 8462.0459 2006X "" "" ""
CMFGEN CMFGEN "" "" "" "" "" "" nan 4504.4084 5478.948 nan 5151.8991 5654.0348 nan 5654.0348 5809.3004 nan 5809.3004 6334.5608 nan 7520.5259 8462.0459 2006X "" "" ""
obs "" 1.8190773495008514 3998.8646 4053.2343 121.26879819736541 4053.2343 4486.1011 "" "" "" "" "" "" "" "" "" "" "" "" "" "" "" 2006X 16.211211970515137 3785.5679 4053.2343
CMFGEN CMFGEN nan 3998.8646 4053.2343 nan 4053.2343 4486.1011 "" "" "" "" "" "" "" "" "" "" "" "" "" "" "" 2006X nan 3785.5679 4053.2343
CMFGEN CMFGEN nan 3998.8646 4053.2343 nan 4053.2343 4486.1011 "" "" "" "" "" "" "" "" "" "" "" "" "" "" "" 2006X nan 3785.5679 4053.2343
CMFGEN CMFGEN nan 3998.8646 4053.2343 nan 4053.2343 4486.1011 "" "" "" "" "" "" "" "" "" "" "" "" "" "" "" 2006X nan 3785.5679 4053.2343
CMFGEN CMFGEN nan 3998.8646 4053.2343 nan 4053.2343 4486.1011 "" "" "" "" "" "" "" "" "" "" "" "" "" "" "" 2006X nan 3785.5679 4053.2343
obs "" 54.707383194967505 3900.8698 4030.0136 418.53354471148765 3900.8698 4586.6232 472.12072945321523 4586.6232 5523.5611 -1.7203037796602132 5296.2681 5523.5611 66.2319688250787 5551.327 5879.3522 220.33636693303822 5879.3522 6521.8424 511.8713711519579 7673.159 8720.5149 2006X "" "" ""
CMFGEN CMFGEN nan 3900.8698 4030.0136 nan 3900.8698 4586.6232 nan 4586.6232 5523.5611 nan 5296.2681 5523.5611 nan 5551.327 5879.3522 nan 5879.3522 6521.8424 nan 7673.159 8720.5149 2006X "" "" ""
CMFGEN CMFGEN nan 3900.8698 4030.0136 nan 3900.8698 4586.6232 nan 4586.6232 5523.5611 nan 5296.2681 5523.5611 nan 5551.327 5879.3522 nan 5879.3522 6521.8424 nan 7673.159 8720.5149 2006X "" "" ""
CMFGEN CMFGEN nan 3900.8698 4030.0136 nan 3900.8698 4586.6232 nan 4586.6232 5523.5611 nan 5296.2681 5523.5611 nan 5551.327 5879.3522 nan 5879.3522 6521.8424 nan 7673.159 8720.5149 2006X "" "" ""
CMFGEN CMFGEN nan 3900.8698 4030.0136 nan 3900.8698 4586.6232 nan 4586.6232 5523.5611 nan 5296.2681 5523.5611 nan 5551.327 5879.3522 nan 5879.3522 6521.8424 nan 7673.159 8720.5149 2006X "" "" ""
obs "" 59.29000255706346 3947.1189 4047.3265 443.0350713798648 3947.1189 4648.5717 434.6038966679935 4648.5717 5548.7967 10.893775229772928 5294.7186 5578.9137 85.63931230896043 5578.9137 5885.0121 229.1272385857563 5885.0121 6566.7519 522.5169912529394 7770.3374 8742.2957 2006X "" "" ""
CMFGEN CMFGEN nan 3947.1189 4047.3265 nan 3947.1189 4648.5717 nan 4648.5717 5548.7967 nan 5294.7186 5578.9137 nan 5578.9137 5885.0121 nan 5885.0121 6566.7519 nan 7770.3374 8742.2957 2006X "" "" ""
CMFGEN CMFGEN nan 3947.1189 4047.3265 nan 3947.1189 4648.5717 nan 4648.5717 5548.7967 nan 5294.7186 5578.9137 nan 5578.9137 5885.0121 nan 5885.0121 6566.7519 nan 7770.3374 8742.2957 2006X "" "" ""
CMFGEN CMFGEN nan 3947.1189 4047.3265 nan 3947.1189 4648.5717 nan 4648.5717 5548.7967 nan 5294.7186 5578.9137 nan 5578.9137 5885.0121 nan 5885.0121 6566.7519 nan 7770.3374 8742.2957 2006X "" "" ""
CMFGEN CMFGEN nan 3947.1189 4047.3265 nan 3947.1189 4648.5717 nan 4648.5717 5548.7967 nan 5294.7186 5578.9137 nan 5578.9137 5885.0121 nan 5885.0121 6566.7519 nan 7770.3374 8742.2957 2006X "" "" ""
obs "" "" "" "" "" "" "" "" "" "" 50.32532697337285 5185.647 5601.4341 119.25213204762133 5601.4341 5947.9233 243.56187673540222 5947.9233 6583.6558 696.0350834084485 7520.6832 8837.3423 2006X "" "" ""
CMFGEN CMFGEN "" "" "" "" "" "" "" "" "" nan 5185.647 5601.4341 nan 5601.4341 5947.9233 nan 5947.9233 6583.6558 nan 7520.6832 8837.3423 2006X "" "" ""
CMFGEN CMFGEN "" "" "" "" "" "" "" "" "" nan 5185.647 5601.4341 nan 5601.4341 5947.9233 nan 5947.9233 6583.6558 nan 7520.6832 8837.3423 2006X "" "" ""
CMFGEN CMFGEN "" "" "" "" "" "" "" "" "" nan 5185.647 5601.4341 nan 5601.4341 5947.9233 nan 5947.9233 6583.6558 nan 7520.6832 8837.3423 2006X "" "" ""
CMFGEN CMFGEN "" "" "" "" "" "" "" "" "" nan 5185.647 5601.4341 nan 5601.4341 5947.9233 nan 5947.9233 6583.6558 nan 7520.6832 8837.3423 2006X "" "" ""
obs "" 157.0201885496897 3904.2384 4128.1295 517.9027211148425 3904.2384 4657.6017 429.455717375732 4657.6017 5541.0639 13.486624059538428 5299.0195 5580.3961 99.57758133502503 5580.3961 5873.875 234.38536976088665 5873.875 6527.3949 577.255776551555 7776.9493 8784.4592 2006X "" "" ""
CMFGEN CMFGEN nan 3904.2384 4128.1295 nan 3904.2384 4657.6017 nan 4657.6017 5541.0639 nan 5299.0195 5580.3961 nan 5580.3961 5873.875 nan 5873.875 6527.3949 nan 7776.9493 8784.4592 2006X "" "" ""
CMFGEN CMFGEN nan 3904.2384 4128.1295 nan 3904.2384 4657.6017 nan 4657.6017 5541.0639 nan 5299.0195 5580.3961 nan 5580.3961 5873.875 nan 5873.875 6527.3949 nan 7776.9493 8784.4592 2006X "" "" ""
CMFGEN CMFGEN nan 3904.2384 4128.1295 nan 3904.2384 4657.6017 nan 4657.6017 5541.0639 nan 5299.0195 5580.3961 nan 5580.3961 5873.875 nan 5873.875 6527.3949 nan 7776.9493 8784.4592 2006X "" "" ""
CMFGEN CMFGEN nan 3904.2384 4128.1295 nan 3904.2384 4657.6017 nan 4657.6017 5541.0639 nan 5299.0195 5580.3961 nan 5580.3961 5873.875 nan 5873.875 6527.3949 nan 7776.9493 8784.4592 2006X "" "" ""
obs "" 10.28022970263298 3967.7751 4001.0562 354.19618052328724 3967.7751 4591.0395 528.2586182190311 4591.0395 5547.115 25.96317570467005 5283.8917 5565.2683 40.841444597000674 5565.2683 5843.6194 244.19763743601703 5843.6194 6545.5483 486.0312967350869 7773.9237 8720.9226 2006X "" "" ""
CMFGEN CMFGEN nan 3967.7751 4001.0562 nan 3967.7751 4591.0395 nan 4591.0395 5547.115 nan 5283.8917 5565.2683 nan 5565.2683 5843.6194 nan 5843.6194 6545.5483 nan 7773.9237 8720.9226 2006X "" "" ""
CMFGEN CMFGEN nan 3967.7751 4001.0562 nan 3967.7751 4591.0395 nan 4591.0395 5547.115 nan 5283.8917 5565.2683 nan 5565.2683 5843.6194 nan 5843.6194 6545.5483 nan 7773.9237 8720.9226 2006X "" "" ""
CMFGEN CMFGEN nan 3967.7751 4001.0562 nan 3967.7751 4591.0395 nan 4591.0395 5547.115 nan 5283.8917 5565.2683 nan 5565.2683 5843.6194 nan 5843.6194 6545.5483 nan 7773.9237 8720.9226 2006X "" "" ""
CMFGEN CMFGEN nan 3967.7751 4001.0562 nan 3967.7751 4591.0395 nan 4591.0395 5547.115 nan 5283.8917 5565.2683 nan 5565.2683 5843.6194 nan 5843.6194 6545.5483 nan 7773.9237 8720.9226 2006X "" "" ""
obs "" 2.2760727391680255 3991.9795 4007.1073 292.31377938382684 3991.9795 4675.7551 343.74535636420603 4675.7551 5544.0894 4.667115455125156 5299.0195 5586.4472 94.75304201228042 5586.4472 5879.9261 220.31263055892657 5879.9261 6542.5227 546.5176172878366 7776.9493 8775.3826 2006X "" "" ""
CMFGEN CMFGEN nan 3991.9795 4007.1073 nan 3991.9795 4675.7551 nan 4675.7551 5544.0894 nan 5299.0195 5586.4472 nan 5586.4472 5879.9261 nan 5879.9261 6542.5227 nan 7776.9493 8775.3826 2006X "" "" ""
CMFGEN CMFGEN nan 3991.9795 4007.1073 nan 3991.9795 4675.7551 nan 4675.7551 5544.0894 nan 5299.0195 5586.4472 nan 5586.4472 5879.9261 nan 5879.9261 6542.5227 nan 7776.9493 8775.3826 2006X "" "" ""
CMFGEN CMFGEN nan 3991.9795 4007.1073 nan 3991.9795 4675.7551 nan 4675.7551 5544.0894 nan 5299.0195 5586.4472 nan 5586.4472 5879.9261 nan 5879.9261 6542.5227 nan 7776.9493 8775.3826 2006X "" "" ""
CMFGEN CMFGEN nan 3991.9795 4007.1073 nan 3991.9795 4675.7551 nan 4675.7551 5544.0894 nan 5299.0195 5586.4472 nan 5586.4472 5879.9261 nan 5879.9261 6542.5227 nan 7776.9493 8775.3826 2006X "" "" ""
obs "" 76.06436362858202 3942.4037 4132.6978 367.1445469446736 3942.4037 4586.476 "" "" "" "" "" "" "" "" "" "" "" "" "" "" "" 2006X 282.57112469871475 3530.4483 3942.4037
CMFGEN CMFGEN nan 3942.4037 4132.6978 nan 3942.4037 4586.476 "" "" "" "" "" "" "" "" "" "" "" "" "" "" "" 2006X nan 3530.4483 3942.4037
CMFGEN CMFGEN nan 3942.4037 4132.6978 nan 3942.4037 4586.476 "" "" "" "" "" "" "" "" "" "" "" "" "" "" "" 2006X nan 3530.4483 3942.4037
CMFGEN CMFGEN nan 3942.4037 4132.6978 nan 3942.4037 4586.476 "" "" "" "" "" "" "" "" "" "" "" "" "" "" "" 2006X nan 3530.4483 3942.4037
CMFGEN CMFGEN nan 3942.4037 4132.6978 nan 3942.4037 4586.476 "" "" "" "" "" "" "" "" "" "" "" "" "" "" "" 2006X nan 3530.4483 3942.4037
obs "" 14.596090610491188 3943.8442 4078.4545 90.67780049440239 3943.8442 4503.2248 107.7474612769646 4503.2248 5125.4236 82.93238466636762 5191.2331 5630.9601 12.056702431891011 5630.9601 5885.224 91.81078546612105 5885.224 6315.977 148.45707685778382 7775.7511 8571.4476 2006ax "" "" ""
CMFGEN CMFGEN -25.929123597610698 3943.8442 4078.4545 175.28735471141636 3943.8442 4503.2248 -1363.8064738719468 4503.2248 5125.4236 81.85724370990579 5191.2331 5630.9601 82.47081171551767 5630.9601 5885.224 36.218616542314805 5885.224 6315.977 -212.78281439320006 7775.7511 8571.4476 2006ax "" "" ""
CMFGEN CMFGEN -25.270346514397545 3943.8442 4078.4545 35.9543120449423 3943.8442 4503.2248 -1461.7738009391396 4503.2248 5125.4236 79.05193807122947 5191.2331 5630.9601 87.0766609969532 5630.9601 5885.224 53.845760872872575 5885.224 6315.977 168.03697357431156 7775.7511 8571.4476 2006ax "" "" ""
CMFGEN CMFGEN -18.348799068296643 3943.8442 4078.4545 -58.490247392922015 3943.8442 4503.2248 -1207.384021746464 4503.2248 5125.4236 67.74949399048114 5191.2331 5630.9601 86.64248904158163 5630.9601 5885.224 52.486334944598866 5885.224 6315.977 195.7961790745643 7775.7511 8571.4476 2006ax "" "" ""
CMFGEN CMFGEN -32.144126682647936 3943.8442 4078.4545 209.9221044873143 3943.8442 4503.2248 -1645.5881786547898 4503.2248 5125.4236 62.244441254424146 5191.2331 5630.9601 103.03765213908517 5630.9601 5885.224 65.77363760278405 5885.224 6315.977 231.08587703481408 7775.7511 8571.4476 2006ax "" "" ""
obs "" 15.147053444105296 3946.8355 4114.3506 91.45396036176805 3946.8355 4509.2075 116.77145030241695 4509.2075 5125.4236 89.30382512679796 5206.1898 5636.9428 11.859071388373678 5636.9428 5888.2154 93.22436307102191 5888.2154 6315.977 135.1607376661492 7787.7165 8499.6555 2006ax "" "" ""
CMFGEN CMFGEN -39.36730815786672 3946.8355 4114.3506 197.97554304792538 3946.8355 4509.2075 -1272.1730180856102 4509.2075 5125.4236 134.0488719807716 5206.1898 5636.9428 75.18401853731052 5636.9428 5888.2154 37.599088085787685 5888.2154 6315.977 -119.76727684539026 7787.7165 8499.6555 2006ax "" "" ""
CMFGEN CMFGEN -37.99131886886414 3946.8355 4114.3506 61.92997882062548 3946.8355 4509.2075 -1400.8688963403206 4509.2075 5125.4236 128.3628834449687 5206.1898 5636.9428 80.26430046774294 5636.9428 5888.2154 54.52393310180844 5888.2154 6315.977 85.40858354716102 7787.7165 8499.6555 2006ax "" "" ""
CMFGEN CMFGEN -36.35289856358119 3946.8355 4114.3506 -27.7019520585867 3946.8355 4509.2075 -1155.5120597957862 4509.2075 5125.4236 114.48673422110733 5206.1898 5636.9428 80.18308502818178 5636.9428 5888.2154 53.050777098899516 5888.2154 6315.977 100.01405327301768 7787.7165 8499.6555 2006ax "" "" ""
CMFGEN CMFGEN -47.06374667185628 3946.8355 4114.3506 230.20636541816748 3946.8355 4509.2075 -1557.5854423659093 4509.2075 5125.4236 119.72560119037502 5206.1898 5636.9428 95.89500348566793 5636.9428 5888.2154 67.23843151992878 5888.2154 6315.977 228.8853429105942 7787.7165 8499.6555 2006ax "" "" ""
obs "" 16.922179474350685 3958.8009 4090.4198 102.63291038339389 3958.8009 4527.1555 126.13490890081783 4527.1555 5122.4323 91.74835048822695 5200.2071 5633.9514 11.719795484674876 5633.9514 5882.2327 95.39723514669248 5882.2327 6333.9251 152.85155492932677 7862.5 8562.4736 2006ax "" "" ""
CMFGEN CMFGEN -20.83358511864793 3958.8009 4090.4198 264.0681248979952 3958.8009 4527.1555 -959.3241754760829 4527.1555 5122.4323 112.87523543795174 5200.2071 5633.9514 81.24998847609311 5633.9514 5882.2327 47.40681737102602 5882.2327 6333.9251 240.78574431110843 7862.5 8562.4736 2006ax "" "" ""
CMFGEN CMFGEN -18.25765967386306 3958.8009 4090.4198 157.59617535465327 3958.8009 4527.1555 -1118.7121182073797 4527.1555 5122.4323 107.96063790935523 5200.2071 5633.9514 86.09712974228671 5633.9514 5882.2327 57.84585451645944 5882.2327 6333.9251 357.16798301374797 7862.5 8562.4736 2006ax "" "" ""
CMFGEN CMFGEN -12.793315593113846 3958.8009 4090.4198 76.23644350046993 3958.8009 4527.1555 -958.1028022279131 4527.1555 5122.4323 94.67201352933495 5200.2071 5633.9514 85.65602543557111 5633.9514 5882.2327 54.573680772358216 5882.2327 6333.9251 354.1322321848966 7862.5 8562.4736 2006ax "" "" ""
CMFGEN CMFGEN -24.23978928341174 3958.8009 4090.4198 294.8783039908502 3958.8009 4527.1555 -1189.3370095312803 4527.1555 5122.4323 97.50389732985212 5200.2071 5633.9514 101.42031777726007 5633.9514 5882.2327 72.39322183335082 5882.2327 6333.9251 359.9498096832879 7862.5 8562.4736 2006ax "" "" ""
obs "" 2.621979007386507 3953.8978 4000.9943 258.8722592356486 3953.8978 4608.3764 265.1333857337352 4608.3764 5235.788 -0.7790115986346109 5235.788 5500.5027 93.03599194776547 5553.5538 5861.0343 145.5796289255382 5861.0343 6334.7057 383.3802465704898 7846.1235 8692.7774 2006ax "" "" ""
CMFGEN CMFGEN -1.1699513547207019 3953.8978 4000.9943 443.1832884112212 3953.8978 4608.3764 78.01705440096441 4608.3764 5235.788 29.205031284807717 5235.788 5500.5027 167.6386383639295 5553.5538 5861.0343 35.86293448046922 5861.0343 6334.7057 360.91698803409685 7846.1235 8692.7774 2006ax "" "" ""
CMFGEN CMFGEN -2.0226394946383763 3953.8978 4000.9943 426.65242112672536 3953.8978 4608.3764 115.69137817666137 4608.3764 5235.788 39.090765802190674 5235.788 5500.5027 171.7428291762598 5553.5538 5861.0343 49.23325731922006 5861.0343 6334.7057 433.01861358315983 7846.1235 8692.7774 2006ax "" "" ""
CMFGEN CMFGEN -2.292077961932492 3953.8978 4000.9943 383.5103047520966 3953.8978 4608.3764 136.43058706666 4608.3764 5235.788 39.84857049873449 5235.788 5500.5027 171.16709670106903 5553.5538 5861.0343 45.78550981810952 5861.0343 6334.7057 420.4431434800546 7846.1235 8692.7774 2006ax "" "" ""
CMFGEN CMFGEN -1.301988663043737 3953.8978 4000.9943 460.99700575510315 3953.8978 4608.3764 52.892069639387046 4608.3764 5235.788 23.838916059500377 5235.788 5500.5027 176.49483472184446 5553.5538 5861.0343 47.137753947249394 5861.0343 6334.7057 452.0346353294897 7846.1235 8692.7774 2006ax "" "" ""
