results/equivalent_width/fixed_False.ecsv
# %ECSV 0.9
# ---
# datatype:
# - name: model
#   datatype: string
# - name: version
#   datatype: string
# - name: time
#   datatype: float64
# - name: pW2
#   datatype: float64
# - name: pW2_start
#   datatype: float64
# - name: pW2_end
#   datatype: float64
# - name: pW3
#   datatype: float64
# - name: pW3_start
#   datatype: float64
# - name: pW3_end
#   datatype: float64
# - name: pW4
#   datatype: float64
# - name: pW4_start
#   datatype: float64
# - name: pW4_end
#   datatype: float64
# - name: pW5
#   datatype: float64
# - name: pW5_start
#   datatype: float64
# - name: pW5_end
#   datatype: float64
# - name: pW6
#   datatype: float64
# - name: pW6_start
#   datatype: float64
# - name: pW6_end
#   datatype: float64
# - name: pW7
#   datatype: float64
# - name: pW7_start
#   datatype: float64
# - name: pW7_end
#   datatype: float64
# - name: pW8
#   datatype: float64
# - name: pW8_start
#   datatype: float64
# - name: pW8_end
#   datatype: float64
# - name: obj_id
#   datatype: string
# - name: pW1
#   datatype: float64
# - name: pW1_start
#   datatype: float64
# - name: pW1_end
#   datatype: float64
# schema: astropy-2.0
model version time pW2 pW2_start pW2_end pW3 pW3_start pW3_end pW4 pW4_start pW4_end pW5 pW5_start pW5_end pW6 pW6_start pW6_end pW7 pW7_start pW7_end pW8 pW8_start pW8_end obj_id pW1 pW1_start pW1_end
[from data line 2113]
CMFGEN CMFGEN 54482.35000000009 0.17841330915152298 3997.9227 4035.5544 387.7892021416281 4035.5544 4681.5657 "" "" "" "" "" "" "" "" "" "" "" "" "" "" "" 2007sr 164.76018170216486 3686.4156 4035.5544
CMFGEN CMFGEN 54482.35000000009 -0.001086034612829856 3993.7414 4000.0133 494.3939590613386 3993.7414 4683.6563 "" "" "" "" "" "" "" "" "" "" "" "" "" "" "" 2007sr 305.67128602925146 3500.3477 3993.7414
OBSERVED "" 54492.35999999987 -0.32769418476075174 3963.1052 4001.399 302.2504278589091 3963.1052 4616.8339 428.17071956696293 4616.8339 5549.5597 12.946195159626114 5297.9152 5557.7655 71.17561245026056 5557.7655 5847.7038 "" "" "" "" "" "" 2007sr 94.80361206529832 3695.0491 3963.1052
CMFGEN CMFGEN 54492.35999999987 -4.440892098500626e-16 3998.6637 4001.399 464.056871048256 3998.6637 4693.4214 111.71412302372909 4693.4214 5051.7413 28.476161258811857 5235.0041 5500.3249 148.7786001523255 5552.295 5937.9676 "" "" "" "" "" "" 2007sr 286.43514596193415 3500.8452 3998.6637
CMFGEN CMFGEN 54492.35999999987 -0.0019926538519943193 3995.9284 4001.399 450.55560710363727 3995.9284 4687.9508 236.25951260881948 4687.9508 5229.5336 35.36458809298452 5229.5336 5500.3249 171.5397683256522 5552.295 5872.3212 "" "" "" "" "" "" 2007sr 227.345180272316 3500.8452 3995.9284
CMFGEN CMFGEN 54492.35999999987 0.20528141025196334 3998.6637 4034.2222 388.443935889465 4034.2222 4682.4803 242.01952648537087 4682.4803 5224.063 34.609490590243894 5224.063 5500.3249 171.84424921738204 5552.295 5872.3212 "" "" "" "" "" "" 2007sr 164.83007843835819 3686.8433 4034.2222
CMFGEN CMFGEN 54492.35999999987 -0.00449342309404166 3993.1932 4001.399 494.87673687580445 3993.1932 4682.4803 120.44841547467962 4682.4803 5051.7413 44.91236078450606 5251.4157 5500.3249 175.73636568471693 5552.295 5885.9975 "" "" "" "" "" "" 2007sr 305.39265562520654 3500.8452 3993.1932
OBSERVED "" 54492.37999999989 "" "" "" "" "" "" "" "" "" "" "" "" 70.14648110418989 5551.0728 5845.0227 237.32011841715178 5845.0227 6524.2855 476.59301204067856 7751.7251 8752.7439 2007sr "" "" ""
CMFGEN CMFGEN 54492.37999999989 "" "" "" "" "" "" "" "" "" "" "" "" 150.63884101586655 5551.0728 5936.3855 273.19919987494717 5936.3855 6520.3132 489.951569527228 7862.9495 8899.7189 2007sr "" "" ""
CMFGEN CMFGEN 54492.37999999989 "" "" "" "" "" "" "" "" "" "" "" "" 172.53569616279623 5551.0728 5872.8288 229.38065882711828 5872.8288 6512.3686 591.1237460817096 7851.0326 8899.7189 2007sr "" "" ""
CMFGEN CMFGEN 54492.37999999989 "" "" "" "" "" "" "" "" "" "" "" "" 172.8579339519649 5551.0728 5872.8288 212.30452909841222 5872.8288 6512.3686 581.2662946202154 7855.0049 8899.7189 2007sr "" "" ""
CMFGEN CMFGEN 54492.37999999989 "" "" "" "" "" "" "" "" "" "" "" "" 177.23525202102994 5551.0728 5884.7457 311.2555408121999 5884.7457 6552.0915 648.5319001442678 7862.9495 8871.9128 2007sr "" "" ""
OBSERVED "" 54497.330000000075 "" "" "" "" "" "" "" "" "" 11.869464591574427 5298.7437 5556.1644 79.22466002541469 5556.1644 5874.1547 243.80244802237223 5874.1547 6525.2777 511.45283325239757 7763.9257 8787.5517 2007sr "" "" ""
CMFGEN CMFGEN 54497.330000000075 "" "" "" "" "" "" "" "" "" 29.946201224102936 5235.1456 5501.6518 151.27907682072635 5550.1074 5937.7528 273.229755735838 5937.7528 6519.2208 489.83800852377306 7863.8655 8899.6054 2007sr "" "" ""
CMFGEN CMFGEN 54497.330000000075 "" "" "" "" "" "" "" "" "" 36.213968802413035 5229.0886 5501.6518 173.16425478360082 5550.1074 5874.1547 229.5633676249588 5874.1547 6513.1638 590.9541050078303 7851.7516 8899.6054 2007sr "" "" ""
CMFGEN CMFGEN 54497.330000000075 "" "" "" "" "" "" "" "" "" 36.79971646751579 5226.0602 5501.6518 173.55029060884186 5550.1074 5874.1547 212.4046888197255 5874.1547 6513.1638 581.1840747412571 7854.7801 8899.6054 2007sr "" "" ""
CMFGEN CMFGEN 54497.330000000075 "" "" "" "" "" "" "" "" "" 45.5191723105857 5250.288 5501.6518 177.70055173837358 5550.1074 5886.2686 311.42419949558996 5886.2686 6552.534 648.9620575011178 7860.837 8872.3491 2007sr "" "" ""
OBSERVED "" 54497.310000000056 0.06827769218070046 3964.0595 4000.2261 309.3091346308108 3964.0595 4633.1414 432.35863506655977 4633.1414 5546.3477 12.55425287242565 5299.2094 5561.4172 77.81798447901247 5561.4172 5865.8193 242.740356454299 5865.8193 6519.8317 510.72635744416857 7749.4957 8804.3545 2007sr 100.97709801899663 3713.9073 3964.0595
CMFGEN CMFGEN 54497.310000000056 0.0 3997.2122 4000.2261 464.7737331569931 3997.2122 4693.419 111.71121526691263 4693.419 5052.071 29.976653645165413 5235.9179 5501.1395 148.62224316310312 5552.3755 5938.1524 273.25481340023475 5938.1524 6519.8317 488.85196386729217 7864.0233 8897.7849 2007sr 285.3367109753923 3502.9355 3997.2122
CMFGEN CMFGEN 54497.310000000056 0.0 3997.2122 4000.2261 449.8202085004703 3997.2122 4687.3913 236.22181002569988 4687.3913 5229.8901 36.29881393396954 5229.8901 5501.1395 171.5429507477204 5552.3755 5871.847 229.44430443960823 5871.847 6513.804 589.5929381157495 7851.9677 8897.7849 2007sr 166.18340148610432 3683.7685 3997.2122
CMFGEN CMFGEN 54497.310000000056 0.17027783954760167 3997.2122 4036.3927 387.2613677141986 4036.3927 4681.3635 241.74575347107418 4681.3635 5223.8623 35.102129400081935 5223.8623 5501.1395 171.4185882875594 5552.3755 5874.8609 212.25410280581457 5874.8609 6510.7901 579.4799954715741 7854.9816 8897.7849 2007sr 164.67322873887332 3686.7823 4036.3927
CMFGEN CMFGEN 54497.310000000056 -0.0006185554356061829 3994.1983 4000.2261 493.99638439941447 3994.1983 4684.3774 120.81950572105399 4684.3774 5052.071 45.50008561207409 5250.9873 5501.1395 175.37005996840372 5552.3755 5886.9164 311.15511716369963 5886.9164 6549.9706 649.1617475888314 7861.0094 8870.66 2007sr 303.61731357587087 3502.9355 3994.1983
OBSERVED "" 54510.29000000004 "" "" "" "" "" "" 375.27454396658175 4632.1545 5547.0152 4.917510597081787 5296.0065 5550.3179 102.1665202848111 5550.3179 5877.2898 232.83220839971858 5877.2898 6527.9307 603.3224549804033 7555.0847 8777.1008 2007sr "" "" ""
CMFGEN CMFGEN 54510.29000000004 "" "" "" "" "" "" 112.12897739644907 4694.9067 5051.6033 30.032657072417635 5236.557 5500.7767 151.37135557172078 5550.3179 5936.7392 273.1314865484811 5936.7392 6518.0225 489.8516813823951 7858.9374 8899.3023 2007sr "" "" ""
CMFGEN CMFGEN 54510.29000000004 "" "" "" "" "" "" 236.45622758762244 4688.3012 5229.9516 36.0232853497873 5229.9516 5500.7767 173.00607699638476 5550.3179 5873.987 229.71088684434744 5873.987 6514.7197 590.6674074332086 7852.3319 8899.3023 2007sr "" "" ""
CMFGEN CMFGEN 54510.29000000004 "" "" "" "" "" "" 242.52989558720935 4681.6957 5226.6488 36.45390810200814 5226.6488 5500.7767 173.38630148065715 5550.3179 5873.987 212.27950973355587 5873.987 6511.417 580.8213127336994 7855.6346 8899.3023 2007sr "" "" ""
CMFGEN CMFGEN 54510.29000000004 "" "" "" "" "" "" 120.23457435952446 4681.6957 5051.6033 44.13780095348616 5249.768 5500.7767 177.2108566041383 5550.3179 5887.198 311.3882027146825 5887.198 6551.05 648.6018582744103 7862.2401 8872.8804 2007sr "" "" ""
OBSERVED "" 54520.31999999983 21.86294897000694 3903.5802 4019.5279 358.2042355469814 3903.5802 4644.5586 325.73806992146956 4644.5586 5389.1604 1.3792298536385488 5298.5762 5552.2119 112.90830468064652 5552.2119 5880.1265 233.5309774998393 5880.1265 6521.9359 499.27596222241016 7500.6779 8783.3035 2007sr "" "" ""
CMFGEN CMFGEN 54520.31999999983 -0.00025766264890192403 3997.7877 4001.4111 464.10545741685087 3997.7877 4695.2857 112.22550155989583 4695.2857 5050.3756 29.803057279532567 5235.1673 5501.4847 151.4258014115614 5550.4002 5936.2887 275.8557290812806 5936.2887 6521.9359 490.05888291705435 7859.8131 8899.7265 2007sr "" "" ""
CMFGEN CMFGEN 54520.31999999983 -0.0008376717537945666 3997.7877 4001.4111 449.3069298915633 3997.7877 4688.039 236.8834190694222 4688.039 5231.544 37.64924839589983 5231.544 5501.4847 173.15518038577054 5550.4002 5872.8798 232.03932515375107 5872.8798 6521.9359 591.0406791177003 7851.92 8899.7265 2007sr "" "" ""
CMFGEN CMFGEN 54520.31999999983 0.10761953307012107 3999.5994 4035.8331 387.31593399415704 4035.8331 4682.604 242.5768962943007 4682.604 5226.1089 36.70642129140444 5226.1089 5501.4847 173.4708980359539 5550.4002 5872.8798 213.19268184521349 5872.8798 6521.9359 581.1895765041412 7855.8666 8899.7265 2007sr "" "" ""
CMFGEN CMFGEN 54520.31999999983 -0.00741139134354718 3992.3527 4001.4111 495.2642880660971 3992.3527 4682.604 120.78017573702667 4682.604 5050.3756 46.17393827581054 5251.4725 5501.4847 177.6579269591385 5550.4002 5885.5616 312.6198853849279 5885.5616 6551.535 648.8167229581165 7861.7864 8872.1007 2007sr "" "" ""
OBSERVED "" 54521.310000000056 15.78194816224033 3982.0154 4017.5828 419.363206634585 3982.0154 4578.7572 476.27485821351047 4578.7572 5513.3892 60.279998093676255 5278.2492 5513.3892 139.90541956845743 5554.8845 5843.3755 275.94431446173166 5843.3755 6475.6847 708.5164796684048 7679.048 8639.3676 2007ux "" "" ""
CMFGEN CMFGEN 54521.310000000056 -0.0003689484035001023 3997.8232 4001.7751 464.0226077402378 3997.8232 4695.3392 112.26259445323151 4695.3392 5051.0131 29.59886135212969 5234.778 5501.5334 150.83372061772002 5550.9325 5936.2459 273.1631319472086 5936.2459 6519.1559 489.15505735511636 7862.8129 8898.2191 2007ux "" "" ""
CMFGEN CMFGEN 54521.310000000056 -0.001124572454958006 3997.8232 4001.7751 449.342315268904 3997.8232 4687.4353 236.57197683144102 4687.4353 5230.826 37.2902899400471 5230.826 5501.5334 172.64102172244395 5550.9325 5873.015 229.5293157727192 5873.015 6513.228 589.9852798442735 7850.9571 8898.2191 2007ux "" "" ""
CMFGEN CMFGEN 54521.310000000056 0.12146684602930691 3999.7991 4035.3665 387.86052018863154 4035.3665 4681.5075 242.08580049542866 4681.5075 5224.8981 36.05279163903907 5224.8981 5501.5334 172.9716581504194 5550.9325 5873.015 212.23139841117757 5873.015 6511.2521 579.8915077803965 7854.909 8898.2191 2007ux "" "" ""
CMFGEN CMFGEN 54521.310000000056 -0.005246490363921552 3993.8712 4001.7751 494.3226212136424 3993.8712 4683.4834 120.89123837593905 4683.4834 5051.0131 45.67228332147269 5250.5857 5501.5334 177.34697082196362 5550.9325 5884.8708 311.13538877144674 5884.8708 6550.7714 648.9216833234825 7860.8369 8872.5316 2007ux "" "" ""
OBSERVED "" 54468.31999999983 "" "" "" "" "" "" "" "" "" 79.1216534383729 5234.3555 5595.5577 60.5906637533588 5595.5577 5917.921 128.89829284688955 5917.921 6364.5689 293.9266271285071 7716.1642 8566.7371 2007ux "" "" ""
CMFGEN CMFGEN 54468.31999999983 "" "" "" "" "" "" "" "" "" 30.10017017407924 5234.3555 5502.3443 148.36030182052045 5552.8349 5937.3405 273.2406462902775 5937.3405 6519.9247 488.51948513310697 7859.8683 8896.8682 2007ux "" "" ""
CMFGEN CMFGEN 54468.31999999983 "" "" "" "" "" "" "" "" "" 37.741781766180054 5230.4717 5502.3443 171.2002891493046 5552.8349 5871.3143 229.15742874605428 5871.3143 6512.1569 588.9613476048254 7852.1005 8896.8682 2007ux "" "" ""
CMFGEN CMFGEN 54468.31999999983 "" "" "" "" "" "" "" "" "" 37.6286908340995 5226.5878 5502.3443 170.94553507078805 5552.8349 5875.1982 212.4111207349033 5875.1982 6512.1569 578.5055986273942 7855.9844 8896.8682 2007ux "" "" ""
CMFGEN CMFGEN 54468.31999999983 "" "" "" "" "" "" "" "" "" 45.906709691316536 5249.8911 5502.3443 174.93150686740222 5552.8349 5886.8498 311.3632660989683 5886.8498 6550.9958 648.5861977139305 7863.7522 8869.6809 2007ux "" "" ""
OBSERVED "" 54468.299999999814 31.457416621818794 3940.014 4105.416 185.69057484746065 3940.014 4550.9343 176.39570092300465 4550.9343 5239.22 84.5003320126101 5239.22 5602.0373 "" "" "" "" "" "" "" "" "" 2007ux 88.14388330041561 3670.5688 3940.014
CMFGEN CMFGEN 54468.299999999814 0.0 3998.705 4001.3728 463.667712101463 3998.705 4694.9941 112.16653151054066 4694.9941 5052.4758 29.95577621656068 5236.5523 5500.6619 "" "" "" "" "" "" "" "" "" 2007ux 285.2908551246061 3502.4991 3998.705
CMFGEN CMFGEN 54468.299999999814 -0.0018612515047280453 3996.0373 4001.3728 450.61964544414093 3996.0373 4686.9908 236.57916179340668 4686.9908 5231.2167 36.77687468599578 5231.2167 5500.6619 "" "" "" "" "" "" "" "" "" 2007ux 166.5073983004094 3681.2399 3996.0373
CMFGEN CMFGEN 54468.299999999814 0.12839065740610067 3998.705 4036.0539 387.35322676875177 4036.0539 4681.6552 242.37720544311355 4681.6552 5225.8812 35.977220579158825 5225.8812 5500.6619 "" "" "" "" "" "" "" "" "" 2007ux 164.70817188668804 3686.5755 4036.0539
CMFGEN CMFGEN 54468.299999999814 -0.0040581008297433385 3993.3695 4001.3728 494.38333217934485 3993.3695 4684.323 120.73625247019407 4684.323 5052.4758 44.16995597263093 5249.8911 5500.6619 "" "" "" "" "" "" "" "" "" 2007ux 304.09863239965716 3502.4991 3993.3695
OBSERVED "" 54470.279999999795 "" "" "" "" "" "" 211.07358991630116 4625.97 5243.3023 86.95324283929779 5243.3023 5622.5207 73.82318271264009 5622.5207 5910.6091 153.53668531783927 5910.6091 6389.7765 409.0443741907717 7877.2532 8562.1981 2007ux "" "" ""
CMFGEN CMFGEN 54470.279999999795 "" "" "" "" "" "" 111.77870587083012 4693.5826 5052.2233 29.846840563849838 5234.4833 5501.9939 149.4277185816481 5551.9684 5937.0662 273.2128339157529 5937.0662 6519.1223 488.7965730189885 7859.6152 8897.3213 2007ux "" "" ""
CMFGEN CMFGEN 54470.279999999795 "" "" "" "" "" "" 236.843054849615 4687.7033 5231.5436 38.10406991714669 5231.5436 5501.9939 171.81547138801386 5551.9684 5872.3932 229.477396548328 5872.3932 6513.2429 589.3950141059445 7850.7962 8897.3213 2007ux "" "" ""
CMFGEN CMFGEN 54470.279999999795 "" "" "" "" "" "" 242.3523106379002 4681.8239 5225.6642 36.852196136225245 5225.6642 5501.9939 172.11717608362062 5551.9684 5872.3932 212.31415678026525 5872.3932 6513.2429 578.8248134738926 7856.6755 8897.3213 2007ux "" "" ""
CMFGEN CMFGEN 54470.279999999795 "" "" "" "" "" "" 120.15254465674408 4681.8239 5052.2233 46.9847110011483 5252.1213 5501.9939 175.68637666267094 5551.9684 5887.0916 311.4521071856609 5887.0916 6551.4587 648.7743270077829 7862.5549 8870.8642 2007ux "" "" ""
OBSERVED "" 54470.200000000186 "" "" "" "" "" "" 145.05377455965697 4545.3432 5136.1154 55.42742285322214 5210.7079 5583.6701 30.621907016526222 5583.6701 5962.5998 132.4870195707963 5962.5998 6565.3068 134.9502291682942 7731.9327 8400.2811 2008C "" "" ""
CMFGEN CMFGEN 54470.200000000186 "" "" "" "" "" "" 111.60747381050217 4694.5281 5052.5719 27.368609430601026 5234.5775 5500.1266 151.33750052909008 5550.8495 5935.7465 272.88209418143026 5935.7465 6517.5676 489.3009837321681 7863.2154 8898.5586 2008C "" "" ""
CMFGEN CMFGEN 54470.200000000186 "" "" "" "" "" "" 236.24072680245644 4688.5607 5231.5938 35.98192822669509 5231.5938 5500.1266 172.80474651257634 5550.8495 5873.0888 229.37351488847082 5873.0888 6514.5839 590.3522531037194 7851.2806 8898.5586 2008C "" "" ""
CMFGEN CMFGEN 54470.200000000186 "" "" "" "" "" "" 241.80246686812848 4682.5933 5225.6264 34.89319997977938 5225.6264 5500.1266 173.10066586114579 5550.8495 5873.0888 212.0125433553634 5873.0888 6511.6002 580.408587699199 7854.2643 8898.5586 2008C "" "" ""
CMFGEN CMFGEN 54470.200000000186 "" "" "" "" "" "" 119.87356605478436 4682.5933 5052.5719 42.71333274998938 5249.4959 5500.1266 177.5884482334855 5550.8495 5885.0236 310.7271814646958 5885.0236 6550.3883 649.4370519430008 7860.2317 8871.7054 2008C "" "" ""
OBSERVED "" 54492.16000000015 "" "" "" "" "" "" "" "" "" "" "" "" "" "" "" 210.97222621998992 5875.2386 6566.6989 334.37919251662333 7651.0343 8731.441 2008C "" "" ""
CMFGEN CMFGEN 54492.16000000015 "" "" "" "" "" "" "" "" "" "" "" "" "" "" "" 273.10238417220665 5938.0987 6519.5539 488.13798645168674 7863.1869 8896.4486 2008C "" "" ""
CMFGEN CMFGEN 54492.16000000015 "" "" "" "" "" "" "" "" "" "" "" "" "" "" "" 229.20008485181296 5871.3099 6515.6251 588.8877349518636 7851.4007 8896.4486 2008C "" "" ""
CMFGEN CMFGEN 54492.16000000015 "" "" "" "" "" "" "" "" "" "" "" "" "" "" "" 212.11993926320918 5875.2386 6511.6964 578.3364739350827 7855.3294 8896.4486 2008C "" "" ""
CMFGEN CMFGEN 54492.16000000015 "" "" "" "" "" "" "" "" "" "" "" "" "" "" "" 311.02455793321155 5887.0249 6550.9839 648.6589744030061 7863.1869 8872.8761 2008C "" "" ""
