results/equivalent_width/fixed_True.ecsv
# %ECSV 0.9
# ---
# datatype:
# - name: model
#   datatype: string
# - name: version
#   datatype: string
# - name: pW2
#   datatype: float64
# - name: pW2_start
#   datatype: float64
# - name: pW2_end
#   datatype: float64
# - name: pW3
#   datatype: float64
# - name: pW3_start
#   datatype: float64
# - name: pW3_end
#   datatype: float64
# - name: pW4
#   datatype: float64
# - name: pW4_start
#   datatype: float64
# - name: pW4_end
#   datatype: float64
# - name: pW5
#   datatype: float64
# - name: pW5_start
#   datatype: float64
# - name: pW5_end
#   datatype: float64
# - name: pW6
#   datatype: float64
# - name: pW6_start
#   datatype: float64
# - name: pW6_end
#   datatype: float64
# - name: pW7
#   datatype: float64
# - name: pW7_start
#   datatype: float64
# - name: pW7_end
#   datatype: float64
# - name: pW8
#   datatype: float64
# - name: pW8_start
#   datatype: float64
# - name: pW8_end
#   datatype: float64
# - name: obj_id
#   datatype: string
# - name: pW1
#   datatype: float64
# - name: pW1_start
#   datatype: float64
# - name: pW1_end
#   datatype: float64
# schema: astropy-2.0
model version pW2 pW2_start pW2_end pW3 pW3_start pW3_end pW4 pW4_start pW4_end pW5 pW5_start pW5_end pW6 pW6_start pW6_end pW7 pW7_start pW7_end pW8 pW8_start pW8_end obj_id pW1 pW1_start pW1_end
[from data line 672]
CMFGEN CMFGEN -1.28188432699487 3967.3401 4011.7524 448.0989196074164 3967.3401 4627.0886 72.74459491552784 4627.0886 5496.0258 56.146959881031705 5299.7103 5504.3933 159.06976162032288 5551.3803 5823.6472 76.19861075454617 5823.6472 6454.4312 323.3937910335188 7678.0234 8750.9999 2006D "" "" ""
CMFGEN CMFGEN -0.5780833303560087 3967.3401 4011.7524 411.662059579825 3967.3401 4627.0886 89.45633364109358 4627.0886 5496.0258 49.3449140679283 5299.7103 5504.3933 155.27791942359414 5551.3803 5823.6472 61.64142205979465 5823.6472 6454.4312 315.09647236767967 7678.0234 8750.9999 2006D "" "" ""
CMFGEN CMFGEN -0.9847061369009182 3967.3401 4011.7524 481.10761960790495 3967.3401 4627.0886 37.095024809867596 4627.0886 5496.0258 70.19590907643507 5299.7103 5504.3933 158.3082524538917 5551.3803 5823.6472 109.68690204550626 5823.6472 6454.4312 418.53390534917094 7678.0234 8750.9999 2006D "" "" ""
obs "" "" "" "" "" "" "" 345.86816920571596 4624.737 5484.1478 13.11895462357029 5279.9966 5513.7827 65.42380143294264 5550.0031 5849.6444 206.63367336435357 5849.6444 6455.5126 449.8776576266664 7657.3706 8714.3471 2006D "" "" ""
CMFGEN CMFGEN "" "" "" "" "" "" 16.913045530072736 4624.737 5484.1478 64.40380907443762 5279.9966 5513.7827 170.9223503909451 5550.0031 5849.6444 189.49567180043726 5849.6444 6455.5126 -36.890533277574605 7657.3706 8714.3471 2006D "" "" ""
CMFGEN CMFGEN "" "" "" "" "" "" 44.805409341755535 4624.737 5484.1478 65.35081111522393 5279.9966 5513.7827 173.97296237424283 5550.0031 5849.6444 154.9285667702818 5849.6444 6455.5126 290.90350243859757 7657.3706 8714.3471 2006D "" "" ""
CMFGEN CMFGEN "" "" "" "" "" "" 63.62213585152972 4624.737 5484.1478 58.055865721947214 5279.9966 5513.7827 172.33489130785375 5550.0031 5849.6444 144.24282685132397 5849.6444 6455.5126 309.8259440497807 7657.3706 8714.3471 2006D "" "" ""
CMFGEN CMFGEN "" "" "" "" "" "" -3.6903654674526933 4624.737 5484.1478 72.66592705559228 5279.9966 5513.7827 175.01190938335543 5550.0031 5849.6444 197.96672040881822 5849.6444 6455.5126 271.87805752417285 7657.3706 8714.3471 2006D "" "" ""
obs "" "" "" "" "" "" "" "" "" "" "" "" "" "" "" "" 210.7179086600314 5858.4425 6486.4981 448.2273374920428 7662.0032 8689.7304 2006D "" "" ""
CMFGEN CMFGEN "" "" "" "" "" "" "" "" "" "" "" "" "" "" "" 245.94213029804075 5858.4425 6486.4981 -92.94315332536712 7662.0032 8689.7304 2006D "" "" ""
CMFGEN CMFGEN "" "" "" "" "" "" "" "" "" "" "" "" "" "" "" 210.72490738098907 5858.4425 6486.4981 299.440026257731 7662.0032 8689.7304 2006D "" "" ""
CMFGEN CMFGEN "" "" "" "" "" "" "" "" "" "" "" "" "" "" "" 195.536449351579 5858.4425 6486.4981 324.0131534519692 7662.0032 8689.7304 2006D "" "" ""
CMFGEN CMFGEN "" "" "" "" "" "" "" "" "" "" "" "" "" "" "" 254.28979463839136 5858.4425 6486.4981 176.8641602780093 7662.0032 8689.7304 2006D "" "" ""
obs "" "" "" "" "" "" "" "" "" "" "" "" "" "" "" "" 95.67921359153274 5939.0486 6389.0991 153.13388934719103 7776.1951 8464.7052 2006D "" "" ""
CMFGEN CMFGEN "" "" "" "" "" "" "" "" "" "" "" "" "" "" "" 135.63616872699038 5939.0486 6389.0991 -250.76237131465928 7776.1951 8464.7052 2006D "" "" ""
CMFGEN CMFGEN "" "" "" "" "" "" "" "" "" "" "" "" "" "" "" 112.38377862021207 5939.0486 6389.0991 22.112310312350814 7776.1951 8464.7052 2006D "" "" ""
CMFGEN CMFGEN "" "" "" "" "" "" "" "" "" "" "" "" "" "" "" 105.29278311705036 5939.0486 6389.0991 41.28345248178857 7776.1951 8464.7052 2006D "" "" ""
CMFGEN CMFGEN "" "" "" "" "" "" "" "" "" "" "" "" "" "" "" 134.36360496520803 5939.0486 6389.0991 180.28499409832074 7776.1951 8464.7052 2006D "" "" ""
obs "" 0.6228397383606321 3972.9429 4003.0999 295.41074273663673 3972.9429 4615.2867 330.63438060701196 4615.2867 5501.9021 14.023939698595711 5299.8503 5501.9021 105.90205076286179 5550.1533 5827.5976 213.11663512747992 5827.5976 6442.8001 568.9617023215559 7552.5772 8722.6682 2006D "" "" ""
CMFGEN CMFGEN -0.2359337021691772 3972.9429 4003.0999 448.64275248583186 3972.9429 4615.2867 -19.54973148899103 4615.2867 5501.9021 56.066404945262434 5299.8503 5501.9021 162.55038753444381 5550.1533 5827.5976 117.76516162064087 5827.5976 6442.8001 -62.22093109073876 7552.5772 8722.6682 2006D "" "" ""
CMFGEN CMFGEN -0.31986266406067543 3972.9429 4003.0999 434.47207596625515 3972.9429 4615.2867 3.40431046575668 4615.2867 5501.9021 54.22795366215698 5299.8503 5501.9021 163.28196923434643 5550.1533 5827.5976 77.2359838784364 5827.5976 6442.8001 23.778134545989815 7552.5772 8722.6682 2006D "" "" ""
CMFGEN CMFGEN -0.18969949831934585 3972.9429 4003.0999 395.52967940551093 3972.9429 4615.2867 24.421536349386088 4615.2867 5501.9021 47.72546398449043 5299.8503 5501.9021 159.7150246000655 5550.1533 5827.5976 68.47599747851473 5827.5976 6442.8001 22.418229728299366 7552.5772 8722.6682 2006D "" "" ""
CMFGEN CMFGEN -0.27872597966179313 3972.9429 4003.0999 466.7509200617412 3972.9429 4615.2867 -70.73047306459966 4615.2867 5501.9021 67.7532667644796 5299.8503 5501.9021 162.05193154541024 5550.1533 5827.5976 105.31308040579472 5827.5976 6442.8001 406.9524351460718 7552.5772 8722.6682 2006D "" "" ""
obs "" 2.8487966968813296 3960.8801 4003.0999 296.20941872176024 3960.8801 4651.4751 287.7890700158134 4651.4751 5317.9445 26.348934670985642 5287.7875 5526.0277 142.918118979442 5553.169 5836.6447 228.1398130888938 5836.6447 6430.7373 788.0541136826681 7682.2522 8840.2805 2006D "" "" ""
CMFGEN CMFGEN -0.8279864783920061 3960.8801 4003.0999 473.58829857022505 3960.8801 4651.4751 181.9117874615613 4651.4751 5317.9445 77.24916157308792 5287.7875 5526.0277 165.15793256213624 5553.169 5836.6447 129.73776614125177 5836.6447 6430.7373 146.3572349228432 7682.2522 8840.2805 2006D "" "" ""
CMFGEN CMFGEN -1.3660354750647699 3960.8801 4003.0999 464.1990511951524 3960.8801 4651.4751 198.8385708569739 4651.4751 5317.9445 73.66186967092344 5287.7875 5526.0277 166.71062516377748 5553.169 5836.6447 96.97442470051828 5836.6447 6430.7373 481.9562627955031 7682.2522 8840.2805 2006D "" "" ""
CMFGEN CMFGEN -1.2960008531054754 3960.8801 4003.0999 428.26683360953064 3960.8801 4651.4751 207.13239160451815 4651.4751 5317.9445 63.652980727226605 5287.7875 5526.0277 163.876091829421 5553.169 5836.6447 93.67340431252421 5836.6447 6430.7373 464.8516419947009 7682.2522 8840.2805 2006D "" "" ""
CMFGEN CMFGEN -0.8593165719108669 3960.8801 4003.0999 498.51456151452373 3960.8801 4651.4751 201.0595627875203 4651.4751 5317.9445 88.92443889033316 5287.7875 5526.0277 165.17395417530744 5553.169 5836.6447 117.79917140004397 5836.6447 6430.7373 578.7407339372185 7682.2522 8840.2805 2006D "" "" ""
obs "" "" "" "" "" "" "" 102.49986509322798 4502.9048 5102.1875 79.2178803946029 5197.6776 5576.3452 27.122569749139927 5576.3452 5928.6707 101.95549546801817 5928.6707 6389.6573 136.91666377315573 7802.2521 8503.6104 2006D "" "" ""
CMFGEN CMFGEN "" "" "" "" "" "" -1205.0156050408132 4502.9048 5102.1875 28.781165415518558 5197.6776 5576.3452 123.62398898447341 5576.3452 5928.6707 132.65505714164522 5928.6707 6389.6573 -3.466149764813963 7802.2521 8503.6104 2006D "" "" ""
CMFGEN CMFGEN "" "" "" "" "" "" -1307.9543845928551 4502.9048 5102.1875 28.54984544731434 5197.6776 5576.3452 125.88122993707611 5576.3452 5928.6707 112.68954548015824 5928.6707 6389.6573 146.5971567831923 7802.2521 8503.6104 2006D "" "" ""
CMFGEN CMFGEN "" "" "" "" "" "" -1204.395213294039 4502.9048 5102.1875 23.512196881354384 5197.6776 5576.3452 127.80987992941553 5576.3452 5928.6707 107.43256678893374 5928.6707 6389.6573 150.54229660985015 7802.2521 8503.6104 2006D "" "" ""
CMFGEN CMFGEN "" "" "" "" "" "" -1380.8224266495063 4502.9048 5102.1875 11.614368790544574 5197.6776 5576.3452 126.08459958859805 5576.3452 5928.6707 145.04731381659258 5928.6707 6389.6573 260.28672239490743 7802.2521 8503.6104 2006D "" "" ""
obs "" 28.016714740516036 3924.4332 4054.9547 212.83436728394793 3924.4332 4523.6747 146.49356183910123 4523.6747 5111.9859 87.68190004828068 5197.5 5554.9874 31.27214668882732 5554.9874 5907.9741 104.19564398816539 5907.9741 6338.1164 226.26050686315864 7819.5031 8553.7669 2006D "" "" ""
CMFGEN CMFGEN -26.97138940222328 3924.4332 4054.9547 208.13822442671704 3924.4332 4523.6747 -972.2662250682156 4523.6747 5111.9859 4.850088721170835 5197.5 5554.9874 154.49830755984425 5554.9874 5907.9741 63.38067731152432 5907.9741 6338.1164 135.03399918377386 7819.5031 8553.7669 2006D "" "" ""
CMFGEN CMFGEN -28.681113231774475 3924.4332 4054.9547 63.51478054228869 3924.4332 4523.6747 -1145.0949275718085 4523.6747 5111.9859 10.87718460625365 5197.5 5554.9874 159.52483871364157 5554.9874 5907.9741 66.25007382865749 5907.9741 6338.1164 291.22076609367775 7819.5031 8553.7669 2006D "" "" ""
CMFGEN CMFGEN -22.249153938700886 3924.4332 4054.9547 -46.31929277044469 3924.4332 4523.6747 -1025.5624901318176 4523.6747 5111.9859 12.53242144516662 5197.5 5554.9874 161.9589817733922 5554.9874 5907.9741 61.32515847817183 5907.9741 6338.1164 288.2467149024883 7819.5031 8553.7669 2006D "" "" ""
CMFGEN CMFGEN -32.31067625814336 3924.4332 4054.9547 224.16527998906963 3924.4332 4523.6747 -1179.607270270167 4523.6747 5111.9859 -16.89013647006425 5197.5 5554.9874 165.80031537718287 5554.9874 5907.9741 88.55701863765444 5907.9741 6338.1164 312.7889480019886 7819.5031 8553.7669 2006D "" "" ""
obs "" 43.51325753993511 3934.494 4019.2095 419.3482708174597 3934.494 4627.3462 515.7519165573322 4627.3462 5547.115 23.04566492507945 5292.9683 5574.345 53.21714093136927 5574.345 5843.6194 245.20322939091477 5843.6194 6527.3949 496.02892434267903 7789.0515 8766.3059 2006X "" "" ""
CMFGEN CMFGEN nan 3934.494 4019.2095 nan 3934.494 4627.3462 nan 4627.3462 5547.115 nan 5292.9683 5574.345 nan 5574.345 5843.6194 nan 5843.6194 6527.3949 nan 7789.0515 8766.3059 2006X "" "" ""
CMFGEN CMFGEN nan 3934.494 4019.2095 nan 3934.494 4627.3462 nan 4627.3462 5547.115 nan 5292.9683 5574.345 nan 5574.345 5843.6194 nan 5843.6194 6527.3949 nan 7789.0515 8766.3059 2006X "" "" ""
CMFGEN CMFGEN nan 3934.494 4019.2095 nan 3934.494 4627.3462 nan 4627.3462 5547.115 nan 5292.9683 5574.345 nan 5574.345 5843.6194 nan 5843.6194 6527.3949 nan 7789.0515 8766.3059 2006X "" "" ""
CMFGEN CMFGEN nan 3934.494 4019.2095 nan 3934.494 4627.3462 nan 4627.3462 5547.115 nan 5292.9683 5574.345 nan 5574.345 5843.6194 nan 5843.6194 6527.3949 nan 7789.0515 8766.3059 2006X "" "" ""
obs "" 65.36897972632642 3901.2129 4143.2573 147.45471061611437 4143.2573 4524.4773 328.288708796239 4524.4773 5241.5339 31.41350299270175 5241.5339 5695.3672 11.191059191861115 5695.3672 5867.8239 165.54301053213334 5867.8239 6412.4238 481.6757253251276 7556.0838 8678.5648 2006X "" "" ""
CMFGEN CMFGEN nan 3901.2129 4143.2573 nan 4143.2573 4524.4773 nan 4524.4773 5241.5339 nan 5241.5339 5695.3672 nan 5695.3672 5867.8239 nan 5867.8239 6412.4238 nan 7556.0838 8678.5648 2006X "" "" ""
CMFGEN CMFGEN nan 3901.2129 4143.2573 nan 4143.2573 4524.4773 nan 4524.4773 5241.5339 nan 5241.5339 5695.3672 nan 5695.3672 5867.8239 nan 5867.8239 6412.4238 nan 7556.0838 8678.5648 2006X "" "" ""
CMFGEN CMFGEN nan 3901.2129 4143.2573 nan 4143.2573 4524.4773 nan 4524.4773 5241.5339 nan 5241.5339 5695.3672 nan 5695.3672 5867.8239 nan 5867.8239 6412.4238 nan 7556.0838 8678.5648 2006X "" "" ""
CMFGEN CMFGEN nan 3901.2129 4143.2573 nan 4143.2573 4524.4773 nan 4524.4773 5241.5339 nan 5241.5339 5695.3672 nan 5695.3672 5867.8239 nan 5867.8239 6412.4238 nan 7556.0838 8678.5648 2006X "" "" ""
obs "" 27.636160832005725 3979.8773 4037.3629 375.25939472495264 3979.8773 4612.2184 496.437878384271 4612.2184 5538.0383 16.688067604455625 5295.9939 5586.4472 60.755509338833804 5586.4472 5855.7217 249.9005539700596 5855.7217 6572.7783 506.13567020012135 7767.8726 8811.6892 2006X "" "" ""
CMFGEN CMFGEN nan 3979.8773 4037.3629 nan 3979.8773 4612.2184 nan 4612.2184 5538.0383 nan 5295.9939 5586.4472 nan 5586.4472 5855.7217 nan 5855.7217 6572.7783 nan 7767.8726 8811.6892 2006X "" "" ""
CMFGEN CMFGEN nan 3979.8773 4037.3629 nan 3979.8773 4612.2184 nan 4612.2184 5538.0383 nan 5295.9939 5586.4472 nan 5586.4472 5855.7217 nan 5855.7217 6572.7783 nan 7767.8726 8811.6892 2006X "" "" ""
CMFGEN CMFGEN nan 3979.8773 4037.3629 nan 3979.8773 4612.2184 nan 4612.2184 5538.0383 nan 5295.9939 5586.4472 nan 5586.4472 5855.7217 nan 5855.7217 6572.7783 nan 7767.8726 8811.6892 2006X "" "" ""
CMFGEN CMFGEN nan 3979.8773 4037.3629 nan 3979.8773 4612.2184 nan 4612.2184 5538.0383 nan 5295.9939 5586.4472 nan 5586.4472 5855.7217 nan 5855.7217 6572.7783 nan 7767.8726 8811.6892 2006X "" "" ""
obs "" 66.28694601337224 3910.2895 4149.3084 326.79053034398794 3910.2895 4560.784 362.2359078172171 4560.784 5320.1983 -5.410185449552785 5299.0195 5504.7572 71.28540663989503 5550.1406 5907.1561 160.81085438900914 5907.1561 6454.7816 429.4193159081881 7837.4604 8739.0759 2006X "" "" ""
CMFGEN CMFGEN nan 3910.2895 4149.3084 nan 3910.2895 4560.784 nan 4560.784 5320.1983 nan 5299.0195 5504.7572 nan 5550.1406 5907.1561 nan 5907.1561 6454.7816 nan 7837.4604 8739.0759 2006X "" "" ""
CMFGEN CMFGEN nan 3910.2895 4149.3084 nan 3910.2895 4560.784 nan 4560.784 5320.1983 nan 5299.0195 5504.7572 nan 5550.1406 5907.1561 nan 5907.1561 6454.7816 nan 7837.4604 8739.0759 2006X "" "" ""
CMFGEN CMFGEN nan 3910.2895 4149.3084 nan 3910.2895 4560.784 nan 4560.784 5320.1983 nan 5299.0195 5504.7572 nan 5550.1406 5907.1561 nan 5907.1561 6454.7816 nan 7837.4604 8739.0759 2006X "" "" ""
CMFGEN CMFGEN nan 3910.2895 4149.3084 nan 3910.2895 4560.784 nan 4560.784 5320.1983 nan 5299.0195 5504.7572 nan 5550.1406 5907.1561 nan 5907.1561 6454.7816 nan 7837.4604 8739.0759 2006X "" "" ""
obs "" 67.00169772811424 3916.3407 4143.2573 354.5091737635784 3916.3407 4575.9117 381.0632321364553 4575.9117 5420.0417 -14.19426211999857 5299.0195 5507.7828 79.12902852872384 5553.1661 5913.2072 162.1659365260901 5913.2072 6500.1649 553.5043156008442 7525.8282 8748.1526 2006X "" "" ""
CMFGEN CMFGEN nan 3916.3407 4143.2573 nan 3916.3407 4575.9117 nan 4575.9117 5420.0417 nan 5299.0195 5507.7828 nan 5553.1661 5913.2072 nan 5913.2072 6500.1649 nan 7525.8282 8748.1526 2006X "" "" ""
CMFGEN CMFGEN nan 3916.3407 4143.2573 nan 3916.3407 4575.9117 nan 4575.9117 5420.0417 nan 5299.0195 5507.7828 nan 5553.1661 5913.2072 nan 5913.2072 6500.1649 nan 7525.8282 8748.1526 2006X "" "" ""
CMFGEN CMFGEN nan 3916.3407 4143.2573 nan 3916.3407 4575.9117 nan 4575.9117 5420.0417 nan 5299.0195 5507.7828 nan 5553.1661 5913.2072 nan 5913.2072 6500.1649 nan 7525.8282 8748.1526 2006X "" "" ""
CMFGEN CMFGEN nan 3916.3407 4143.2573 nan 3916.3407 4575.9117 nan 4575.9117 5420.0417 nan 5299.0195 5507.7828 nan 5553.1661 5913.2072 nan 5913.2072 6500.1649 nan 7525.8282 8748.1526 2006X "" "" ""
obs "" 75.17708360093357 3901.2129 4131.1551 375.55532999566896 3901.2129 4609.1928 522.1100394958488 4609.1928 5544.0894 19.701876075773157 5299.0195 5559.2172 39.46540959682562 5559.2172 5834.5428 245.19349759241504 5834.5428 6548.5738 483.25098964942526 7767.8726 8720.9226 2006X "" "" ""
CMFGEN CMFGEN nan 3901.2129 4131.1551 nan 3901.2129 4609.1928 nan 4609.1928 5544.0894 nan 5299.0195 5559.2172 nan 5559.2172 5834.5428 nan 5834.5428 6548.5738 nan 7767.8726 8720.9226 2006X "" "" ""
CMFGEN CMFGEN nan 3901.2129 4131.1551 nan 3901.2129 4609.1928 nan 4609.1928 5544.0894 nan 5299.0195 5559.2172 nan 5559.2172 5834.5428 nan 5834.5428 6548.5738 nan 7767.8726 8720.9226 2006X "" "" ""
CMFGEN CMFGEN nan 3901.2129 4131.1551 nan 3901.2129 4609.1928 nan 4609.1928 5544.0894 nan 5299.0195 5559.2172 nan 5559.2172 5834.5428 nan 5834.5428 6548.5738 nan 7767.8726 8720.9226 2006X "" "" ""
CMFGEN CMFGEN nan 3901.2129 4131.1551 nan 3901.2129 4609.1928 nan 4609.1928 5544.0894 nan 5299.0195 5559.2172 nan 5559.2172 5834.5428 nan 5834.5428 6548.5738 nan 7767.8726 8720.9226 2006X "" "" ""
