results/equivalent_width/fixed_True.ecsv
# %ECSV 0.9
# ---
# datatype:
# - name: model
#   datatype: string
# - name: version
#   datatype: string
# - name: time
#   datatype: float64
# - name: pW2
#   datatype: float64
# - name: pW2_start
#   datatype: float64
# - name: pW2_end
#   datatype: float64
# - name: pW3
#   datatype: float64
# - name: pW3_start
#   datatype: float64
# - name: pW3_end
#   datatype: float64
# - name: pW4
#   datatype: float64
# - name: pW4_start
#   datatype: float64
# - name: pW4_end
#   datatype: float64
# - name: pW5
#   datatype: float64
# - name: pW5_start
#   datatype: float64
# - name: pW5_end
#   datatype: float64
# - name: pW6
#   datatype: float64
# - name: pW6_start
#   datatype: float64
# - name: pW6_end
#   datatype: float64
# - name: pW7
#   datatype: float64
# - name: pW7_start
#   datatype: float64
# - name: pW7_end
#   datatype: float64
# - name: pW8
#   datatype: float64
# - name: pW8_start
#   datatype: float64
# - name: pW8_end
#   datatype: float64
# - name: obj_id
#   datatype: string
# - name: pW1
#   datatype: float64
# - name: pW1_start
#   datatype: float64
# - name: pW1_end
#   datatype: float64
# schema: astropy-2.0
model version time pW2 pW2_start pW2_end pW3 pW3_start pW3_end pW4 pW4_start pW4_end pW5 pW5_start pW5_end pW6 pW6_start pW6_end pW7 pW7_start pW7_end pW8 pW8_start pW8_end obj_id pW1 pW1_start pW1_end
[from data line 1378]
CMFGEN CMFGEN 55.58999999988737 "" "" "" "" "" "" "" "" "" "" "" "" "" "" "" 74.73861279810552 5954.7257 6267.8987 -97.68262106873317 7567.735 8308.5744 2006mr "" "" ""
CMFGEN CMFGEN 55.58999999988737 "" "" "" "" "" "" "" "" "" "" "" "" "" "" "" 51.05976648483147 5954.7257 6267.8987 -215.65629408342784 7567.735 8308.5744 2006mr "" "" ""
OBSERVED "" 55.56999999986874 "" "" "" "" "" "" 271.5815487727408 4630.3419 5386.3748 63.89175878027052 5293.9341 5554.7489 69.02015682031967 5554.7489 5828.7696 158.71135655699015 5828.7696 6340.4949 629.2538273911321 7558.7313 8783.5705 2006mr "" "" ""
CMFGEN CMFGEN 55.56999999986874 "" "" "" "" "" "" 199.7291550401494 4630.3419 5386.3748 31.2492481943149 5293.9341 5554.7489 122.09411692702386 5554.7489 5828.7696 18.29878671947307 5828.7696 6340.4949 246.9912036788976 7558.7313 8783.5705 2006mr "" "" ""
CMFGEN CMFGEN 55.56999999986874 "" "" "" "" "" "" 278.1817919841466 4630.3419 5386.3748 -1.4039144373445538 5293.9341 5554.7489 94.9559876054702 5554.7489 5828.7696 106.93452560165724 5828.7696 6340.4949 420.39724219715845 7558.7313 8783.5705 2006mr "" "" ""
CMFGEN CMFGEN 55.56999999986874 "" "" "" "" "" "" 289.98914556551074 4630.3419 5386.3748 -4.68150897503574 5293.9341 5554.7489 76.18150727312701 5554.7489 5828.7696 143.56053243456802 5828.7696 6340.4949 404.21281597386087 7558.7313 8783.5705 2006mr "" "" ""
CMFGEN CMFGEN 55.56999999986874 "" "" "" "" "" "" 212.20384938076018 4630.3419 5386.3748 39.48389106473445 5293.9341 5554.7489 140.43588059589956 5554.7489 5828.7696 -20.666287126223324 5828.7696 6340.4949 335.61455141754277 7558.7313 8783.5705 2006mr "" "" ""
OBSERVED "" 55.549999999850115 1.122320332014807 3994.2684 4004.7176 354.0481748866096 4004.7176 4669.2846 "" "" "" "" "" "" "" "" "" "" "" "" "" "" "" 2006mr 247.31571310926927 3651.5358 4004.7176
CMFGEN CMFGEN 55.549999999850115 -0.007072376198422603 3994.2684 4004.7176 214.16245438972845 4004.7176 4669.2846 "" "" "" "" "" "" "" "" "" "" "" "" "" "" "" 2006mr 99.50795966492214 3651.5358 4004.7176
CMFGEN CMFGEN 55.549999999850115 -0.01170293698826086 3994.2684 4004.7176 181.82256731345592 4004.7176 4669.2846 "" "" "" "" "" "" "" "" "" "" "" "" "" "" "" 2006mr 27.28768239206272 3651.5358 4004.7176
CMFGEN CMFGEN 55.549999999850115 -0.009207535361783314 3994.2684 4004.7176 182.22105264798427 4004.7176 4669.2846 "" "" "" "" "" "" "" "" "" "" "" "" "" "" "" 2006mr 25.630033287324068 3651.5358 4004.7176
CMFGEN CMFGEN 55.549999999850115 -0.0033548708817860984 3994.2684 4004.7176 194.82388768901103 4004.7176 4669.2846 "" "" "" "" "" "" "" "" "" "" "" "" "" "" "" 2006mr 71.8872348882885 3651.5358 4004.7176
OBSERVED "" 24.17000000011467 16.02496035105129 3952.1431 4015.3121 313.11845728552964 3952.1431 4575.2194 453.8970883530209 4575.2194 5548.5968 58.52984249989146 5261.4649 5548.5968 67.73250623276428 5551.4682 5858.6994 267.0198454986379 5858.6994 6527.7168 "" "" "" 2006ob "" "" ""
CMFGEN CMFGEN 24.17000000011467 0.023785578337552238 3952.1431 4015.3121 75.23622256745898 3952.1431 4575.2194 138.78609878022075 4575.2194 5548.5968 21.70668935972759 5261.4649 5548.5968 20.892070575313483 5551.4682 5858.6994 144.46651535321837 5858.6994 6527.7168 "" "" "" 2006ob "" "" ""
CMFGEN CMFGEN 24.17000000011467 2.7557449420153475 3952.1431 4015.3121 65.20291677310524 3952.1431 4575.2194 226.73176662053277 4575.2194 5548.5968 27.882874749423593 5261.4649 5548.5968 10.038762910792173 5551.4682 5858.6994 119.74612936364474 5858.6994 6527.7168 "" "" "" 2006ob "" "" ""
CMFGEN CMFGEN 24.17000000011467 3.8606322229859344 3952.1431 4015.3121 70.83524555169492 3952.1431 4575.2194 258.04558847686656 4575.2194 5548.5968 32.230400754702174 5261.4649 5548.5968 10.396075134421835 5551.4682 5858.6994 104.15958448981166 5858.6994 6527.7168 "" "" "" 2006ob "" "" ""
CMFGEN CMFGEN 24.17000000011467 1.569021251041157 3952.1431 4015.3121 54.66078265959004 3952.1431 4575.2194 171.6459284706484 4575.2194 5548.5968 19.174955066482426 5261.4649 5548.5968 18.00375631512111 5551.4682 5858.6994 139.29800224295718 5858.6994 6527.7168 "" "" "" 2006ob "" "" ""
OBSERVED "" 54082.12999999989 38.86324367857202 3979.2193 4087.8439 235.65640412634673 4087.8439 4616.2881 324.49150004473853 4616.2881 5417.7617 10.464465868106998 5279.7791 5505.8357 72.81540798456311 5552.8085 5869.875 218.94487462574256 5869.875 6559.7882 583.6974777664624 7502.1803 8655.95 2006os "" "" ""
CMFGEN CMFGEN 54082.12999999989 -9.687729362955551 3979.2193 4087.8439 379.56323587835146 4087.8439 4616.2881 -71.01079172288473 4616.2881 5417.7617 55.83931100593179 5279.7791 5505.8357 167.21254868309506 5552.8085 5869.875 260.67336911049404 5869.875 6559.7882 -92.68478262518056 7502.1803 8655.95 2006os "" "" ""
CMFGEN CMFGEN 54082.12999999989 -7.053143372681717 3979.2193 4087.8439 356.767224009215 4087.8439 4616.2881 -65.21076096368142 4616.2881 5417.7617 58.26273691821325 5279.7791 5505.8357 171.76056337427647 5552.8085 5869.875 215.63189612954613 5869.875 6559.7882 98.55021149696904 7502.1803 8655.95 2006os "" "" ""
CMFGEN CMFGEN 54082.12999999989 -5.233502189660882 3979.2193 4087.8439 327.33206374116446 4087.8439 4616.2881 -39.62052695338912 4616.2881 5417.7617 52.01251237734695 5279.7791 5505.8357 171.81178394480025 5552.8085 5869.875 188.0465820872123 5869.875 6559.7882 182.40393092909778 7502.1803 8655.95 2006os "" "" ""
CMFGEN CMFGEN 54082.12999999989 -11.941641709086468 3979.2193 4087.8439 398.87384693273117 4087.8439 4616.2881 -130.9277138619542 4616.2881 5417.7617 63.63888030347039 5279.7791 5505.8357 178.3741013014099 5552.8085 5869.875 304.45949085712937 5869.875 6559.7882 90.67538647920401 7502.1803 8655.95 2006os "" "" ""
OBSERVED "" 54061.18000000017 35.6659284486134 3917.8131 4076.8319 125.23364958725347 4076.8319 4515.6061 201.36429171023713 4515.6061 5184.0742 98.42960206597783 5184.0742 5522.7254 53.53232393399915 5631.6827 5932.0516 153.6771672221125 5932.0516 6332.5435 421.3968482725369 7772.5474 8635.3718 2006os "" "" ""
CMFGEN CMFGEN 54061.18000000017 -48.72870275889011 3917.8131 4076.8319 199.81959996896157 4076.8319 4515.6061 -1056.1739449911568 4515.6061 5184.0742 -71.8350565386944 5184.0742 5522.7254 56.37318441988751 5631.6827 5932.0516 67.30098682473869 5932.0516 6332.5435 -94.66999722870878 7772.5474 8635.3718 2006os "" "" ""
CMFGEN CMFGEN 54061.18000000017 -50.98994384508907 3917.8131 4076.8319 95.25722550513098 4076.8319 4515.6061 -920.4848656504203 4515.6061 5184.0742 -46.48470579827722 5184.0742 5522.7254 57.95111634867956 5631.6827 5932.0516 66.11298581580604 5932.0516 6332.5435 240.84815645203776 7772.5474 8635.3718 2006os "" "" ""
CMFGEN CMFGEN 54061.18000000017 -39.26306539700485 3917.8131 4076.8319 58.09188669085552 4076.8319 4515.6061 -689.2618295335624 4515.6061 5184.0742 -28.18818304518652 5184.0742 5522.7254 57.60157922270818 5631.6827 5932.0516 58.83925165775133 5932.0516 6332.5435 263.25109312267364 7772.5474 8635.3718 2006os "" "" ""
CMFGEN CMFGEN 54061.18000000017 -63.438675299589505 3917.8131 4076.8319 229.39012712561646 4076.8319 4515.6061 -1356.0299528252763 4515.6061 5184.0742 -113.96986453428264 5184.0742 5522.7254 64.5809969955969 5631.6827 5932.0516 78.00355863227287 5932.0516 6332.5435 255.79510586716242 7772.5474 8635.3718 2006os "" "" ""
OBSERVED "" 54082.16000000015 58.92070004480553 3941.5211 4111.6703 136.4454820011013 4111.6703 4604.8149 182.6330379554979 4604.8149 5504.5874 39.28796831244102 5299.8315 5631.4784 34.97125315233808 5631.4784 5879.4926 120.24892386296301 5879.4926 6436.0827 829.2430366973517 7658.8505 8847.0116 2006ot 280.7557482114005 3503.1703 4048.2248
CMFGEN CMFGEN 54082.16000000015 -44.866928242463985 3941.5211 4111.6703 342.53208255955934 4111.6703 4604.8149 -125.54687985620649 4604.8149 5504.5874 188.74018224869414 5299.8315 5631.4784 84.73518470392438 5631.4784 5879.4926 176.51781261170424 5879.4926 6436.0827 147.162018064912 7658.8505 8847.0116 2006ot 237.30304873411853 3503.1703 4048.2248
CMFGEN CMFGEN 54082.16000000015 -44.33286172183642 3941.5211 4111.6703 313.54606479807387 4111.6703 4604.8149 -107.84451859674664 4604.8149 5504.5874 169.9164297664432 5299.8315 5631.4784 89.3896932659527 5631.4784 5879.4926 148.4017866609014 5879.4926 6436.0827 484.2936777803784 7658.8505 8847.0116 2006ot 205.9066359218649 3503.1703 4048.2248
CMFGEN CMFGEN 54082.16000000015 -41.41082357163842 3941.5211 4111.6703 281.0214708124037 4111.6703 4604.8149 -82.38674079200314 4604.8149 5504.5874 142.99266553093128 5299.8315 5631.4784 88.7702432817344 5631.4784 5879.4926 146.36277327515165 5879.4926 6436.0827 469.7422164390722 7658.8505 8847.0116 2006ot 206.68157756611254 3503.1703 4048.2248
CMFGEN CMFGEN 54082.16000000015 -55.10592941462977 3941.5211 4111.6703 362.90964262427053 4111.6703 4604.8149 -192.2361320211087 4604.8149 5504.5874 206.84539412873994 5299.8315 5631.4784 104.50114042291159 5631.4784 5879.4926 211.26685881854775 5879.4926 6436.0827 596.9640387424464 7658.8505 8847.0116 2006ot 257.3620564656449 3503.1703 4048.2248
OBSERVED "" 54087.16000000015 26.52778353043223 3903.5688 4001.7775 265.8789856823651 3903.5688 4588.1417 329.68522474667293 4588.1417 5512.4595 6.9206406703389405 5298.711 5512.4595 52.678153623534 5564.4524 5864.8557 219.55052975859053 5864.8557 6451.2198 "" "" "" 2006ot "" "" ""
CMFGEN CMFGEN 54087.16000000015 -9.308715133071573 3903.5688 4001.7775 388.7954477230701 3903.5688 4588.1417 -383.3995071082943 4588.1417 5512.4595 66.04027781186105 5298.711 5512.4595 157.3596285902664 5564.4524 5864.8557 192.7078026588283 5864.8557 6451.2198 "" "" "" 2006ot "" "" ""
CMFGEN CMFGEN 54087.16000000015 -11.47655175477945 3903.5688 4001.7775 366.5335048474263 3903.5688 4588.1417 -355.45783218119936 4588.1417 5512.4595 62.60258012396952 5298.711 5512.4595 161.38518649807298 5564.4524 5864.8557 161.53962240881816 5864.8557 6451.2198 "" "" "" 2006ot "" "" ""
CMFGEN CMFGEN 54087.16000000015 -11.976858305586134 3903.5688 4001.7775 302.4879454110297 3903.5688 4588.1417 -308.285159139175 4588.1417 5512.4595 54.794997617885144 5298.711 5512.4595 161.0481381218237 5564.4524 5864.8557 153.98597974686265 5864.8557 6451.2198 "" "" "" 2006ot "" "" ""
CMFGEN CMFGEN 54087.16000000015 -14.25705333774063 3903.5688 4001.7775 392.50744447452206 3903.5688 4588.1417 -479.0564859490173 4588.1417 5512.4595 78.25596401738 5298.711 5512.4595 167.34453416792127 5564.4524 5864.8557 222.15429535075134 5864.8557 6451.2198 "" "" "" 2006ot "" "" ""
OBSERVED "" 54086.04000000004 38.81914814314854 3951.3902 4146.8868 222.23151525114707 3951.3902 4601.1289 228.32934821069693 4601.1289 5270.9923 12.836986881427691 5270.9923 5506.7382 50.80945192542026 5552.7375 5874.7319 160.36815536079985 5874.7319 6581.9696 "" "" "" 2006py "" "" ""
CMFGEN CMFGEN 54086.04000000004 -33.60790570185583 3951.3902 4146.8868 431.6605122008934 3951.3902 4601.1289 41.28210380490225 4601.1289 5270.9923 54.18556636661117 5270.9923 5506.7382 165.914453823784 5552.7375 5874.7319 251.38492368505194 5874.7319 6581.9696 "" "" "" 2006py "" "" ""
CMFGEN CMFGEN 54086.04000000004 -26.895349689791686 3951.3902 4146.8868 411.1323078065052 3951.3902 4601.1289 73.77066311682029 4601.1289 5270.9923 58.34096742066009 5270.9923 5506.7382 170.70395936285942 5552.7375 5874.7319 200.61647183134215 5874.7319 6581.9696 "" "" "" 2006py "" "" ""
CMFGEN CMFGEN 54086.04000000004 -29.311950473660033 3951.3902 4146.8868 363.51399856760656 3951.3902 4601.1289 89.96027983406907 4601.1289 5270.9923 52.957855139616754 5270.9923 5506.7382 171.14946066367358 5552.7375 5874.7319 163.67242789733837 5874.7319 6581.9696 "" "" "" 2006py "" "" ""
CMFGEN CMFGEN 54086.04000000004 -36.65087110604381 3951.3902 4146.8868 450.6740319037417 3951.3902 4601.1289 25.65608202937392 4601.1289 5270.9923 60.87801952367985 5270.9923 5506.7382 177.50343039881326 5552.7375 5874.7319 305.07491058883267 5874.7319 6581.9696 "" "" "" 2006py "" "" ""
OBSERVED "" -0.32999999996536644 14.925779481514638 3947.3105 4099.332 99.04372203677451 3947.3105 4504.7229 124.8489910859613 4504.7229 5115.79 90.10514666819063 5184.3488 5664.26 23.109466179042215 5664.26 5905.706 100.14835842728672 5905.706 6299.1736 230.63166767806274 7905.833 8499.0152 2007A "" "" ""
CMFGEN CMFGEN -0.32999999996536644 11.462621311399175 3947.3105 4099.332 -374.3770678365752 3947.3105 4504.7229 226.8427838685568 4504.7229 5115.79 161.61028523862558 5184.3488 5664.26 2.49889804296609 5664.26 5905.706 68.38088735500622 5905.706 6299.1736 52.831195985816976 7905.833 8499.0152 2007A "" "" ""
CMFGEN CMFGEN -0.32999999996536644 23.00604052524406 3947.3105 4099.332 -376.83092687878707 3947.3105 4504.7229 273.33485598928655 4504.7229 5115.79 182.49413468206689 5184.3488 5664.26 11.411655133419856 5664.26 5905.706 51.632729678626674 5905.706 6299.1736 36.84308104543675 7905.833 8499.0152 2007A "" "" ""
CMFGEN CMFGEN -0.32999999996536644 28.4445365455785 3947.3105 4099.332 -396.38652425879036 3947.3105 4504.7229 216.48167804310697 4504.7229 5115.79 79.85871456566679 5184.3488 5664.26 11.716019132515981 5664.26 5905.706 10.335356237412157 5905.706 6299.1736 10.478640853885281 7905.833 8499.0152 2007A "" "" ""
CMFGEN CMFGEN -0.32999999996536644 20.206188496492814 3947.3105 4099.332 239.8682569781501 3947.3105 4504.7229 325.1158905606615 4504.7229 5115.79 -3.5656804722570996 5184.3488 5664.26 -7.52917974585074 5664.26 5905.706 75.47585195511544 5905.706 6299.1736 55.85854036252363 7905.833 8499.0152 2007A "" "" ""
OBSERVED "" -7.30999999994674 "" "" "" "" "" "" 127.23195583692882 4537.6068 5124.9924 71.13285943576045 5157.625 5572.0582 19.91654915632165 5572.0582 5846.1715 103.35075930359199 5846.1715 6381.3451 212.69764975849125 7611.5917 8606.884 2007A "" "" ""
CMFGEN CMFGEN -7.30999999994674 "" "" "" "" "" "" 206.29690132543942 4537.6068 5124.9924 190.8804499916873 5157.625 5572.0582 -41.3114594202961 5572.0582 5846.1715 153.78506061294485 5846.1715 6381.3451 325.87848419772445 7611.5917 8606.884 2007A "" "" ""
CMFGEN CMFGEN -7.30999999994674 "" "" "" "" "" "" 247.0439133380471 4537.6068 5124.9924 224.85529386383345 5157.625 5572.0582 -37.26993873877757 5572.0582 5846.1715 113.39211669174972 5846.1715 6381.3451 300.42075999951203 7611.5917 8606.884 2007A "" "" ""
CMFGEN CMFGEN -7.30999999994674 "" "" "" "" "" "" 173.10846883254368 4537.6068 5124.9924 185.60655195091638 5157.625 5572.0582 13.986396694092605 5572.0582 5846.1715 26.23958248398253 5846.1715 6381.3451 238.1529181208913 7611.5917 8606.884 2007A "" "" ""
CMFGEN CMFGEN -7.30999999994674 "" "" "" "" "" "" 264.5342529322914 4537.6068 5124.9924 -5.7717492800878745 5157.625 5572.0582 -65.30286309503998 5572.0582 5846.1715 150.93817530585068 5846.1715 6381.3451 439.24272893604405 7611.5917 8606.884 2007A "" "" ""
OBSERVED "" -7.300000000170257 "" "" "" "" "" "" "" "" "" "" "" "" "" "" "" 91.87766797480344 5859.1977 6261.9448 268.5214268626702 7799.7062 8751.6537 2007A "" "" ""
CMFGEN CMFGEN -7.300000000170257 "" "" "" "" "" "" "" "" "" "" "" "" "" "" "" 66.00817334854912 5859.1977 6261.9448 69.26358725211935 7799.7062 8751.6537 2007A "" "" ""
CMFGEN CMFGEN -7.300000000170257 "" "" "" "" "" "" "" "" "" "" "" "" "" "" "" 59.92599232321106 5859.1977 6261.9448 85.88428336179982 7799.7062 8751.6537 2007A "" "" ""
CMFGEN CMFGEN -7.300000000170257 "" "" "" "" "" "" "" "" "" "" "" "" "" "" "" 13.910145013121905 5859.1977 6261.9448 0.4929139423529705 7799.7062 8751.6537 2007A "" "" ""
CMFGEN CMFGEN -7.300000000170257 "" "" "" "" "" "" "" "" "" "" "" "" "" "" "" 94.95422912626003 5859.1977 6261.9448 107.79303087682445 7799.7062 8751.6537 2007A "" "" ""
OBSERVED "" -7.329999999965366 18.429323887659578 3925.3299 4069.9256 110.6831333590186 4069.9256 4565.6822 "" "" "" "" "" "" "" "" "" "" "" "" "" "" "" 2007A 139.64418740776904 3582.4316 4069.9256
