results/equivalent_width/fixed_True.ecsv
# %ECSV 0.9
# ---
# datatype:
# - name: model
#   datatype: string
# - name: version
#   datatype: string
# - name: time
#   datatype: float64
# - name: pW2
#   datatype: float64
# - name: pW2_start
#   datatype: float64
# - name: pW2_end
#   datatype: float64
# - name: pW3
#   datatype: float64
# - name: pW3_start
#   datatype: float64
# - name: pW3_end
#   datatype: float64
# - name: pW4
#   datatype: float64
# - name: pW4_start
#   datatype: float64
# - name: pW4_end
#   datatype: float64
# - name: pW5
#   datatype: float64
# - name: pW5_start
#   datatype: float64
# - name: pW5_end
#   datatype: float64
# - name: pW6
#   datatype: float64
# - name: pW6_start
#   datatype: float64
# - name: pW6_end
#   datatype: float64
# - name: pW7
#   datatype: float64
# - name: pW7_start
#   datatype: float64
# - name: pW7_end
#   datatype: float64
# - name: pW8
#   datatype: float64
# - name: pW8_start
#   datatype: float64
# - name: pW8_end
#   datatype: float64
# - name: obj_id
#   datatype: string
# - name: pW1
#   datatype: float64
# - name: pW1_start
#   datatype: float64
# - name: pW1_end
#   datatype: float64
# schema: astropy-2.0
model version time pW2 pW2_start pW2_end pW3 pW3_start pW3_end pW4 pW4_start pW4_end pW5 pW5_start pW5_end pW6 pW6_start pW6_end pW7 pW7_start pW7_end pW8 pW8_start pW8_end obj_id pW1 pW1_start pW1_end
[from data line 2224]
CMFGEN CMFGEN 14.709999999817228 "" "" "" "" "" "" 126.61232539900311 4618.4103 5483.4308 15.633027693330945 5283.5586 5503.0903 -3.7979959780641366 5555.5158 5889.7283 100.88988522116233 5889.7283 6495.8979 78.25302273766818 7672.1947 8733.8108 2008R "" "" ""
OBSERVED "" 14.689999999798601 2.3695056491307156 3945.5236 4005.6724 302.900143204693 3945.5236 4625.8272 "" "" "" "" "" "" "" "" "" "" "" "" "" "" "" 2008R 105.25374932666634 3688.3357 3945.5236
CMFGEN CMFGEN 14.689999999798601 0.2618453902674318 3945.5236 4005.6724 28.289562371168472 3945.5236 4625.8272 "" "" "" "" "" "" "" "" "" "" "" "" "" "" "" 2008R 12.707519149770462 3688.3357 3945.5236
CMFGEN CMFGEN 14.689999999798601 1.973885093307267 3945.5236 4005.6724 -65.08411395389794 3945.5236 4625.8272 "" "" "" "" "" "" "" "" "" "" "" "" "" "" "" 2008R -19.695279400904553 3688.3357 3945.5236
CMFGEN CMFGEN 14.689999999798601 2.192719074860804 3945.5236 4005.6724 -82.4372473785628 3945.5236 4625.8272 "" "" "" "" "" "" "" "" "" "" "" "" "" "" "" 2008R -33.1918679554866 3688.3357 3945.5236
CMFGEN CMFGEN 14.689999999798601 1.3031368367336924 3945.5236 4005.6724 -31.94120953050424 3945.5236 4625.8272 "" "" "" "" "" "" "" "" "" "" "" "" "" "" "" 2008R 3.6292005259081748 3688.3357 3945.5236
OBSERVED "" 14.729999999835854 "" "" "" "" "" "" "" "" "" "" "" "" "" "" "" 186.91401358076098 5903.2008 6518.146 388.9514197918045 7691.2209 8687.1648 2008R "" "" ""
CMFGEN CMFGEN 14.729999999835854 "" "" "" "" "" "" "" "" "" "" "" "" "" "" "" 110.25206096205557 5903.2008 6518.146 59.550730584559005 7691.2209 8687.1648 2008R "" "" ""
CMFGEN CMFGEN 14.729999999835854 "" "" "" "" "" "" "" "" "" "" "" "" "" "" "" 101.73323779029306 5903.2008 6518.146 74.02007687841274 7691.2209 8687.1648 2008R "" "" ""
CMFGEN CMFGEN 14.729999999835854 "" "" "" "" "" "" "" "" "" "" "" "" "" "" "" 105.52051862990078 5903.2008 6518.146 53.639757940125946 7691.2209 8687.1648 2008R "" "" ""
CMFGEN CMFGEN 14.729999999835854 "" "" "" "" "" "" "" "" "" "" "" "" "" "" "" 92.51157205226968 5903.2008 6518.146 91.67313842525687 7691.2209 8687.1648 2008R "" "" ""
OBSERVED "" 20.68000000002212 2.679932912328951 3952.5544 4007.0204 296.21091174958127 3952.5544 4604.6668 415.56268940993675 4604.6668 5517.0326 33.79466436075097 5290.5431 5517.0326 36.89238416436683 5563.6121 5835.6953 249.90168138736453 5835.6953 6519.1071 407.4312840778879 7737.0735 8691.5827 2008R 110.388896749033 3682.1964 3952.5544
CMFGEN CMFGEN 20.68000000002212 -0.2698818282972155 3952.5544 4007.0204 47.19526254229038 3952.5544 4604.6668 117.98128595434673 4604.6668 5517.0326 12.187203269265012 5290.5431 5517.0326 12.495114276113213 5563.6121 5835.6953 126.93520830980606 5835.6953 6519.1071 120.66837717129033 7737.0735 8691.5827 2008R 44.18518663553672 3682.1964 3952.5544
CMFGEN CMFGEN 20.68000000002212 1.5762016047302438 3952.5544 4007.0204 9.168971912706184 3952.5544 4604.6668 191.67832574025874 4604.6668 5517.0326 6.560475705728237 5290.5431 5517.0326 12.401524757492666 5563.6121 5835.6953 104.24184935232483 5835.6953 6519.1071 194.9164606101765 7737.0735 8691.5827 2008R 14.989701502231128 3682.1964 3952.5544
CMFGEN CMFGEN 20.68000000002212 2.2462558290329966 3952.5544 4007.0204 4.059739685692193 3952.5544 4604.6668 216.72723608211527 4604.6668 5517.0326 9.690821389288686 5290.5431 5517.0326 18.16488270534967 5563.6121 5835.6953 91.44497713440296 5835.6953 6519.1071 208.47832994617897 7737.0735 8691.5827 2008R -1.9369716432634618 3682.1964 3952.5544
CMFGEN CMFGEN 20.68000000002212 0.7182621795217798 3952.5544 4007.0204 10.024560395303979 3952.5544 4604.6668 155.02247172474642 4604.6668 5517.0326 9.924334615128657 5290.5431 5517.0326 10.633924890996582 5563.6121 5835.6953 113.19332560135786 5835.6953 6519.1071 151.43735700554885 7737.0735 8691.5827 2008R 26.594407358817477 3682.1964 3952.5544
OBSERVED "" 26.700000000040745 1.6551473518048603 3978.1167 4006.2588 293.4528474604557 3978.1167 4615.3326 405.4119306873725 4615.3326 5517.8877 35.08188476967268 5292.7515 5517.8877 45.295105291725974 5558.0906 5829.4602 253.3181076162607 5829.4602 6478.737 414.4214925570543 7747.1384 8635.6224 2008R "" "" ""
CMFGEN CMFGEN 26.700000000040745 0.0107476074298134 3978.1167 4006.2588 67.01475055438891 3978.1167 4615.3326 118.32493288514354 4615.3326 5517.8877 17.33660994063726 5292.7515 5517.8877 35.24730984583593 5558.0906 5829.4602 139.68750060246077 5829.4602 6478.737 118.66201335758683 7747.1384 8635.6224 2008R "" "" ""
CMFGEN CMFGEN 26.700000000040745 0.33646249143044216 3978.1167 4006.2588 54.04381601956891 3978.1167 4615.3326 177.9890429777672 4615.3326 5517.8877 3.417028739309501 5292.7515 5517.8877 15.459122963607768 5558.0906 5829.4602 141.69215543364174 5829.4602 6478.737 268.37214357071707 7747.1384 8635.6224 2008R "" "" ""
CMFGEN CMFGEN 26.700000000040745 0.4968756956154685 3978.1167 4006.2588 58.417312430394645 3978.1167 4615.3326 194.42013289768056 4615.3326 5517.8877 -2.325587958436529 5292.7515 5517.8877 6.8596983870803 5558.0906 5829.4602 125.76293682218284 5829.4602 6478.737 287.55544232647696 7747.1384 8635.6224 2008R "" "" ""
CMFGEN CMFGEN 26.700000000040745 0.1717052142217348 3978.1167 4006.2588 38.68710419500076 3978.1167 4615.3326 137.55743966453701 4615.3326 5517.8877 12.695251929703716 5292.7515 5517.8877 31.3634774712433 5558.0906 5829.4602 148.81668260620933 5829.4602 6478.737 197.48108181501016 7747.1384 8635.6224 2008R "" "" ""
OBSERVED "" 54534.33999999985 "" "" "" "" "" "" 209.82445021390413 4513.087 5136.019 122.88252492719386 5150.2575 5629.0252 35.367141178299136 5629.0252 5847.9413 138.00766548893677 5847.9413 6287.5533 319.09220659499545 7793.5567 8607.0307 2008ar "" "" ""
CMFGEN CMFGEN 54534.33999999985 "" "" "" "" "" "" -1249.0868594911528 4513.087 5136.019 -47.929098408283835 5150.2575 5629.0252 97.52198576168254 5629.0252 5847.9413 16.475897624202844 5847.9413 6287.5533 -44.16300072964191 7793.5567 8607.0307 2008ar "" "" ""
CMFGEN CMFGEN 54534.33999999985 "" "" "" "" "" "" -1320.9972299497508 4513.087 5136.019 -113.84847168293072 5150.2575 5629.0252 99.9271230638163 5629.0252 5847.9413 47.40900527063917 5847.9413 6287.5533 242.39849166355452 7793.5567 8607.0307 2008ar "" "" ""
CMFGEN CMFGEN 54534.33999999985 "" "" "" "" "" "" -1042.197705593892 4513.087 5136.019 -118.37039699830234 5150.2575 5629.0252 96.96353597268464 5629.0252 5847.9413 50.888059081820245 5847.9413 6287.5533 254.84231750942695 7793.5567 8607.0307 2008ar "" "" ""
CMFGEN CMFGEN 54534.33999999985 "" "" "" "" "" "" -1555.7239592870164 4513.087 5136.019 -77.9429361196685 5150.2575 5629.0252 106.1554830986084 5629.0252 5847.9413 5.05472098195537 5847.9413 6287.5533 282.6596782294107 7793.5567 8607.0307 2008ar "" "" ""
OBSERVED "" 54568.25 3.9701319317295543 3963.9931 4002.5239 289.8703339825821 3963.9931 4619.0171 412.46576592288795 4619.0171 5531.9012 30.190257818112542 5297.7524 5531.9012 54.96358353404338 5570.432 5834.22 265.74564493449475 5834.22 6509.9913 494.9835514729341 7740.0138 8807.0212 2008ar "" "" ""
CMFGEN CMFGEN 54568.25 -0.6107469656201658 3963.9931 4002.5239 453.9328964721056 3963.9931 4619.0171 58.87696689992231 4619.0171 5531.9012 82.75282058295119 5297.7524 5531.9012 149.60431514303477 5570.432 5834.22 237.2297603634617 5834.22 6509.9913 126.84920917524983 7740.0138 8807.0212 2008ar "" "" ""
CMFGEN CMFGEN 54568.25 -0.9653396368806426 3963.9931 4002.5239 441.55778043128555 3963.9931 4619.0171 68.27412692435655 4619.0171 5531.9012 75.23028419799502 5297.7524 5531.9012 150.1681356195823 5570.432 5834.22 188.06803485085737 5834.22 6509.9913 389.4495434499247 7740.0138 8807.0212 2008ar "" "" ""
CMFGEN CMFGEN 54568.25 -0.8498821892744814 3963.9931 4002.5239 403.7379478239404 3963.9931 4619.0171 76.79758354594935 4619.0171 5531.9012 63.89378064870522 5297.7524 5531.9012 146.7897841817471 5570.432 5834.22 164.86537500949805 5834.22 6509.9913 357.73111847317955 7740.0138 8807.0212 2008ar "" "" ""
CMFGEN CMFGEN 54568.25 -0.6093427442345885 3963.9931 4002.5239 473.0699812721992 3963.9931 4619.0171 25.956944956958978 4619.0171 5531.9012 97.62824903976573 5297.7524 5531.9012 148.6562578022327 5570.432 5834.22 218.6322218970215 5834.22 6509.9913 565.770950200856 7740.0138 8807.0212 2008ar "" "" ""
OBSERVED "" 54538.24000000022 19.637840723538545 3946.2771 4086.0224 144.2086245710069 3946.2771 4600.1797 185.22155229305554 4600.1797 5219.8052 92.40322770543014 5219.8052 5610.0375 "" "" "" "" "" "" "" "" "" 2008ar 154.3265240567493 3574.5018 3946.2771
CMFGEN CMFGEN 54538.24000000022 -27.848102977060933 3946.2771 4086.0224 429.33932762050273 3946.2771 4600.1797 24.54486449715 4600.1797 5219.8052 132.7282949344285 5219.8052 5610.0375 "" "" "" "" "" "" "" "" "" 2008ar 218.87120432998418 3574.5018 3946.2771
CMFGEN CMFGEN 54538.24000000022 -27.011597906716815 3946.2771 4086.0224 407.88732444188474 3946.2771 4600.1797 66.37416685055405 4600.1797 5219.8052 125.04658403089473 5219.8052 5610.0375 "" "" "" "" "" "" "" "" "" 2008ar 129.4106162647108 3574.5018 3946.2771
CMFGEN CMFGEN 54538.24000000022 -20.132449415031374 3946.2771 4086.0224 358.2644357466895 3946.2771 4600.1797 92.8566553636017 4600.1797 5219.8052 108.08898354325623 5219.8052 5610.0375 "" "" "" "" "" "" "" "" "" 2008ar 95.0431686785301 3574.5018 3946.2771
CMFGEN CMFGEN 54538.24000000022 -34.51117263969229 3946.2771 4086.0224 447.4497500267345 3946.2771 4600.1797 -16.558442252714713 4600.1797 5219.8052 121.64474081514578 5219.8052 5610.0375 "" "" "" "" "" "" "" "" "" 2008ar 237.24612915819372 3574.5018 3946.2771
OBSERVED "" 54538.27000000002 "" "" "" "" "" "" "" "" "" 92.61802942528226 5212.9189 5607.9609 23.7687064907243 5607.9609 5855.8304 109.369276357878 5855.8304 6332.2047 230.57855483023695 7815.5488 8574.6492 2008ar "" "" ""
CMFGEN CMFGEN 54538.27000000002 "" "" "" "" "" "" "" "" "" 114.45882898013951 5212.9189 5607.9609 115.43520758779837 5607.9609 5855.8304 28.707531653646242 5855.8304 6332.2047 115.63017982860913 7815.5488 8574.6492 2008ar "" "" ""
CMFGEN CMFGEN 54538.27000000002 "" "" "" "" "" "" "" "" "" 107.95522469129395 5212.9189 5607.9609 117.45741416565488 5607.9609 5855.8304 43.476684815663475 5855.8304 6332.2047 299.1377268866796 7815.5488 8574.6492 2008ar "" "" ""
CMFGEN CMFGEN 54538.27000000002 "" "" "" "" "" "" "" "" "" 93.23389587907047 5212.9189 5607.9609 114.89534232575323 5607.9609 5855.8304 39.562391759117816 5855.8304 6332.2047 297.75692002134315 7815.5488 8574.6492 2008ar "" "" ""
CMFGEN CMFGEN 54538.27000000002 "" "" "" "" "" "" "" "" "" 101.78057802095844 5212.9189 5607.9609 127.0364607911142 5607.9609 5855.8304 32.51456113835377 5855.8304 6332.2047 311.15691742181093 7815.5488 8574.6492 2008ar "" "" ""
OBSERVED "" 54544.220000000205 38.954041184891025 3944.8074 4148.3926 216.68974175109338 3944.8074 4588.5569 237.82904343667002 4588.5569 5232.0621 37.61654194278208 5232.0621 5544.4052 56.3860301465088 5550.2708 5874.3452 125.4201611215284 5874.3452 6338.7051 343.1151409456131 7761.6018 8659.0385 2008ar 137.73298312308438 3589.4498 3944.8074
CMFGEN CMFGEN 54544.220000000205 -42.03371343832586 3944.8074 4148.3926 407.7553398920286 3944.8074 4588.5569 -41.82130729986807 4588.5569 5232.0621 69.79184820988172 5232.0621 5544.4052 168.12163984352105 5550.2708 5874.3452 49.15603003079917 5874.3452 6338.7051 -77.26552312483841 7761.6018 8659.0385 2008ar 210.30185279691733 3589.4498 3944.8074
CMFGEN CMFGEN 54544.220000000205 -35.42112474495593 3944.8074 4148.3926 380.8118007331307 3944.8074 4588.5569 4.088492786726533 4588.5569 5232.0621 69.65404567459254 5232.0621 5544.4052 172.96174497802153 5550.2708 5874.3452 58.809977811028375 5874.3452 6338.7051 257.4199630684129 7761.6018 8659.0385 2008ar 129.46895311868434 3589.4498 3944.8074
CMFGEN CMFGEN 54544.220000000205 -37.77342585533026 3944.8074 4148.3926 325.0673354195564 3944.8074 4588.5569 33.10261952627093 4588.5569 5232.0621 62.73886817357277 5232.0621 5544.4052 173.3726516372539 5550.2708 5874.3452 55.38812351286526 5874.3452 6338.7051 282.1859069419994 7761.6018 8659.0385 2008ar 100.23581528637402 3589.4498 3944.8074
CMFGEN CMFGEN 54544.220000000205 -48.92783185688978 3944.8074 4148.3926 427.81093588828134 3944.8074 4588.5569 -78.14070227661978 4588.5569 5232.0621 65.91645457134064 5232.0621 5544.4052 179.69446438693683 5550.2708 5874.3452 69.176578903355 5874.3452 6338.7051 257.76819494324127 7761.6018 8659.0385 2008ar 226.39079351132486 3589.4498 3944.8074
OBSERVED "" 54545.29000000004 2.321311454535177 3942.6774 4006.7758 241.55812055862071 3942.6774 4599.1997 242.4254748883285 4599.1997 5234.3559 21.785347824303358 5234.3559 5531.5391 56.065430696873136 5560.6747 5877.2816 130.3073211175231 5877.2816 6349.2784 292.9071898986075 7899.2926 8660.703 2008ar "" "" ""
CMFGEN CMFGEN 54545.29000000004 -2.778386774786881 3942.6774 4006.7758 427.36253932433243 3942.6774 4599.1997 26.882960353454564 4599.1997 5234.3559 58.86598400808441 5234.3559 5531.5391 157.96567489521152 5560.6747 5877.2816 62.775298714012024 5877.2816 6349.2784 340.609095342744 7899.2926 8660.703 2008ar "" "" ""
CMFGEN CMFGEN 54545.29000000004 -4.767270145252027 3942.6774 4006.7758 405.4352149659584 3942.6774 4599.1997 65.6910738503351 4599.1997 5234.3559 62.32267006339168 5234.3559 5531.5391 162.5894591024085 5560.6747 5877.2816 66.89414906361554 5877.2816 6349.2784 406.6067237562513 7899.2926 8660.703 2008ar "" "" ""
CMFGEN CMFGEN 54545.29000000004 -5.416746211401659 3942.6774 4006.7758 354.18622531434454 3942.6774 4599.1997 88.86878765136066 4599.1997 5234.3559 58.493458024515235 5234.3559 5531.5391 163.1915979750791 5560.6747 5877.2816 63.027955452226934 5877.2816 6349.2784 399.5366803121507 7899.2926 8660.703 2008ar "" "" ""
CMFGEN CMFGEN 54545.29000000004 -3.9259433161895743 3942.6774 4006.7758 444.9132376358086 3942.6774 4599.1997 -1.1176217726266486 4599.1997 5234.3559 55.424009574450906 5234.3559 5531.5391 169.6881927351742 5560.6747 5877.2816 80.88630531823719 5877.2816 6349.2784 418.94199601796527 7899.2926 8660.703 2008ar "" "" ""
OBSERVED "" 54582.18000000017 "" "" "" "" "" "" 403.86129784835487 4644.645 5533.836 25.891372815465274 5297.6726 5533.836 80.05807849440961 5553.5163 5843.3531 250.7742821034334 5843.3531 6516.3492 397.91224209103007 7769.0296 8695.4304 2008ar "" "" ""
CMFGEN CMFGEN 54582.18000000017 "" "" "" "" "" "" 186.7262633216999 4644.645 5533.836 84.45233196983713 5297.6726 5533.836 166.9946385174665 5553.5163 5843.3531 260.2275341408523 5843.3531 6516.3492 -17.16574720180938 7769.0296 8695.4304 2008ar "" "" ""
CMFGEN CMFGEN 54582.18000000017 "" "" "" "" "" "" 190.1229532251757 4644.645 5533.836 76.37193287999764 5297.6726 5533.836 169.31042265799053 5553.5163 5843.3531 213.9311452614487 5843.3531 6516.3492 258.0506463093948 7769.0296 8695.4304 2008ar "" "" ""
CMFGEN CMFGEN 54582.18000000017 "" "" "" "" "" "" 187.00983013501695 4644.645 5533.836 64.53276656518668 5297.6726 5533.836 167.13547819868438 5553.5163 5843.3531 191.50537850960245 5843.3531 6516.3492 275.473501173586 7769.0296 8695.4304 2008ar "" "" ""
CMFGEN CMFGEN 54582.18000000017 "" "" "" "" "" "" 212.12232080081844 4644.645 5533.836 99.66008167546798 5297.6726 5533.836 168.70130520028258 5553.5163 5843.3531 257.0067858587164 5843.3531 6516.3492 341.9583922681784 7769.0296 8695.4304 2008ar "" "" ""
OBSERVED "" 54556.25 -0.656630858265487 3955.1014 4002.5239 311.80018581719315 3955.1014 4621.981 347.14265525516106 4621.981 5437.0561 8.708659720878046 5291.8245 5508.1899 84.670148103016 5561.5403 5869.7869 213.56984589177438 5869.7869 6524.8109 461.3634739657831 7689.6273 8765.5265 2008ar "" "" ""
