results/equivalent_width/fixed_False.ecsv
# %ECSV 0.9
# ---
# datatype:
# - name: model
#   datatype: string
# - name: version
#   datatype: string
# - name: time
#   datatype: float64
# - name: pW2
#   datatype: float64
# - name: pW2_start
#   datatype: float64
# - name: pW2_end
#   datatype: float64
# - name: pW3
#   datatype: float64
# - name: pW3_start
#   datatype: float64
# - name: pW3_end
#   datatype: float64
# - name: pW4
#   datatype: float64
# - name: pW4_start
#   datatype: float64
# - name: pW4_end
#   datatype: float64
# - name: pW5
#   datatype: float64
# - name: pW5_start
#   datatype: float64
# - name: pW5_end
#   datatype: float64
# - name: pW6
#   datatype: float64
# - name: pW6_start
#   datatype: float64
# - name: pW6_end
#   datatype: float64
# - name: pW7
#   datatype: float64
# - name: pW7_start
#   datatype: float64
# - name: pW7_end
#   datatype: float64
# - name: pW8
#   datatype: float64
# - name: pW8_start
#   datatype: float64
# - name: pW8_end
#   datatype: float64
# - name: obj_id
#   datatype: string
# - name: pW1
#   datatype: float64
# - name: pW1_start
#   datatype: float64
# - name: pW1_end
#   datatype: float64
# schema: astropy-2.0
model version time pW2 pW2_start pW2_end pW3 pW3_start pW3_end pW4 pW4_start pW4_end pW5 pW5_start pW5_end pW6 pW6_start pW6_end pW7 pW7_start pW7_end pW8 pW8_start pW8_end obj_id pW1 pW1_start pW1_end
[from data line 968]
CMFGEN 1.4 76.96000000010827 -2.108376358022369 3948.86662319143 4002.81552154794 297.6487498126208 3948.86662319143 4635.21649672705 296.35954951846776 4635.21649672705 5315.57204822305 5.047667511541647 5297.58908210422 5516.38183655007 81.04950153311879 5552.34776878774 5846.06954872875 190.06217802031074 5846.06954872875 6469.47904084844 "" "" "" 2006et "" "" ""
CMFGEN 1.7 76.96000000010827 -1.2194664397724253 3957.85810625085 4002.81552154794 279.83299022756074 3957.85810625085 4632.21933570724 272.36064601835676 4632.21933570724 5246.63734476751 -2.436458766667954 5246.63734476751 5501.39603145104 153.07776677257303 5552.34776878774 5882.03548096643 58.60147522102403 5882.03548096643 6202.73171008569 "" "" "" 2006et "" "" ""
OBSERVED "" 19.96999999988475 "" "" "" "" "" "" "" "" "" "" "" "" "" "" "" 174.00501626636117 5879.644 6529.1387 438.73937144375975 7612.7344 8789.1151 2006et "" "" ""
CMFGEN 1.04 19.96999999988475 "" "" "" "" "" "" "" "" "" "" "" "" "" "" "" 147.53882480857732 5800.114 6267.3526 42.70864144754205 7675.6956 8292.0528 2006et "" "" ""
CMFGEN 1.02 19.96999999988475 "" "" "" "" "" "" "" "" "" "" "" "" "" "" "" 57.393435047376556 5800.114 6353.51 405.0745591000374 7506.6945 8553.8389 2006et "" "" ""
CMFGEN 1.4 19.96999999988475 "" "" "" "" "" "" "" "" "" "" "" "" "" "" "" 54.56524230569357 5998.9389 6598.7274 341.8917400227738 7500.067 8898.4688 2006et "" "" ""
CMFGEN 1.7 19.96999999988475 "" "" "" "" "" "" "" "" "" "" "" "" "" "" "" 131.77177762097529 5803.4278 6267.3526 198.91867233755238 7500.067 8391.4653 2006et "" "" ""
OBSERVED "" 54005.04000000004 7.667413450289551 3954.0319 4022.0305 288.6570402684413 3954.0319 4592.6276 288.3873143601819 4592.6276 5278.5266 -0.5842847223103718 5278.5266 5503.2177 80.96897067672657 5559.3904 5878.6883 162.42173230116362 5878.6883 6410.8513 386.7587987736972 7690.9991 8681.4137 2006ev "" "" ""
CMFGEN 1.04 54005.04000000004 4.440892098500626e-16 3998.3788 4001.3353 464.74981528897865 3998.3788 4696.1037 111.94444764679594 4696.1037 5050.8791 29.211355231355157 5237.1362 5500.2612 151.12234445294374 5550.5211 5937.8175 273.09515338740505 5937.8175 6520.2404 488.7207993607967 7859.5174 8897.2354 2006ev "" "" ""
CMFGEN 1.02 54005.04000000004 4.440892098500626e-16 3998.3788 4001.3353 450.5358583177293 3998.3788 4687.2343 235.70046970353144 4687.2343 5231.2232 35.78157920303377 5231.2232 5500.2612 173.178638639149 5550.5211 5872.7754 229.27210004544497 5872.7754 6514.3275 589.5410849557993 7850.648 8897.2354 2006ev "" "" ""
CMFGEN 1.4 54005.04000000004 0.10971197123353704 3998.3788 4036.8128 388.5048155371203 4036.8128 4681.3214 241.3469138968684 4681.3214 5225.3103 34.7036711431698 5225.3103 5500.2612 173.44770691608693 5550.5211 5872.7754 211.92121556075574 5872.7754 6511.371 578.9564716357512 7856.561 8897.2354 2006ev "" "" ""
CMFGEN 1.7 54005.04000000004 -0.0059754224021126845 3992.4659 4001.3353 495.7968349217818 3992.4659 4684.2779 120.5965901805861 4684.2779 5050.8791 44.4965912991249 5251.9185 5500.2612 178.04551730432325 5550.5211 5884.6012 310.8209679174699 5884.6012 6552.7615 649.2146275835314 7862.4739 8870.6272 2006ev "" "" ""
OBSERVED "" 54019.049999999814 7.723752492496274 3951.0754 4033.8563 252.64365955750708 3951.0754 4598.5405 407.0839791759752 4598.5405 5547.5646 34.09616584184826 5296.2654 5547.5646 50.185467450539875 5550.5211 5834.3414 254.00140129197945 5834.3414 6567.5438 450.75347743189536 7776.7365 8642.9797 2006ev "" "" ""
CMFGEN 1.04 54019.049999999814 4.440892098500626e-16 3998.3788 4001.3353 464.74981528897865 3998.3788 4696.1037 111.94444764679594 4696.1037 5050.8791 29.211355231355157 5237.1362 5500.2612 151.12234445294374 5550.5211 5937.8175 273.09515338740505 5937.8175 6520.2404 488.7207993607967 7859.5174 8897.2354 2006ev "" "" ""
CMFGEN 1.02 54019.049999999814 4.440892098500626e-16 3998.3788 4001.3353 450.5358583177293 3998.3788 4687.2343 235.70046970353144 4687.2343 5231.2232 35.78157920303377 5231.2232 5500.2612 173.178638639149 5550.5211 5872.7754 229.27210004544497 5872.7754 6514.3275 589.5410849557993 7850.648 8897.2354 2006ev "" "" ""
CMFGEN 1.4 54019.049999999814 0.10971197123353704 3998.3788 4036.8128 388.5048155371203 4036.8128 4681.3214 241.3469138968684 4681.3214 5225.3103 34.7036711431698 5225.3103 5500.2612 173.44770691608693 5550.5211 5872.7754 211.92121556075574 5872.7754 6511.371 578.9564716357512 7856.561 8897.2354 2006ev "" "" ""
CMFGEN 1.7 54019.049999999814 -0.0059754224021126845 3992.4659 4001.3353 495.7968349217818 3992.4659 4684.2779 120.5965901805861 4684.2779 5050.8791 44.4965912991249 5251.9185 5500.2612 178.04551730432325 5550.5211 5884.6012 310.8209679174699 5884.6012 6552.7615 649.2146275835314 7862.4739 8870.6272 2006ev "" "" ""
OBSERVED "" 54013.029999999795 162.2351767667492 3952.8388 4094.8744 341.76861640180266 4094.8744 4466.1039 449.5052653919536 4656.5607 5373.195 62.06904279376593 5276.3525 5512.0025 111.35939816000013 5563.6518 5909.0566 218.34160295635604 5909.0566 6483.6553 487.6642367377357 7732.9231 8591.593 2006ev "" "" ""
CMFGEN 1.04 54013.029999999795 0.0 3998.0319 4001.26 465.11718458014957 3998.0319 4695.2977 111.75465516937535 4695.2977 5050.3867 31.655336231565542 5237.6155 5502.3183 150.77914645391377 5550.7395 5938.1094 273.0723928925447 5938.1094 6519.1642 489.25355379708924 7858.8183 8898.2608 2006ev "" "" ""
CMFGEN 1.02 54013.029999999795 0.0 3998.0319 4001.26 450.3855866504367 3998.0319 4688.8415 236.03146754842203 4688.8415 5231.1594 37.502479543846476 5231.1594 5502.3183 172.83692417907994 5550.7395 5873.5477 229.15797331759882 5873.5477 6512.708 590.0685935328316 7852.3621 8898.2608 2006ev "" "" ""
CMFGEN 1.4 54013.029999999795 0.1244363654744376 3998.0319 4036.7689 388.2629989588534 4036.7689 4682.3854 241.40450163320526 4682.3854 5224.7032 35.89280052247602 5224.7032 5502.3183 173.15049712488013 5550.7395 5873.5477 212.07818176851367 5873.5477 6512.708 580.0609912122095 7855.5902 8898.2608 2006ev "" "" ""
CMFGEN 1.7 54013.029999999795 -0.00843427378452688 3991.5758 4001.26 496.58399465308906 3991.5758 4682.3854 120.2465349690313 4682.3854 5050.3867 45.8161571865875 5250.5279 5502.3183 177.29176116582835 5550.7395 5886.4601 310.9701060391653 5886.4601 6551.445 649.0930998588237 7862.0464 8872.4361 2006ev "" "" ""
OBSERVED "" 54003.12999999989 26.855880652442877 3903.772 4042.7257 306.16775630119196 3903.772 4625.1486 358.43871900961665 4625.1486 5420.4368 24.4430355823645 5266.7008 5512.0871 87.333209494275 5580.0857 5911.2094 194.10290939782544 5911.2094 6514.3275 402.7116832386246 7936.3854 8690.2831 2006ev "" "" ""
CMFGEN 1.04 54003.12999999989 4.440892098500626e-16 3998.3788 4001.3353 464.74981528897865 3998.3788 4696.1037 111.94444764679594 4696.1037 5050.8791 29.211355231355157 5237.1362 5500.2612 151.12234445294374 5550.5211 5937.8175 273.09515338740505 5937.8175 6520.2404 488.7207993607967 7859.5174 8897.2354 2006ev "" "" ""
CMFGEN 1.02 54003.12999999989 4.440892098500626e-16 3998.3788 4001.3353 450.5358583177293 3998.3788 4687.2343 235.70046970353144 4687.2343 5231.2232 35.78157920303377 5231.2232 5500.2612 173.178638639149 5550.5211 5872.7754 229.27210004544497 5872.7754 6514.3275 589.5410849557993 7850.648 8897.2354 2006ev "" "" ""
CMFGEN 1.4 54003.12999999989 0.10971197123353704 3998.3788 4036.8128 388.5048155371203 4036.8128 4681.3214 241.3469138968684 4681.3214 5225.3103 34.7036711431698 5225.3103 5500.2612 173.44770691608693 5550.5211 5872.7754 211.92121556075574 5872.7754 6511.371 578.9564716357512 7856.561 8897.2354 2006ev "" "" ""
CMFGEN 1.7 54003.12999999989 -0.0059754224021126845 3992.4659 4001.3353 495.7968349217818 3992.4659 4684.2779 120.5965901805861 4684.2779 5050.8791 44.4965912991249 5251.9185 5500.2612 178.04551730432325 5550.5211 5884.6012 310.8209679174699 5884.6012 6552.7615 649.2146275835314 7862.4739 8870.6272 2006ev "" "" ""
OBSERVED "" 54005.16000000015 24.85813388044025 3915.9751 4070.4326 120.86351688350214 3915.9751 4525.38 127.0868661379111 4525.38 5179.7179 64.36136670779712 5179.7179 5558.8408 32.93662926542464 5558.8408 5878.9889 387.8925881676692 5878.9889 6567.0267 "" "" "" 2006fw "" "" ""
CMFGEN 1.04 54005.16000000015 0.0 3997.4163 4000.2246 464.1990055536729 3997.4163 4693.879 112.02026546853054 4693.879 5050.5353 31.78189675300959 5235.8843 5502.6744 150.7617036521285 5550.4158 5937.9636 273.29590524066396 5937.9636 6519.2853 "" "" "" 2006fw "" "" ""
CMFGEN 1.02 54005.16000000015 0.0 3997.4163 4000.2246 448.98934289631677 3997.4163 4688.2624 236.85426014145696 4688.2624 5230.2676 38.09034999433797 5230.2676 5502.6744 173.00042388162248 5550.4158 5873.3723 229.70847933461278 5873.3723 6513.6687 "" "" "" 2006fw "" "" ""
CMFGEN 1.4 54005.16000000015 0.26275846990633056 3997.4163 4033.9244 388.07103498643096 4033.9244 4682.6457 242.46732605966702 4682.6457 5224.651 36.94536129233484 5224.651 5502.6744 173.35930721928167 5550.4158 5873.3723 212.3062681565283 5873.3723 6510.8603 "" "" "" 2006fw "" "" ""
CMFGEN 1.7 54005.16000000015 -0.004658853572484745 3991.7997 4000.2246 495.2011360164597 3991.7997 4682.6457 120.9229224828897 4682.6457 5050.5353 46.48522676044536 5249.9258 5502.6744 177.81664062602152 5550.4158 5884.6056 311.0956822488509 5884.6056 6550.1768 "" "" "" 2006fw "" "" ""
OBSERVED "" 54021.25 21.08768877744582 3915.9751 4036.7327 185.15540598204285 3915.9751 4612.4378 170.23842705865064 4612.4378 5278.009 9.313205687534719 5278.009 5544.7992 57.555127142202736 5581.3073 5878.9889 458.91045964947057 5878.9889 6564.2184 "" "" "" 2006fw "" "" ""
CMFGEN 1.04 54021.25 0.0 3997.4163 4000.2246 464.1990055536729 3997.4163 4693.879 112.02026546853054 4693.879 5050.5353 31.78189675300959 5235.8843 5502.6744 150.7617036521285 5550.4158 5937.9636 273.29590524066396 5937.9636 6519.2853 "" "" "" 2006fw "" "" ""
CMFGEN 1.02 54021.25 0.0 3997.4163 4000.2246 448.98934289631677 3997.4163 4688.2624 236.85426014145696 4688.2624 5230.2676 38.09034999433797 5230.2676 5502.6744 173.00042388162248 5550.4158 5873.3723 229.70847933461278 5873.3723 6513.6687 "" "" "" 2006fw "" "" ""
CMFGEN 1.4 54021.25 0.26275846990633056 3997.4163 4033.9244 388.07103498643096 4033.9244 4682.6457 242.46732605966702 4682.6457 5224.651 36.94536129233484 5224.651 5502.6744 173.35930721928167 5550.4158 5873.3723 212.3062681565283 5873.3723 6510.8603 "" "" "" 2006fw "" "" ""
CMFGEN 1.7 54021.25 -0.004658853572484745 3991.7997 4000.2246 495.2011360164597 3991.7997 4682.6457 120.9229224828897 4682.6457 5050.5353 46.48522676044536 5249.9258 5502.6744 177.81664062602152 5550.4158 5884.6056 311.0956822488509 5884.6056 6550.1768 "" "" "" 2006fw "" "" ""
OBSERVED "" 54994.867999999784 22.636631188513718 3904.2147447 4040.7587531 112.67055370492994 3904.2147447 4513.6060708 112.12520418949157 4513.6060708 5155.8454718 59.289161378798724 5155.8454718 5508.5018923 23.345788672143783 5603.0479028 5875.0762627 325.99597239179263 5875.0762627 6567.609658 235.437856281844 7500.0286027 8648.5284209 2006fw "" "" ""
CMFGEN 1.04 54994.867999999784 4.440892098500626e-16 3998.9981647 4001.9752754 463.2262614668434 3998.9981647 4694.815627 112.26821453050587 4694.815627 5050.0279561 31.36161959218373 5236.3214123 5501.9918073 150.3903177045309 5550.8502967 5937.6198702 273.18957308849167 5937.6198702 6517.6114816 489.3422948659621 7860.9899285 8898.5175858 2006fw "" "" ""
CMFGEN 1.02 54994.867999999784 -0.002864105831671182 3996.021953 4001.9752754 449.8325660984507 3996.021953 4688.5334734 236.7804970072525 4688.5334734 5229.8738449 37.23418214626406 5229.8738449 5501.9918073 172.87652067590062 5550.8502967 5871.7871412 229.59299265943582 5871.7871412 6514.2796746 590.1516512759443 7850.8595948 8898.5175858 2006fw "" "" ""
CMFGEN 1.4 54994.867999999784 0.17052648988350683 3998.9981647 4034.7823428 387.60140667690223 4034.7823428 4682.2536297 242.9042017095303 4682.2536297 5226.6506708 37.57521327913341 5226.6506708 5501.9918073 172.72269438526266 5550.8502967 5875.0762627 212.37806096114156 5875.0762627 6510.9480455 580.1445480665466 7854.2363195 8898.5175858 2006fw "" "" ""
CMFGEN 1.7 54994.867999999784 -0.0072159361131038935 3993.046642 4001.9752754 494.6708081570188 3993.046642 4682.2536297 120.92022586031257 4682.2536297 5050.0279561 45.09589654172967 5249.2214004 5501.9918073 177.31852707075626 5550.8502967 5884.9452336 311.2951331975023 5884.9452336 6550.9392439 648.9289567624559 7860.9899285 8871.5060615 2006fw "" "" ""
OBSERVED "" 54013.18000000017 59.29229292324045 3911.1504 4058.3341 219.33681204559832 4058.3341 4607.2068 249.4925726503762 4607.2068 5257.2682 106.37765584769011 5257.2682 5671.2225 48.89076891104196 5671.2225 5876.6664 448.13972785270767 5876.6664 6563.5238 352.15726600170996 7967.9019 8728.3512 2006fw "" "" ""
CMFGEN 1.04 54013.18000000017 0.0 3997.0076 4000.0739 464.5608904377721 3997.0076 4693.0639 111.78555292399795 4693.0639 5051.8243 31.613854771832905 5235.804 5502.5745 149.38936292781028 5551.6357 5937.993 273.1937873357203 5937.993 6517.5289 488.49178693267277 7863.6468 8896.9992 2006fw "" "" ""
CMFGEN 1.02 54013.18000000017 0.0 3997.0076 4000.0739 449.56137167253746 3997.0076 4686.9313 236.35630858639655 4686.9313 5229.6713 37.606750256887324 5229.6713 5502.5745 171.84715696858356 5551.6357 5873.6001 229.7935925625336 5873.6001 6514.4626 589.0600970909567 7851.3815 8896.9992 2006fw "" "" ""
CMFGEN 1.4 54013.18000000017 0.28247751229301343 3997.0076 4033.8035 388.63872296285786 4033.8035 4680.7986 242.59930571259395 4680.7986 5226.605 37.993248416578155 5226.605 5502.5745 172.23312390981545 5551.6357 5873.6001 212.36846368116522 5873.6001 6511.3963 578.7173865664681 7854.4478 8896.9992 2006fw "" "" ""
CMFGEN 1.7 54013.18000000017 -0.0006487115872619853 3993.9412 4000.0739 493.93561541926704 3993.9412 4683.865 120.9383253640543 4683.865 5051.8243 47.295591571229636 5251.1356 5502.5745 176.30424909171015 5551.6357 5885.8654 311.44029308030275 5885.8654 6551.2585 648.8521659476181 7860.5804 8872.4686 2006fw "" "" ""
OBSERVED "" 16.340000000112923 97.5386852807942 3924.53161338983 4085.69793413471 411.95781209994095 3924.53161338983 4607.99619580794 404.4077625573124 4607.99619580794 5488.44183691425 42.337592649286336 5267.58428626385 5542.16394382921 80.3102319690648 5569.02499728669 5852.55833933787 266.5501506608133 5852.55833933787 6506.17730680322 "" "" "" 2006gj "" "" ""
CMFGEN 1.04 16.340000000112923 -4.02292728393499 3999.14565077172 4148.3737255355 -68.44226173753066 4148.3737255355 4452.79899805361 807.6406702165159 4500.55198197802 5548.13306681976 158.38461503212181 5204.90849486306 5652.5927191544 -2.9044774554839705 5652.5927191544 5801.82079391818 250.98034338838374 5801.82079391818 6598.69871315677 "" "" "" 2006gj "" "" ""
CMFGEN 1.02 16.340000000112923 7.085895276305479 3999.14565077172 4148.3737255355 -82.93849545170809 4148.3737255355 4452.79899805361 776.0407513957667 4500.55198197802 5548.13306681976 231.90052401445251 5154.17094944338 5628.7162271922 -1.972125089251307 5628.7162271922 5801.82079391818 197.0624145900465 5801.82079391818 6598.69871315677 "" "" "" 2006gj "" "" ""
CMFGEN 1.4 16.340000000112923 17.25948429980565 3999.14565077172 4148.3737255355 -101.01481297876825 4148.3737255355 4452.79899805361 690.1939111684981 4500.55198197802 5548.13306681976 192.1838237965104 5154.17094944338 5586.93236625834 49.668498311440885 5586.93236625834 5998.80185260637 55.848623660537555 5998.80185260637 6598.69871315677 "" "" "" 2006gj "" "" ""
