results/equivalent_width/fixed_False.ecsv
# %ECSV 0.9
# ---
# datatype:
# - name: model
#   datatype: string
# - name: version
#   datatype: string
# - name: time
#   datatype: float64
# - name: pW2
#   datatype: float64
# - name: pW2_start
#   datatype: float64
# - name: pW2_end
#   datatype: float64
# - name: pW3
#   datatype: float64
# - name: pW3_start
#   datatype: float64
# - name: pW3_end
#   datatype: float64
# - name: pW4
#   datatype: float64
# - name: pW4_start
#   datatype: float64
# - name: pW4_end
#   datatype: float64
# - name: pW5
#   datatype: float64
# - name: pW5_start
#   datatype: float64
# - name: pW5_end
#   datatype: float64
# - name: pW6
#   datatype: float64
# - name: pW6_start
#   datatype: float64
# - name: pW6_end
#   datatype: float64
# - name: pW7
#   datatype: float64
# - name: pW7_start
#   datatype: float64
# - name: pW7_end
#   datatype: float64
# - name: pW8
#   datatype: float64
# - name: pW8_start
#   datatype: float64
# - name: pW8_end
#   datatype: float64
# - name: pW1
#   datatype: float64
# - name: pW1_start
#   datatype: float64
# - name: pW1_end
#   datatype: float64
# - name: obj_id
#   datatype: string
# schema: astropy-2.0
model version time pW2 pW2_start pW2_end pW3 pW3_start pW3_end pW4 pW4_start pW4_end pW5 pW5_start pW5_end pW6 pW6_start pW6_end pW7 pW7_start pW7_end pW8 pW8_start pW8_end pW1 pW1_start pW1_end obj_id
[from data line 1126]
CMFGEN 1.04 2400004.27 "" "" "" "" "" "" "" "" "" "" "" "" "" "" "" 273.1721286647078 5936.2361 6518.313 488.59712610561274 7860.7909 8897.0897 "" "" "" 2007le
CMFGEN 1.02 2400004.27 "" "" "" "" "" "" "" "" "" "" "" "" "" "" "" 229.71815355236683 5872.3086 6514.9484 589.1985881296778 7850.6971 8897.0897 "" "" "" 2007le
CMFGEN 1.4 2400004.27 "" "" "" "" "" "" "" "" "" "" "" "" "" "" "" 212.28014213115318 5872.3086 6511.5838 578.8072650198004 7854.0617 8897.0897 "" "" "" 2007le
CMFGEN 1.7 2400004.27 "" "" "" "" "" "" "" "" "" "" "" "" "" "" "" 311.496731426001 5885.767 6551.9591 649.1201476946736 7860.7909 8870.1728 "" "" "" 2007le
OBSERVED "" 2400004.25 "" "" "" "" "" "" 189.64402275633702 4510.9765 5187.2026 90.94613274522678 5187.2026 5629.2236 14.69117159679582 5629.2236 5837.0394 118.30298820053467 5837.0394 6325.2417 192.28229309455486 7839.3286 8561.736 "" "" "" 2007le
CMFGEN 1.04 2400004.25 "" "" "" "" "" "" 112.47164316891421 4695.7016 5051.9574 30.125815172395598 5236.6826 5500.5757 151.7737462718318 5550.0557 5935.9994 273.2086706882277 5935.9994 6519.8629 489.2775287226773 7859.1206 8898.1998 "" "" "" 2007le
CMFGEN 1.02 2400004.25 "" "" "" "" "" "" 236.9157705349182 4689.1043 5230.0852 36.1398067178236 5230.0852 5500.5757 173.3394588581058 5550.0557 5873.3248 229.6490182249678 5873.3248 6513.2656 589.7703373536153 7852.5232 8898.1998 "" "" "" 2007le
CMFGEN 1.4 2400004.25 "" "" "" "" "" "" 242.96104037725945 4682.507 5226.7866 36.55927130793106 5226.7866 5500.5757 173.68934257231723 5550.0557 5873.3248 212.47454689694104 5873.3248 6513.2656 579.7248905749344 7855.8219 8898.1998 "" "" "" 2007le
CMFGEN 1.7 2400004.25 "" "" "" "" "" "" 120.56029927458012 4682.507 5051.9574 44.21155320351863 5249.8772 5500.5757 177.5881882062391 5550.0557 5886.5194 311.5608963132154 5886.5194 6552.8496 648.5726671288357 7862.4192 8871.8105 "" "" "" 2007le
OBSERVED "" 2400005.27 "" "" "" "" "" "" "" "" "" "" "" "" "" "" "" 119.72952695662158 5838.6625 6302.9782 206.23848355377143 7857.4263 8590.9105 "" "" "" 2007le
CMFGEN 1.04 2400005.27 "" "" "" "" "" "" "" "" "" "" "" "" "" "" "" 273.1721286647078 5936.2361 6518.313 488.59712610561274 7860.7909 8897.0897 "" "" "" 2007le
CMFGEN 1.02 2400005.27 "" "" "" "" "" "" "" "" "" "" "" "" "" "" "" 229.71815355236683 5872.3086 6514.9484 589.1985881296778 7850.6971 8897.0897 "" "" "" 2007le
CMFGEN 1.4 2400005.27 "" "" "" "" "" "" "" "" "" "" "" "" "" "" "" 212.28014213115318 5872.3086 6511.5838 578.8072650198004 7854.0617 8897.0897 "" "" "" 2007le
CMFGEN 1.7 2400005.27 "" "" "" "" "" "" "" "" "" "" "" "" "" "" "" 311.496731426001 5885.767 6551.9591 649.1201476946736 7860.7909 8870.1728 "" "" "" 2007le
OBSERVED "" 2400011.21 42.05879683987651 3919.6425 4149.2464 219.15957572564838 3919.6425 4575.2221 268.8854880724257 4575.2221 5212.6752 14.426763753675012 5212.6752 5517.8067 37.64370088952246 5572.1866 5886.3814 125.15076276453541 5886.3814 6303.2938 268.4873934757724 7931.6691 8711.114 "" "" "" 2007le
CMFGEN 1.04 2400011.21 3.354094779694986e-16 3998.1912 4001.2123 464.007031620465 3998.1912 4693.0452 111.76130969849552 4693.0452 5052.5566 32.42897643635932 5236.844 5502.7012 150.14701595336155 5551.0388 5937.7402 273.2057860762999 5937.7402 6517.7922 489.3941880748586 7859.1626 8898.4225 "" "" "" 2007le
CMFGEN 1.02 2400011.21 0.0 3998.1912 4001.2123 448.79056497836535 3998.1912 4687.003 236.7094618177984 4687.003 5230.8018 38.44316633762728 5230.8018 5502.7012 172.2435699496188 5551.0388 5874.297 229.828797056793 5874.297 6514.7711 590.1402713402993 7850.0993 8898.4225 "" "" "" 2007le
CMFGEN 1.4 2400011.21 0.2137367178578785 3998.1912 4034.4445 388.2005636430911 4034.4445 4680.9608 242.147212564232 4680.9608 5224.7596 37.01306241668603 5224.7596 5502.7012 172.66459419231026 5551.0388 5874.297 212.41368411855228 5874.297 6511.75 579.888217443827 7856.1415 8898.4225 "" "" "" 2007le
CMFGEN 1.7 2400011.21 -0.006408112716301944 3992.149 4001.2123 494.7984331777727 3992.149 4683.9819 120.79103024439739 4683.9819 5052.5566 47.81255802187145 5251.9495 5502.7012 176.71097906893297 5551.0388 5886.3814 311.4369209828616 5886.3814 6551.0244 648.7270701235784 7862.1837 8871.2325 "" "" "" 2007le
OBSERVED "" 2400017.22 44.45737118155455 3919.6425 4146.2253 304.6498802199818 3919.6425 4605.4332 321.27830324858553 4605.4332 5264.0339 -8.673617646910776 5264.0339 5502.7012 82.79328356238837 5554.0599 5865.2337 174.1968115083555 5865.2337 6517.7922 437.43625462269335 7541.9466 8692.9874 "" "" "" 2007le
CMFGEN 1.04 2400017.22 3.354094779694986e-16 3998.1912 4001.2123 464.007031620465 3998.1912 4693.0452 111.76130969849552 4693.0452 5052.5566 32.42897643635932 5236.844 5502.7012 150.14701595336155 5551.0388 5937.7402 273.2057860762999 5937.7402 6517.7922 489.3941880748586 7859.1626 8898.4225 "" "" "" 2007le
CMFGEN 1.02 2400017.22 0.0 3998.1912 4001.2123 448.79056497836535 3998.1912 4687.003 236.7094618177984 4687.003 5230.8018 38.44316633762728 5230.8018 5502.7012 172.2435699496188 5551.0388 5874.297 229.828797056793 5874.297 6514.7711 590.1402713402993 7850.0993 8898.4225 "" "" "" 2007le
CMFGEN 1.4 2400017.22 0.2137367178578785 3998.1912 4034.4445 388.2005636430911 4034.4445 4680.9608 242.147212564232 4680.9608 5224.7596 37.01306241668603 5224.7596 5502.7012 172.66459419231026 5551.0388 5874.297 212.41368411855228 5874.297 6511.75 579.888217443827 7856.1415 8898.4225 "" "" "" 2007le
CMFGEN 1.7 2400017.22 -0.006408112716301944 3992.149 4001.2123 494.7984331777727 3992.149 4683.9819 120.79103024439739 4683.9819 5052.5566 47.81255802187145 5251.9495 5502.7012 176.71097906893297 5551.0388 5886.3814 311.4369209828616 5886.3814 6551.0244 648.7270701235784 7862.1837 8871.2325 "" "" "" 2007le
OBSERVED "" 2400023.18 28.033093524081032 3901.1387 4018.708 389.10201619317553 3901.1387 4604.7173 370.78450152132655 4604.7173 5411.1691 -11.383166906560612 5286.2518 5501.1831 82.02590439193236 5550.7827 5877.7722 210.36347578869055 5877.7722 6481.7922 412.27707600891756 7627.5543 8765.3597 "" "" "" 2007le
CMFGEN 1.04 2400023.18 0.0 3998.5007 4000.3378 463.5210579201475 3998.5007 4694.7313 112.24231307658016 4694.7313 5051.1132 29.453649000944363 5234.8152 5501.1831 150.82404657085806 5550.7827 5936.5569 271.19327049100514 5936.5569 6517.5972 489.38528481048843 7862.2764 8898.6341 "" "" "" 2007le
CMFGEN 1.02 2400023.18 -0.0005151072429184767 3996.6637 4000.3378 449.7237067458405 3996.6637 4687.3832 236.89786926127232 4687.3832 5231.1412 37.356979228016506 5231.1412 5501.1831 172.87861252471038 5550.7827 5872.2612 228.4027273182871 5872.2612 6513.6189 590.2820150988342 7850.3413 8898.6341 "" "" "" 2007le
CMFGEN 1.4 2400023.18 0.16976594144734528 3998.5007 4035.2411 387.43641808338884 4035.2411 4681.8722 242.56765317247402 4681.8722 5225.6301 36.38720315039995 5225.6301 5501.1831 173.17157036034087 5550.7827 5872.2612 211.4732297180097 5872.2612 6511.6297 580.2564446482403 7854.3197 8898.6341 "" "" "" 2007le
CMFGEN 1.7 2400023.18 -0.002325949704083604 3992.9897 4000.3378 494.46097587096585 3992.9897 4683.7092 121.0533627150946 4683.7092 5051.1132 45.97538615647065 5251.3484 5501.1831 177.35154472730176 5550.7827 5885.1203 307.5438702003414 5885.1203 6551.4131 648.7575164726084 7862.2764 8870.7857 "" "" "" 2007le
OBSERVED "" 2400025.2 "" "" "" "" "" "" "" "" "" "" "" "" "" "" "" 211.91874097447155 5865.5794 6511.5838 461.74113784043567 7652.1853 8745.6824 "" "" "" 2007le
CMFGEN 1.04 2400025.2 "" "" "" "" "" "" "" "" "" "" "" "" "" "" "" 273.1721286647078 5936.2361 6518.313 488.59712610561274 7860.7909 8897.0897 "" "" "" 2007le
CMFGEN 1.02 2400025.2 "" "" "" "" "" "" "" "" "" "" "" "" "" "" "" 229.71815355236683 5872.3086 6514.9484 589.1985881296778 7850.6971 8897.0897 "" "" "" 2007le
CMFGEN 1.4 2400025.2 "" "" "" "" "" "" "" "" "" "" "" "" "" "" "" 212.28014213115318 5872.3086 6511.5838 578.8072650198004 7854.0617 8897.0897 "" "" "" 2007le
CMFGEN 1.7 2400025.2 "" "" "" "" "" "" "" "" "" "" "" "" "" "" "" 311.496731426001 5885.767 6551.9591 649.1201476946736 7860.7909 8870.1728 "" "" "" 2007le
OBSERVED "" 2400025.17 1.292491769466864 3944.9561 4001.334 329.97891010675653 3944.9561 4606.8735 "" "" "" "" "" "" "" "" "" "" "" "" "" "" "" 80.93265746695656 3683.9477 3944.9561 2007le
CMFGEN 1.04 2400025.17 -4.636513395439446e-16 3999.2459 4001.334 463.1837870409498 3999.2459 4694.5724 "" "" "" "" "" "" "" "" "" "" "" "" "" "" "" 286.5457343152875 3500.1977 3999.2459 2007le
CMFGEN 1.02 2400025.17 -0.00103740211166187 3997.1578 4001.334 449.18568997291686 3997.1578 4688.3082 "" "" "" "" "" "" "" "" "" "" "" "" "" "" "" 227.85645465576962 3500.1977 3997.1578 2007le
CMFGEN 1.4 2400025.17 0.1636673330470731 3999.2459 4034.743 387.7248216160753 4034.743 4682.044 "" "" "" "" "" "" "" "" "" "" "" "" "" "" "" 164.82033308382088 3686.0358 4034.743 2007le
CMFGEN 1.7 2400025.17 -0.004812634972798789 3992.9817 4001.334 494.7528968797412 3992.9817 4682.044 "" "" "" "" "" "" "" "" "" "" "" "" "" "" "" 305.79451957389654 3500.1977 3992.9817 2007le
OBSERVED "" 2400025.19 "" "" "" "" "" "" 373.5602694998377 4606.6377 5424.7064 -3.2724525726601437 5289.4612 5500.5757 80.67070203992488 5550.0557 5876.6234 207.78167475471886 5876.6234 6516.5643 460.1578072723505 7657.9021 8795.9412 "" "" "" 2007le
CMFGEN 1.04 2400025.19 "" "" "" "" "" "" 112.47164316891421 4695.7016 5051.9574 30.125815172395598 5236.6826 5500.5757 151.7737462718318 5550.0557 5935.9994 273.2086706882277 5935.9994 6519.8629 489.2775287226773 7859.1206 8898.1998 "" "" "" 2007le
CMFGEN 1.02 2400025.19 "" "" "" "" "" "" 236.9157705349182 4689.1043 5230.0852 36.1398067178236 5230.0852 5500.5757 173.3394588581058 5550.0557 5873.3248 229.6490182249678 5873.3248 6513.2656 589.7703373536153 7852.5232 8898.1998 "" "" "" 2007le
CMFGEN 1.4 2400025.19 "" "" "" "" "" "" 242.96104037725945 4682.507 5226.7866 36.55927130793106 5226.7866 5500.5757 173.68934257231723 5550.0557 5873.3248 212.47454689694104 5873.3248 6513.2656 579.7248905749344 7855.8219 8898.1998 "" "" "" 2007le
CMFGEN 1.7 2400025.19 "" "" "" "" "" "" 120.56029927458012 4682.507 5051.9574 44.21155320351863 5249.8772 5500.5757 177.5881882062391 5550.0557 5886.5194 311.5608963132154 5886.5194 6552.8496 648.5726671288357 7862.4192 8871.8105 "" "" "" 2007le
OBSERVED "" 2400036.16 "" "" "" "" "" "" "" "" "" "" "" "" "" "" "" 242.43912169765758 5845.3694 6521.4989 425.11049797637475 7738.5319 8780.5667 "" "" "" 2007le
CMFGEN 1.04 2400036.16 "" "" "" "" "" "" "" "" "" "" "" "" "" "" "" 273.1507403627264 5936.8457 6517.5216 490.05692108708274 7861.8261 8899.8837 "" "" "" 2007le
CMFGEN 1.02 2400036.16 "" "" "" "" "" "" "" "" "" "" "" "" "" "" "" 229.67202204661874 5873.21 6513.5444 590.917201745067 7853.8716 8899.8837 "" "" "" 2007le
CMFGEN 1.4 2400036.16 "" "" "" "" "" "" "" "" "" "" "" "" "" "" "" 212.46429739588845 5873.21 6513.5444 581.4106994800668 7853.8716 8899.8837 "" "" "" 2007le
CMFGEN 1.7 2400036.16 "" "" "" "" "" "" "" "" "" "" "" "" "" "" "" 310.9668752929241 5885.1417 6549.3395 648.6961609669152 7861.8261 8872.0431 "" "" "" 2007le
OBSERVED "" 2400036.15 -0.7885812073460416 3950.0116 4004.6494 304.5865946942246 3950.0116 4619.3237 450.62678346846803 4619.3237 5537.2373 13.375099478724552 5299.5633 5559.0924 48.62114450715849 5559.0924 5829.5491 "" "" "" "" "" "" 86.09188818072029 3695.9462 3950.0116 2007le
CMFGEN 1.04 2400036.15 0.0 3999.1856 4001.9175 463.50712884205007 3999.1856 4693.0846 111.78794199618261 4693.0846 5050.9616 31.34955303663635 5236.7299 5501.7228 150.8264971636443 5550.8967 5936.0927 "" "" "" "" "" "" 285.3720322102371 3501.9824 3999.1856 2007le
CMFGEN 1.02 2400036.15 -0.0023272249721260066 3996.4537 4001.9175 449.81116579009586 3996.4537 4687.6208 236.99766288243666 4687.6208 5231.2661 37.887349794584246 5231.2661 5501.7228 172.59081140334325 5550.8967 5873.2593 "" "" "" "" "" "" 226.04534420616096 3501.9824 3996.4537 2007le
CMFGEN 1.4 2400036.15 0.16815839485828976 3999.1856 4034.7001 387.7213201962391 4034.7001 4682.157 242.66463452304333 4682.157 5225.8023 36.896208228449936 5225.8023 5501.7228 172.94441468690187 5550.8967 5873.2593 "" "" "" "" "" "" 164.70337649922047 3687.7506 4034.7001 2007le
CMFGEN 1.7 2400036.15 -0.005417080095066574 3993.7218 4001.9175 494.37452791213457 3993.7218 4682.157 120.68481709187276 4682.157 5050.9616 45.8668814626744 5250.3893 5501.7228 176.68275414957773 5550.8967 5886.9187 "" "" "" "" "" "" 304.31652610732635 3501.9824 3993.7218 2007le
OBSERVED "" 2400039.2 1.2466294153119608 3952.8746 4001.2123 311.55896592233046 3952.8746 4620.5387 435.50031566581004 4620.5387 5544.9966 13.109210784310793 5294.245 5554.0599 52.79263785119932 5554.0599 5832.0016 244.43439672349726 5832.0016 6514.7711 447.545199921022 7747.3817 8780.5994 "" "" "" 2007le
CMFGEN 1.04 2400039.2 3.354094779694986e-16 3998.1912 4001.2123 464.007031620465 3998.1912 4693.0452 111.76130969849552 4693.0452 5052.5566 32.42897643635932 5236.844 5502.7012 150.14701595336155 5551.0388 5937.7402 273.2057860762999 5937.7402 6517.7922 489.3941880748586 7859.1626 8898.4225 "" "" "" 2007le
CMFGEN 1.02 2400039.2 0.0 3998.1912 4001.2123 448.79056497836535 3998.1912 4687.003 236.7094618177984 4687.003 5230.8018 38.44316633762728 5230.8018 5502.7012 172.2435699496188 5551.0388 5874.297 229.828797056793 5874.297 6514.7711 590.1402713402993 7850.0993 8898.4225 "" "" "" 2007le
CMFGEN 1.4 2400039.2 0.2137367178578785 3998.1912 4034.4445 388.2005636430911 4034.4445 4680.9608 242.147212564232 4680.9608 5224.7596 37.01306241668603 5224.7596 5502.7012 172.66459419231026 5551.0388 5874.297 212.41368411855228 5874.297 6511.75 579.888217443827 7856.1415 8898.4225 "" "" "" 2007le
CMFGEN 1.7 2400039.2 -0.006408112716301944 3992.149 4001.2123 494.7984331777727 3992.149 4683.9819 120.79103024439739 4683.9819 5052.5566 47.81255802187145 5251.9495 5502.7012 176.71097906893297 5551.0388 5886.3814 311.4369209828616 5886.3814 6551.0244 648.7270701235784 7862.1837 8871.2325 "" "" "" 2007le
OBSERVED "" 2400045.19 2.9805846198377184 3961.938 4004.2334 328.06485813838725 3961.938 4620.5387 422.7997436776958 4620.5387 5538.9544 15.215923879861602 5297.2661 5538.9544 64.4257277247907 5557.0811 5841.0649 245.35742667923142 5841.0649 6538.94 472.5332849474517 7759.4661 8720.1773 "" "" "" 2007le
CMFGEN 1.04 2400045.19 3.354094779694986e-16 3998.1912 4001.2123 464.007031620465 3998.1912 4693.0452 111.76130969849552 4693.0452 5052.5566 32.42897643635932 5236.844 5502.7012 150.14701595336155 5551.0388 5937.7402 273.2057860762999 5937.7402 6517.7922 489.3941880748586 7859.1626 8898.4225 "" "" "" 2007le
CMFGEN 1.02 2400045.19 0.0 3998.1912 4001.2123 448.79056497836535 3998.1912 4687.003 236.7094618177984 4687.003 5230.8018 38.44316633762728 5230.8018 5502.7012 172.2435699496188 5551.0388 5874.297 229.828797056793 5874.297 6514.7711 590.1402713402993 7850.0993 8898.4225 "" "" "" 2007le
CMFGEN 1.4 2400045.19 0.2137367178578785 3998.1912 4034.4445 388.2005636430911 4034.4445 4680.9608 242.147212564232 4680.9608 5224.7596 37.01306241668603 5224.7596 5502.7012 172.66459419231026 5551.0388 5874.297 212.41368411855228 5874.297 6511.75 579.888217443827 7856.1415 8898.4225 "" "" "" 2007le
CMFGEN 1.7 2400045.19 -0.006408112716301944 3992.149 4001.2123 494.7984331777727 3992.149 4683.9819 120.79103024439739 4683.9819 5052.5566 47.81255802187145 5251.9495 5502.7012 176.71097906893297 5551.0388 5886.3814 311.4369209828616 5886.3814 6551.0244 648.7270701235784 7862.1837 8871.2325 "" "" "" 2007le
OBSERVED "" 2399991.25 12.638568173287963 3916.7946 4049.4094 103.96387789439638 4049.4094 4468.3518 161.53060059646492 4501.5055 5137.4541 70.99167799443573 5155.5379 5598.5921 18.05042393137801 5598.5921 5806.5563 143.46903858429945 5806.5563 6315.918 414.4109085352908 7566.7172 8582.4265 -14.309352922911382 3799.2496 4049.4094 2007le
