results/equivalent_width/fixed_True.ecsv
# %ECSV 0.9
# ---
# datatype:
# - name: model
#   datatype: string
# - name: version
#   datatype: string
# - name: phase
#   datatype: float64
# - name: pW2
#   datatype: float64
# - name: pW2_start
#   datatype: float64
# - name: pW2_end
#   datatype: float64
# - name: pW3
#   datatype: float64
# - name: pW3_start
#   datatype: float64
# - name: pW3_end
#   datatype: float64
# - name: pW4
#   datatype: float64
# - name: pW4_start
#   datatype: float64
# - name: pW4_end
#   datatype: float64
# - name: pW5
#   datatype: float64
# - name: pW5_start
#   datatype: float64
# - name: pW5_end
#   datatype: float64
# - name: pW6
#   datatype: float64
# - name: pW6_start
#   datatype: float64
# - name: pW6_end
#   datatype: float64
# - name: pW7
#   datatype: float64
# - name: pW7_start
#   datatype: float64
# - name: pW7_end
#   datatype: float64
# - name: pW8
#   datatype: float64
# - name: pW8_start
#   datatype: float64
# - name: pW8_end
#   datatype: float64
# - name: pW1
#   datatype: float64
# - name: pW1_start
#   datatype: float64
# - name: pW1_end
#   datatype: float64
# - name: obj_id
#   datatype: string
# schema: astropy-2.0
model version phase pW2 pW2_start pW2_end pW3 pW3_start pW3_end pW4 pW4_start pW4_end pW5 pW5_start pW5_end pW6 pW6_start pW6_end pW7 pW7_start pW7_end pW8 pW8_start pW8_end pW1 pW1_start pW1_end obj_id
[from data line 1732]
CMFGEN 1.02 56.700000000186265 "" "" "" "" "" "" 269.2795281483116 4646.8666 5520.522 7.555411480042284 5289.3673 5520.522 123.16617176226998 5551.4639 5837.222 138.70190622756257 5837.222 6492.3888 459.878708123699 7719.0329 8810.2555 "" "" "" 2008hv
CMFGEN 1.4 56.700000000186265 "" "" "" "" "" "" 308.73797552288516 4646.8666 5520.522 2.246906806617156 5289.3673 5520.522 109.05944437328125 5551.4639 5837.222 149.38277198795475 5837.222 6492.3888 462.6303282245315 7719.0329 8810.2555 "" "" "" 2008hv
CMFGEN 1.7 56.700000000186265 "" "" "" "" "" "" 187.69386088156682 4646.8666 5520.522 34.95393348699724 5289.3673 5520.522 160.07319113918965 5551.4639 5837.222 112.97301361059766 5837.222 6492.3888 285.9324655738477 7719.0329 8810.2555 "" "" "" 2008hv
OBSERVED "" -6.189999999944121 16.442534041225837 3930.0096 4079.1001 91.02027027531997 3930.0096 4489.0989 109.90834750131391 4507.7352 5093.4477 74.50374378917707 5175.9799 5617.9267 "" "" "" "" "" "" "" "" "" 153.72117055030714 3501.3745 3930.0096 2008hv
CMFGEN 1.04 -6.189999999944121 -4.978787241973535 3930.0096 4079.1001 46.21630593416421 3930.0096 4489.0989 121.203993857537 4507.7352 5093.4477 18.026959033822834 5175.9799 5617.9267 "" "" "" "" "" "" "" "" "" 116.28863396647967 3501.3745 3930.0096 2008hv
CMFGEN 1.02 -6.189999999944121 7.532032173258479 3930.0096 4079.1001 19.1958588207904 3930.0096 4489.0989 138.5443183886309 4507.7352 5093.4477 73.95017717147357 5175.9799 5617.9267 "" "" "" "" "" "" "" "" "" 101.37501721407997 3501.3745 3930.0096 2008hv
CMFGEN 1.4 -6.189999999944121 10.754350624773773 3930.0096 4079.1001 28.195549157008543 3930.0096 4489.0989 164.85284728248698 4507.7352 5093.4477 87.27835797669333 5175.9799 5617.9267 "" "" "" "" "" "" "" "" "" 107.17536726208988 3501.3745 3930.0096 2008hv
CMFGEN 1.7 -6.189999999944121 1.329098618582838 3930.0096 4079.1001 17.926971108453813 3930.0096 4489.0989 112.38434890428061 4507.7352 5093.4477 49.914935771831736 5175.9799 5617.9267 "" "" "" "" "" "" "" "" "" 81.32991159308072 3501.3745 3930.0096 2008hv
OBSERVED "" -1.1499999999068677 27.371508497357986 3933.4822 4098.8724 108.00785447985464 3933.4822 4512.3479 123.24808057781082 4512.3479 5099.0894 83.24729439459273 5193.5981 5674.0173 21.07319416224565 5674.0173 5888.6308 101.36617982343671 5888.6308 6333.6093 120.87001108510881 7788.6494 8511.2472 "" "" "" 2008hv
CMFGEN 1.04 -1.1499999999068677 -3.9557801657045437 3933.4822 4098.8724 49.9764628504216 3933.4822 4512.3479 117.9596093710585 4512.3479 5099.0894 28.84747949380922 5193.5981 5674.0173 -6.328351426624396 5674.0173 5888.6308 150.13967218105518 5888.6308 6333.6093 98.33496587816104 7788.6494 8511.2472 "" "" "" 2008hv
CMFGEN 1.02 -1.1499999999068677 9.122577791375715 3933.4822 4098.8724 22.99274571722174 3933.4822 4512.3479 154.69667334814613 4512.3479 5099.0894 64.99980485954262 5193.5981 5674.0173 6.380505265938185 5674.0173 5888.6308 153.5178378926815 5888.6308 6333.6093 167.603377534827 7788.6494 8511.2472 "" "" "" 2008hv
CMFGEN 1.4 -1.1499999999068677 16.9501834955785 3933.4822 4098.8724 44.955869408422956 3933.4822 4512.3479 178.15306665286073 4512.3479 5099.0894 69.55051457281503 5193.5981 5674.0173 16.389926074918076 5674.0173 5888.6308 157.1399282543343 5888.6308 6333.6093 198.8724366059127 7788.6494 8511.2472 "" "" "" 2008hv
CMFGEN 1.7 -1.1499999999068677 0.6220249377366073 3933.4822 4098.8724 16.386963997588744 3933.4822 4512.3479 124.72816137292848 4512.3479 5099.0894 39.729426104488844 5193.5981 5674.0173 -2.3404347979983724 5674.0173 5888.6308 133.75214808411693 5888.6308 6333.6093 128.1110453285864 7788.6494 8511.2472 "" "" "" 2008hv
OBSERVED "" 5.800000000279397 0.40798146489790055 3999.2882 4031.141 151.8441975913649 4031.141 4642.316 178.53524692464143 4642.316 5329.1414 75.6744437222465 5299.2794 5697.4391 29.501537514552137 5697.4391 5998.0496 114.54582011837613 5998.0496 6436.0252 201.0726928001908 7978.8938 8741.3696 "" "" "" 2008ia
CMFGEN 1.04 5.800000000279397 0.12255469625480694 3999.2882 4031.141 19.57786199361952 4031.141 4642.316 48.02855294657018 4642.316 5329.1414 2.5648358783925307 5299.2794 5697.4391 -126.20501519570757 5697.4391 5998.0496 -7.712063378949566 5998.0496 6436.0252 131.23648689328718 7978.8938 8741.3696 "" "" "" 2008ia
CMFGEN 1.02 5.800000000279397 0.24143272264550591 3999.2882 4031.141 -22.552592340696226 4031.141 4642.316 113.08111322982998 4642.316 5329.1414 -13.384028421791138 5299.2794 5697.4391 -51.85814746136606 5697.4391 5998.0496 95.20305015134616 5998.0496 6436.0252 198.7738954008739 7978.8938 8741.3696 "" "" "" 2008ia
CMFGEN 1.4 5.800000000279397 0.18431744297370534 3999.2882 4031.141 -12.256626470237507 4031.141 4642.316 153.80095885258294 4642.316 5329.1414 -9.659344396383506 5299.2794 5697.4391 -26.70182916663881 5697.4391 5998.0496 108.6759966989429 5998.0496 6436.0252 219.1417462272737 7978.8938 8741.3696 "" "" "" 2008ia
CMFGEN 1.7 5.800000000279397 0.10281030555083293 3999.2882 4031.141 -7.877680366600709 4031.141 4642.316 72.68250768675806 4642.316 5329.1414 -4.586883879077064 5299.2794 5697.4391 -76.27783706280933 5697.4391 5998.0496 66.15961868968748 5998.0496 6436.0252 168.62101882595766 7978.8938 8741.3696 "" "" "" 2008ia
OBSERVED "" 40.859999999869615 9.5932308679091 3982.7757 4028.621 299.40866057950007 4028.621 4690.3881 299.22836442372375 4690.3881 5541.5163 35.963901785825705 5284.3839 5657.1262 74.20689455058206 5657.1262 5960.104 222.163326064153 5960.104 6591.972 442.2977622121541 7917.4995 8876.2645 "" "" "" 2008ia
CMFGEN 1.04 40.859999999869615 -0.3316677775749997 3982.7757 4028.621 165.85861953129302 4028.621 4690.3881 157.43365067348114 4690.3881 5541.5163 45.37344479018951 5284.3839 5657.1262 -88.01401564534117 5657.1262 5960.104 108.14436142845267 5960.104 6591.972 165.37618115013117 7917.4995 8876.2645 "" "" "" 2008ia
CMFGEN 1.02 40.859999999869615 -0.37768094061212015 3982.7757 4028.621 80.06460260216254 4028.621 4690.3881 111.92416016763079 4690.3881 5541.5163 -26.33383507319124 5284.3839 5657.1262 -70.62953990324937 5657.1262 5960.104 28.599188387475316 5960.104 6591.972 196.61369420278194 7917.4995 8876.2645 "" "" "" 2008ia
CMFGEN 1.4 40.859999999869615 -0.35055084415752474 3982.7757 4028.621 64.77482356799752 4028.621 4690.3881 151.84903934272194 4690.3881 5541.5163 -66.0155617714588 5284.3839 5657.1262 -54.11487520904052 5657.1262 5960.104 19.177747098882314 5960.104 6591.972 187.7364364202088 7917.4995 8876.2645 "" "" "" 2008ia
CMFGEN 1.7 40.859999999869615 0.17339630714966667 3982.7757 4028.621 144.4741348975263 4028.621 4690.3881 36.173023836139976 4690.3881 5541.5163 113.45744750030867 5284.3839 5657.1262 -66.90933408752602 5657.1262 5960.104 166.09288319666553 5960.104 6591.972 297.8838541138993 7917.4995 8876.2645 "" "" "" 2008ia
OBSERVED "" 10.830000000074506 1.445829187520945 3997.6914 4049.3953 191.7867309979864 3997.6914 4697.2157 203.03823045544806 4697.2157 5323.7461 -2.3072720124240167 5299.4148 5503.1893 73.78085890031696 5557.9347 5995.8977 111.36126903628546 5995.8977 6567.6828 171.79543762384088 7988.0212 8833.5332 "" "" "" 2008ia
CMFGEN 1.04 10.830000000074506 0.878805796399069 3997.6914 4049.3953 -32.51086306115509 3997.6914 4697.2157 56.200343626772934 4697.2157 5323.7461 13.702853548105818 5299.4148 5503.1893 -111.85706998973487 5557.9347 5995.8977 21.561087011040428 5995.8977 6567.6828 71.54804951261721 7988.0212 8833.5332 "" "" "" 2008ia
CMFGEN 1.02 10.830000000074506 2.134419651475637 3997.6914 4049.3953 -109.67354069122905 3997.6914 4697.2157 103.69293206994668 4697.2157 5323.7461 1.3410588613294154 5299.4148 5503.1893 -37.51512873890759 5557.9347 5995.8977 42.02207352748721 5995.8977 6567.6828 163.80905552354724 7988.0212 8833.5332 "" "" "" 2008ia
CMFGEN 1.4 10.830000000074506 1.4954424782787334 3997.6914 4049.3953 -79.50119585962548 3997.6914 4697.2157 131.52373537093573 4697.2157 5323.7461 -3.003368417492876 5299.4148 5503.1893 -17.040477785046825 5557.9347 5995.8977 43.703870614109576 5995.8977 6567.6828 182.8685315534897 7988.0212 8833.5332 "" "" "" 2008ia
CMFGEN 1.7 10.830000000074506 1.2583224927883088 3997.6914 4049.3953 -110.05335324005686 3997.6914 4697.2157 66.3896657006949 4697.2157 5323.7461 10.028522233657295 5299.4148 5503.1893 -78.28678141957981 5557.9347 5995.8977 54.35087283332633 5995.8977 6567.6828 134.5515660106905 7988.0212 8833.5332 "" "" "" 2008ia
OBSERVED "" -2.1299999998882413 "" "" "" "" "" "" "" "" "" "" "" "" 3.278175722863566 5657.066 5810.5149 140.69853192078975 5810.5149 6424.3107 248.0856037717151 7596.8181 8706.372 "" "" "" 2008ia
CMFGEN 1.04 -2.1299999998882413 "" "" "" "" "" "" "" "" "" "" "" "" -0.27757731790752244 5657.066 5810.5149 150.98109832843505 5810.5149 6424.3107 31.477401971417905 7596.8181 8706.372 "" "" "" 2008ia
CMFGEN 1.02 -2.1299999998882413 "" "" "" "" "" "" "" "" "" "" "" "" 10.125999837675053 5657.066 5810.5149 136.10373063599064 5810.5149 6424.3107 57.83944462289409 7596.8181 8706.372 "" "" "" 2008ia
CMFGEN 1.4 -2.1299999998882413 "" "" "" "" "" "" "" "" "" "" "" "" 16.245078628445807 5657.066 5810.5149 127.9510820561072 5810.5149 6424.3107 72.83208021581876 7596.8181 8706.372 "" "" "" 2008ia
CMFGEN 1.7 -2.1299999998882413 "" "" "" "" "" "" "" "" "" "" "" "" 4.409135603869628 5657.066 5810.5149 127.20170412688248 5810.5149 6424.3107 70.31622504964918 7596.8181 8706.372 "" "" "" 2008ia
OBSERVED "" 15.78000000026077 2.15563379040693 3997.6914 4034.1883 302.87329221963046 4034.1883 4697.2157 273.22723147657086 4697.2157 5393.6985 -18.355231011533213 5299.4148 5500.1479 141.23979853206114 5567.0589 5977.6493 168.20001787753472 5977.6493 6579.8484 405.0513867067519 7966.7314 8891.32 "" "" "" 2008ia
CMFGEN 1.04 15.78000000026077 0.6863924528283731 3997.6914 4034.1883 -53.57924404548586 4034.1883 4697.2157 21.898471066144566 4697.2157 5393.6985 13.878922974136813 5299.4148 5500.1479 -49.44721882517781 5567.0589 5977.6493 84.11085632050063 5977.6493 6579.8484 -10.473234191364838 7966.7314 8891.32 "" "" "" 2008ia
CMFGEN 1.02 15.78000000026077 1.0438021233797863 3997.6914 4034.1883 -56.736965199182855 4034.1883 4697.2157 99.16694566160275 4697.2157 5393.6985 0.3894710772076181 5299.4148 5500.1479 -2.514392638695231 5567.0589 5977.6493 50.63480351609522 5977.6493 6579.8484 101.08891200763661 7966.7314 8891.32 "" "" "" 2008ia
CMFGEN 1.4 15.78000000026077 0.9514755891986201 3997.6914 4034.1883 -43.7596801598771 4034.1883 4697.2157 130.81104565291642 4697.2157 5393.6985 0.4252462055352614 5299.4148 5500.1479 16.658479705313756 5567.0589 5977.6493 46.354696650170155 5977.6493 6579.8484 125.6346419799002 7966.7314 8891.32 "" "" "" 2008ia
CMFGEN 1.7 15.78000000026077 0.7617800629891657 3997.6914 4034.1883 -102.64960459846696 4034.1883 4697.2157 44.452684655696444 4697.2157 5393.6985 9.789233005058653 5299.4148 5500.1479 -47.6443056792407 5567.0589 5977.6493 97.66639489551856 5977.6493 6579.8484 104.68724202822196 7966.7314 8891.32 "" "" "" 2008ia
OBSERVED "" 58.74000000022352 22.187696825136385 3967.48858258094 4032.01407190239 365.39492202616066 3967.48858258094 4645.98387938526 354.6692331190585 4645.98387938526 5529.78755130328 20.348696288304314 5291.23877259974 5529.78755130328 91.2386198398473 5551.29604774376 5858.2809514852 215.36444983458918 5858.2809514852 6528.95497685661 481.9628679230598 7733.43077752364 8769.74924238326 "" "" "" 2008ia
CMFGEN 1.04 58.74000000022352 -2.586118259275804 3967.48858258094 4032.01407190239 317.02690981430385 3967.48858258094 4645.98387938526 209.91165300903228 4645.98387938526 5529.78755130328 31.952162448164305 5291.23877259974 5529.78755130328 144.68922676816743 5551.29604774376 5858.2809514852 190.1074818888872 5858.2809514852 6528.95497685661 356.2174583904948 7733.43077752364 8769.74924238326 "" "" "" 2008ia
CMFGEN 1.02 58.74000000022352 -2.7406493427360523 3967.48858258094 4032.01407190239 308.7171389703178 3967.48858258094 4645.98387938526 258.69358864139235 4645.98387938526 5529.78755130328 11.510485037767275 5291.23877259974 5529.78755130328 126.43724168206644 5551.29604774376 5858.2809514852 150.28939503721966 5858.2809514852 6528.95497685661 483.3146793347788 7733.43077752364 8769.74924238326 "" "" "" 2008ia
CMFGEN 1.4 58.74000000022352 -2.632322761148916 3967.48858258094 4032.01407190239 316.0251482493096 3967.48858258094 4645.98387938526 301.08589611448974 4645.98387938526 5529.78755130328 3.9994607926749817 5291.23877259974 5529.78755130328 112.73684739689958 5551.29604774376 5858.2809514852 144.0861294043209 5858.2809514852 6528.95497685661 488.99478769317267 7733.43077752364 8769.74924238326 "" "" "" 2008ia
CMFGEN 1.7 58.74000000022352 -1.7529639233214047 3967.48858258094 4032.01407190239 333.02394724602493 3967.48858258094 4645.98387938526 157.6572843115689 4645.98387938526 5529.78755130328 41.80770437255059 5291.23877259974 5529.78755130328 170.423309781299 5551.29604774376 5858.2809514852 202.95175333835763 5858.2809514852 6528.95497685661 304.42539472806163 7733.43077752364 8769.74924238326 "" "" "" 2008ia
OBSERVED "" 27.81000000005588 "" "" "" "" "" "" "" "" "" "" "" "" 77.61371361523632 5621.6547 5975.7677 250.91722418019071 5975.7677 6554.1521 401.3053432371645 7970.604 8796.8675 "" "" "" 2008ia
CMFGEN 1.04 27.81000000005588 "" "" "" "" "" "" "" "" "" "" "" "" -85.18845179925833 5621.6547 5975.7677 88.07664679414785 5975.7677 6554.1521 144.80249390783428 7970.604 8796.8675 "" "" "" 2008ia
CMFGEN 1.02 27.81000000005588 "" "" "" "" "" "" "" "" "" "" "" "" -44.45307475798501 5621.6547 5975.7677 69.1419464078854 5975.7677 6554.1521 253.87029110182522 7970.604 8796.8675 "" "" "" 2008ia
CMFGEN 1.4 27.81000000005588 "" "" "" "" "" "" "" "" "" "" "" "" -16.510505187615312 5621.6547 5975.7677 77.39726840453505 5975.7677 6554.1521 256.1609780044108 7970.604 8796.8675 "" "" "" 2008ia
CMFGEN 1.7 27.81000000005588 "" "" "" "" "" "" "" "" "" "" "" "" -72.52890438485902 5621.6547 5975.7677 127.76420917111892 5975.7677 6554.1521 249.17521999110954 7970.604 8796.8675 "" "" "" 2008ia
OBSERVED "" 60.72999999998137 "" "" "" "" "" "" 296.90118197679226 4699.4805 5512.0178 6.448850642283824 5270.6518 5512.0178 97.75239944706009 5675.9993 5970.7974 165.47606974987067 5970.7974 6597.702 390.73046220849847 7529.6346 8892.7599 "" "" "" 2008ia
CMFGEN 1.04 60.72999999998137 "" "" "" "" "" "" 196.0565584695941 4699.4805 5512.0178 18.053849621494916 5270.6518 5512.0178 -129.01003238976992 5675.9993 5970.7974 109.67298706206788 5970.7974 6597.702 187.4608205239207 7529.6346 8892.7599 "" "" "" 2008ia
CMFGEN 1.02 60.72999999998137 "" "" "" "" "" "" 143.81300370995726 4699.4805 5512.0178 -1.6977460221428613 5270.6518 5512.0178 -111.04883928642977 5675.9993 5970.7974 20.233743664433828 5970.7974 6597.702 345.04612302205055 7529.6346 8892.7599 "" "" "" 2008ia
CMFGEN 1.4 60.72999999998137 "" "" "" "" "" "" 143.9370601213892 4699.4805 5512.0178 -8.264360871142557 5270.6518 5512.0178 -92.43010192483052 5675.9993 5970.7974 -16.148916276194164 5970.7974 6597.702 348.34283721736085 7529.6346 8892.7599 "" "" "" 2008ia
CMFGEN 1.7 60.72999999998137 "" "" "" "" "" "" 133.50484391301745 4699.4805 5512.0178 27.736960050002086 5270.6518 5512.0178 -132.7102390889717 5675.9993 5970.7974 184.24290548482088 5970.7974 6597.702 325.6766670409655 7529.6346 8892.7599 "" "" "" 2008ia
OBSERVED "" -2.1499999999068677 0.5251269804268591 3990.1088 4027.8491 118.54250737729171 4027.8491 4620.9116 137.41295806513327 4620.9116 5200.4953 87.90076633019777 5200.4953 5639.9006 8.90788293348044 5639.9006 5812.4279 "" "" "" "" "" "" 196.7740983748787 3523.746 4027.8491 2008ia
CMFGEN 1.04 -2.1499999999068677 -0.22023356384990123 3990.1088 4027.8491 38.21303231097697 4027.8491 4620.9116 35.97202841525848 4620.9116 5200.4953 20.68326095780301 5200.4953 5639.9006 1.3045565865035877 5639.9006 5812.4279 "" "" "" "" "" "" 117.60502821217487 3523.746 4027.8491 2008ia
