results/equivalent_width/fixed_True.ecsv
# %ECSV 0.9
# ---
# datatype:
# - name: model
#   datatype: string
# - name: version
#   datatype: string
# - name: time
#   datatype: float64
# - name: pW2
#   datatype: float64
# - name: pW2_start
#   datatype: float64
# - name: pW2_end
#   datatype: float64
# - name: pW3
#   datatype: float64
# - name: pW3_start
#   datatype: float64
# - name: pW3_end
#   datatype: float64
# - name: pW4
#   datatype: float64
# - name: pW4_start
#   datatype: float64
# - name: pW4_end
#   datatype: float64
# - name: pW5
#   datatype: float64
# - name: pW5_start
#   datatype: float64
# - name: pW5_end
#   datatype: float64
# - name: pW6
#   datatype: float64
# - name: pW6_start
#   datatype: float64
# - name: pW6_end
#   datatype: float64
# - name: pW7
#   datatype: float64
# - name: pW7_start
#   datatype: float64
# - name: pW7_end
#   datatype: float64
# - name: pW8
#   datatype: float64
# - name: pW8_start
#   datatype: float64
# - name: pW8_end
#   datatype: float64
# - name: obj_id
#   datatype: string
# - name: pW1
#   datatype: float64
# - name: pW1_start
#   datatype: float64
# - name: pW1_end
#   datatype: float64
# schema: astropy-2.0
model version time pW2 pW2_start pW2_end pW3 pW3_start pW3_end pW4 pW4_start pW4_end pW5 pW5_start pW5_end pW6 pW6_start pW6_end pW7 pW7_start pW7_end pW8 pW8_start pW8_end obj_id pW1 pW1_start pW1_end
[from data line 55]
OBSERVED "" 4.359999999891443 38.4007578572139 3909.984 4122.3837 178.9034246958581 3909.984 4526.533 213.02896011399878 4526.533 5187.332 97.20664648984624 5187.332 5653.4312 32.11107441640815 5653.4312 5851.0809 147.520460781455 5851.0809 6317.1801 371.0473379452044 7730.2279 8579.8265 2004ef "" "" ""
CMFGEN 1.04 4.359999999891443 30.71757606889942 3909.984 4122.3837 -452.0408546107587 3909.984 4526.533 320.7164777746383 4526.533 5187.332 167.5081292568359 5187.332 5653.4312 -3.3080666428005423 5653.4312 5851.0809 104.87665490955828 5851.0809 6317.1801 179.26917236195072 7730.2279 8579.8265 2004ef "" "" ""
CMFGEN 1.02 4.359999999891443 50.34556151794769 3909.984 4122.3837 -463.5969566643254 3909.984 4526.533 227.49380306568432 4526.533 5187.332 189.6185067138411 5187.332 5653.4312 4.429071732707908 5653.4312 5851.0809 83.76484059554777 5851.0809 6317.1801 158.86772609375296 7730.2279 8579.8265 2004ef "" "" ""
CMFGEN 1.4 4.359999999891443 61.08245977903465 3909.984 4122.3837 -485.10563676643926 3909.984 4526.533 113.7243295081111 4526.533 5187.332 91.99061535966446 5187.332 5653.4312 10.971292044119155 5653.4312 5851.0809 17.66537877271775 5851.0809 6317.1801 111.49922039266042 7730.2279 8579.8265 2004ef "" "" ""
CMFGEN 1.7 4.359999999891443 44.91797873617368 3909.984 4122.3837 162.34295533211036 3909.984 4526.533 370.3991326333836 4526.533 5187.332 3.485037022373014 5187.332 5653.4312 -10.186374708957958 5653.4312 5851.0809 121.27874063356884 5851.0809 6317.1801 261.32219477976196 7730.2279 8579.8265 2004ef "" "" ""
OBSERVED "" 38.35000000011496 20.7625590593737 3938.7672 4011.908 388.9153540079309 3938.7672 4613.2879 429.1020665361933 4613.2879 5539.7379 23.01910677776849 5295.9353 5539.7379 68.59560344122349 5568.1816 5852.618 266.84915907530996 5852.618 6531.202 "" "" "" 2004ef 348.88497581060017 3532.4295 3938.7672
CMFGEN 1.04 38.35000000011496 0.13992207104395835 3938.7672 4011.908 59.63348727393047 3938.7672 4613.2879 114.12902063095497 4613.2879 5539.7379 14.75763141379425 5295.9353 5539.7379 15.849512588388883 5568.1816 5852.618 134.3113040162323 5852.618 6531.202 "" "" "" 2004ef 102.46925014140237 3532.4295 3938.7672
CMFGEN 1.02 38.35000000011496 2.753487733300807 3938.7672 4011.908 4.137439445425098 3938.7672 4613.2879 213.38082134374622 4613.2879 5539.7379 15.407859259785981 5295.9353 5539.7379 16.308695404365906 5568.1816 5852.618 99.17509978852812 5852.618 6531.202 "" "" "" 2004ef 82.28296727189293 3532.4295 3938.7672
CMFGEN 1.4 38.35000000011496 4.026430134839756 3938.7672 4011.908 -14.767611101596732 3938.7672 4613.2879 244.43370538146002 4613.2879 5539.7379 22.239939276782735 5295.9353 5539.7379 22.92116665717127 5568.1816 5852.618 91.2225917952857 5852.618 6531.202 "" "" "" 2004ef 79.14095636422654 3532.4295 3938.7672
CMFGEN 1.7 38.35000000011496 1.895613434096958 3938.7672 4011.908 20.588452782889966 3938.7672 4613.2879 158.58774376203036 4613.2879 5539.7379 12.599107855185776 5295.9353 5539.7379 12.448190871692619 5568.1816 5852.618 115.44576606917518 5852.618 6531.202 "" "" "" 2004ef 79.05748540038951 3532.4295 3938.7672
OBSERVED "" -11.219999999979336 "" "" "" "" "" "" 214.41286573864153 4521.6452 5197.2205 86.9077840338102 5197.2205 5651.3417 52.89125350091075 5651.3417 5920.4505 115.27172710663325 5920.4505 6293.2784 379.6624977542907 7736.9351 8505.0166 2004eo "" "" ""
CMFGEN 1.04 -11.219999999979336 "" "" "" "" "" "" 339.20572529331014 4521.6452 5197.2205 164.560540383438 5197.2205 5651.3417 1.6956117901701773 5651.3417 5920.4505 61.0595652431879 5920.4505 6293.2784 167.0462421674098 7736.9351 8505.0166 2004eo "" "" ""
CMFGEN 1.02 -11.219999999979336 "" "" "" "" "" "" 223.79623094788775 4521.6452 5197.2205 183.7841578672246 5197.2205 5651.3417 13.804956750268808 5651.3417 5920.4505 44.339770144996514 5920.4505 6293.2784 140.22538753793447 7736.9351 8505.0166 2004eo "" "" ""
CMFGEN 1.4 -11.219999999979336 "" "" "" "" "" "" 111.81151646155027 4521.6452 5197.2205 88.51460624316756 5197.2205 5651.3417 17.815341334106858 5651.3417 5920.4505 8.796982283319084 5920.4505 6293.2784 111.40638886934642 7736.9351 8505.0166 2004eo "" "" ""
CMFGEN 1.7 -11.219999999979336 "" "" "" "" "" "" 411.46992001910667 4521.6452 5197.2205 17.742196603161368 5197.2205 5651.3417 -11.849980262683484 5651.3417 5920.4505 64.47685429730522 5920.4505 6293.2784 236.87272232726409 7736.9351 8505.0166 2004eo "" "" ""
OBSERVED "" -10.23000000022148 22.320849941845864 3923.917 4073.6368 130.3672826897738 3923.917 4513.813 188.51125354923823 4513.813 5184.5576 69.89427305640511 5184.5576 5582.8122 41.88853708253321 5582.8122 5927.1676 128.42171301184644 5927.1676 6472.1476 302.38257869857733 7735.7826 8439.4655 2004eo "" "" ""
CMFGEN 1.04 -10.23000000022148 20.3815291956479 3923.917 4073.6368 -401.88680107387654 3923.917 4513.813 330.28722902969446 4513.813 5184.5576 183.49763404059752 5184.5576 5582.8122 -38.86503259998917 5582.8122 5927.1676 138.91258883708298 5927.1676 6472.1476 151.71119040438722 7735.7826 8439.4655 2004eo "" "" ""
CMFGEN 1.02 -10.23000000022148 27.44989653568388 3923.917 4073.6368 -400.7757983029137 3923.917 4513.813 243.5378414893122 4513.813 5184.5576 209.5076160741366 5184.5576 5582.8122 -22.29008380885165 5582.8122 5927.1676 97.17834493302536 5927.1676 6472.1476 131.13239343880252 7735.7826 8439.4655 2004eo "" "" ""
CMFGEN 1.4 -10.23000000022148 29.66045706246017 3923.917 4073.6368 -418.97021179650767 3923.917 4513.813 143.01598657654267 4513.813 5184.5576 169.3565722314695 5184.5576 5582.8122 33.57911450855308 5582.8122 5927.1676 41.05246784803879 5927.1676 6472.1476 111.38703145544036 7735.7826 8439.4655 2004eo "" "" ""
CMFGEN 1.7 -10.23000000022148 19.832091629733736 3923.917 4073.6368 223.59222914232132 3923.917 4513.813 386.5922384492789 4513.813 5184.5576 -4.4426994593568665 5184.5576 5582.8122 -76.65892236401791 5582.8122 5927.1676 92.99985642388913 5927.1676 6472.1476 220.91953608280738 7735.7826 8439.4655 2004eo "" "" ""
OBSERVED "" 24.780000000020664 9.910634535471749 3944.4305 4010.423 310.29421537644 3944.4305 4629.1033 422.3636896974793 4629.1033 5515.8784 32.66334191677506 5297.278 5515.8784 67.26038685928033 5552.9992 5878.8375 262.29944154148427 5878.8375 6489.2687 "" "" "" 2004eo "" "" ""
CMFGEN 1.04 24.780000000020664 0.9566446727208157 3944.4305 4010.423 -6.3981143546752595 3944.4305 4629.1033 139.24153586308967 4629.1033 5515.8784 5.4519860420604624 5297.278 5515.8784 -23.673290900999028 5552.9992 5878.8375 100.76727627735264 5878.8375 6489.2687 "" "" "" 2004eo "" "" ""
CMFGEN 1.02 24.780000000020664 1.0140161181783947 3944.4305 4010.423 -46.080171458622374 3944.4305 4629.1033 152.6012732832173 4629.1033 5515.8784 12.641334290204789 5297.278 5515.8784 -22.04882288231042 5552.9992 5878.8375 39.04243062287876 5878.8375 6489.2687 "" "" "" 2004eo "" "" ""
CMFGEN 1.4 24.780000000020664 4.480249327779039 3944.4305 4010.423 -124.10044923611285 3944.4305 4629.1033 120.53275844420547 4629.1033 5515.8784 8.532994559533872 5297.278 5515.8784 18.47861782557676 5552.9992 5878.8375 65.5571532692465 5878.8375 6489.2687 "" "" "" 2004eo "" "" ""
CMFGEN 1.7 24.780000000020664 1.7002107652023937 3944.4305 4010.423 -75.44516422656397 3944.4305 4629.1033 149.83393020228553 4629.1033 5515.8784 14.248740203537114 5297.278 5515.8784 0.7132690798391393 5552.9992 5878.8375 98.76208856328611 5878.8375 6489.2687 "" "" "" 2004eo "" "" ""
OBSERVED "" 48.29999999979191 4.807737525867062 3965.5 4001.4297 338.7829493973543 3965.5 4636.1873 425.47248356309484 4636.1873 5495.5055 29.238623268190977 5288.9098 5516.4644 86.43511487906501 5561.3765 5839.8315 250.12457788615254 5839.8315 6516.5071 535.6989613717153 7735.1221 8741.1531 2004ey "" "" ""
CMFGEN 1.04 48.29999999979191 -0.2628353281820214 3965.5 4001.4297 109.60911936232864 3965.5 4636.1873 82.47066605349018 4636.1873 5495.5055 18.400895730384697 5288.9098 5516.4644 71.92890034424848 5561.3765 5839.8315 144.88706784384294 5839.8315 6516.5071 170.37344416660642 7735.1221 8741.1531 2004ey "" "" ""
CMFGEN 1.02 48.29999999979191 0.41697896127475953 3965.5 4001.4297 130.59111304283502 3965.5 4636.1873 139.7906529705467 4636.1873 5495.5055 5.970002863636501 5288.9098 5516.4644 31.93289366193529 5561.3765 5839.8315 135.59055229598115 5839.8315 6516.5071 275.958670195901 7735.1221 8741.1531 2004ey "" "" ""
CMFGEN 1.4 48.29999999979191 0.6727343988230835 3965.5 4001.4297 108.48422343161585 3965.5 4636.1873 156.69653422131432 4636.1873 5495.5055 -0.8886487808772516 5288.9098 5516.4644 14.655837494802284 5561.3765 5839.8315 114.4248815104924 5839.8315 6516.5071 270.5523170988195 7735.1221 8741.1531 2004ey "" "" ""
CMFGEN 1.7 48.29999999979191 0.2898072837130164 3965.5 4001.4297 97.17806109240468 3965.5 4636.1873 111.4976109592559 4636.1873 5495.5055 13.967978730420041 5288.9098 5516.4644 59.78301130867461 5561.3765 5839.8315 162.11162003080017 5839.8315 6516.5071 195.12821999092938 7735.1221 8741.1531 2004ey "" "" ""
OBSERVED "" 44.29999999979191 4.1848376871071675 3941.5469 4007.4179 298.8033228082575 3941.5469 4636.1873 403.9738229419936 4636.1873 5516.4644 25.600599398810875 5297.8922 5516.4644 75.22226426363113 5555.3883 5836.8374 250.27527909524855 5836.8374 6495.5482 504.66234842830426 7720.1514 8735.1648 2004ey "" "" ""
CMFGEN 1.04 44.29999999979191 -0.7077940231000259 3941.5469 4007.4179 85.26100518325521 3941.5469 4636.1873 90.31810562362341 4636.1873 5516.4644 17.228385924163724 5297.8922 5516.4644 49.36050310347985 5555.3883 5836.8374 145.90299465560557 5836.8374 6495.5482 80.38177283481988 7720.1514 8735.1648 2004ey "" "" ""
CMFGEN 1.02 44.29999999979191 2.226506777555588 3941.5469 4007.4179 79.48063129299182 3941.5469 4636.1873 152.3425114084112 4636.1873 5516.4644 0.9457579009646478 5297.8922 5516.4644 12.904452768955865 5555.3883 5836.8374 135.3234058522349 5836.8374 6495.5482 226.55271841355489 7720.1514 8735.1648 2004ey "" "" ""
CMFGEN 1.4 44.29999999979191 3.7681202057274326 3941.5469 4007.4179 61.139225399352576 3941.5469 4636.1873 169.79288883513942 4636.1873 5516.4644 -1.243329521191815 5297.8922 5516.4644 7.014954679779184 5555.3883 5836.8374 113.96797619388884 5836.8374 6495.5482 219.82567981620483 7720.1514 8735.1648 2004ey "" "" ""
CMFGEN 1.7 44.29999999979191 1.3657552950995617 3941.5469 4007.4179 74.99695365991923 3941.5469 4636.1873 110.63585735896277 4636.1873 5516.4644 12.255727274464725 5297.8922 5516.4644 36.930285707126906 5555.3883 5836.8374 153.17102278123454 5836.8374 6495.5482 159.623628727976 7720.1514 8735.1648 2004ey "" "" ""
OBSERVED "" -0.6699999999473221 18.031332830155115 3931.7211 4034.8257 134.865117122844 3931.7211 4504.9826 149.51257243046234 4504.9826 5181.3486 109.20755519059864 5181.3486 5680.3748 27.568263793684682 5680.3748 5936.0741 118.84822628605197 5936.0741 6319.6231 "" "" "" 2004ey "" "" ""
CMFGEN 1.04 -0.6699999999473221 10.61755787675382 3931.7211 4034.8257 -364.4684600306446 3931.7211 4504.9826 333.21952375012813 4504.9826 5181.3486 146.76879678904143 5181.3486 5680.3748 6.601872444573805 5680.3748 5936.0741 66.44355950905822 5936.0741 6319.6231 "" "" "" 2004ey "" "" ""
CMFGEN 1.02 -0.6699999999473221 11.001261491806181 3931.7211 4034.8257 -358.07733436875645 3931.7211 4504.9826 256.412755646385 4504.9826 5181.3486 169.42557234174555 5181.3486 5680.3748 15.776368689293431 5680.3748 5936.0741 47.32436433540233 5936.0741 6319.6231 "" "" "" 2004ey "" "" ""
CMFGEN 1.4 -0.6699999999473221 10.782561027348752 3931.7211 4034.8257 -372.50890101567904 3931.7211 4504.9826 146.23793474867756 4504.9826 5181.3486 59.36861555753511 5181.3486 5680.3748 9.243539438643566 5680.3748 5936.0741 6.665333539559248 5936.0741 6319.6231 "" "" "" 2004ey "" "" ""
CMFGEN 1.7 -0.6699999999473221 6.879559940590183 3931.7211 4034.8257 258.9344066762274 3931.7211 4504.9826 393.8865312881742 4504.9826 5181.3486 -15.293292318631197 5181.3486 5680.3748 1.3114293536576431 5680.3748 5936.0741 65.78417336519942 5936.0741 6319.6231 "" "" "" 2004ey "" "" ""
OBSERVED "" 31.330000000052678 9.23423725446902 3960.5904 4001.8323 359.96318104659457 3960.5904 4612.2113 454.156492367868 4612.2113 5515.4074 35.27593849405191 5296.8257 5515.4074 65.16458843220282 5552.5251 5870.0872 242.44626844158051 5870.0872 6463.9695 "" "" "" 2004ey "" "" ""
CMFGEN 1.04 31.330000000052678 -0.010567158628499407 3960.5904 4001.8323 33.43224655574856 3960.5904 4612.2113 131.09723180104083 4612.2113 5515.4074 14.753857306926419 5296.8257 5515.4074 -0.014309417047839055 5552.5251 5870.0872 134.8682900077172 5870.0872 6463.9695 "" "" "" 2004ey "" "" ""
CMFGEN 1.02 31.330000000052678 0.8263804353434399 3960.5904 4001.8323 -63.6758163266369 3960.5904 4612.2113 182.31169641758066 4612.2113 5515.4074 19.025190982276126 5296.8257 5515.4074 8.67102054847813 5552.5251 5870.0872 129.48195472874906 5870.0872 6463.9695 "" "" "" 2004ey "" "" ""
CMFGEN 1.4 31.330000000052678 0.7741479962343444 3960.5904 4001.8323 -67.86508969617229 3960.5904 4612.2113 181.87222869751997 4612.2113 5515.4074 20.241496280534868 5296.8257 5515.4074 29.130133012444556 5552.5251 5870.0872 130.70220834135137 5870.0872 6463.9695 "" "" "" 2004ey "" "" ""
CMFGEN 1.7 31.330000000052678 0.4883947153502813 3960.5904 4001.8323 -30.456538312643456 3960.5904 4612.2113 161.28726436961506 4612.2113 5515.4074 18.555262512264097 5296.8257 5515.4074 -3.418835959015942 5552.5251 5870.0872 113.11568468844648 5870.0872 6463.9695 "" "" "" 2004ey "" "" ""
OBSERVED "" 53343.27000000002 17.401963569276298 3908.1214 4005.4983 363.4925996219638 3908.1214 4631.0714 384.4196428234919 4631.0714 5477.9557 22.998207950812315 5289.1035 5510.4147 112.57216691526189 5557.6277 5899.9224 253.92071991527376 5899.9224 6537.2988 714.2009566307986 7640.9041 8564.5096 2004gc "" "" ""
CMFGEN 1.04 53343.27000000002 -9.115241597697425 3908.1214 4005.4983 473.9945922681427 3908.1214 4631.0714 -0.9545112502815627 4631.0714 5477.9557 62.18743885700711 5289.1035 5510.4147 155.14140111869412 5557.6277 5899.9224 268.59154123556067 5899.9224 6537.2988 -468.40625014350127 7640.9041 8564.5096 2004gc "" "" ""
CMFGEN 1.02 53343.27000000002 -12.284788062260413 3908.1214 4005.4983 473.7586282609091 3908.1214 4631.0714 30.348283702383917 4631.0714 5477.9557 61.40380582784001 5289.1035 5510.4147 159.8926038055879 5557.6277 5899.9224 225.63422193323498 5899.9224 6537.2988 109.42038781223715 7640.9041 8564.5096 2004gc "" "" ""
CMFGEN 1.4 53343.27000000002 -13.210674795952944 3908.1214 4005.4983 433.7714606211206 3908.1214 4631.0714 50.912666373160256 4631.0714 5477.9557 53.814178489481776 5289.1035 5510.4147 161.6510061710249 5557.6277 5899.9224 205.44415583995496 5899.9224 6537.2988 164.78441666105994 7640.9041 8564.5096 2004gc "" "" ""
CMFGEN 1.7 53343.27000000002 -13.600316065272182 3908.1214 4005.4983 489.65539268820413 3908.1214 4631.0714 -5.3057949027634095 4631.0714 5477.9557 72.48494409652068 5289.1035 5510.4147 167.06509587937367 5557.6277 5899.9224 306.6446079736662 5899.9224 6537.2988 21.954161988685797 7640.9041 8564.5096 2004gc "" "" ""
OBSERVED "" 53348.25999999978 6.66694835141045 3970.0886 4008.4492 348.8710259473174 3970.0886 4625.1698 446.0569856211454 4625.1698 5469.1032 24.806375535366666 5295.0051 5501.5622 99.06817878703882 5551.7261 5885.1684 273.1796369928874 5885.1684 6572.7086 691.7014113002498 7661.5598 8694.3455 2004gc "" "" ""
CMFGEN 1.04 53348.25999999978 -0.5104640339357219 3970.0886 4008.4492 460.7502450416889 3970.0886 4625.1698 -39.130557314688346 4625.1698 5469.1032 54.62522960428858 5295.0051 5501.5622 164.86229318321477 5551.7261 5885.1684 256.2221466316929 5885.1684 6572.7086 -76.83867005448883 7661.5598 8694.3455 2004gc "" "" ""
CMFGEN 1.02 53348.25999999978 -0.7687516679363567 3970.0886 4008.4492 450.559296641647 3970.0886 4625.1698 -5.634352960141683 4625.1698 5469.1032 53.87575928898466 5295.0051 5501.5622 169.7258244179782 5551.7261 5885.1684 207.3400127943819 5885.1684 6572.7086 299.3342559004128 7661.5598 8694.3455 2004gc "" "" ""
