results/equivalent_width/fixed_False.ecsv
# %ECSV 0.9
# ---
# datatype:
# - name: model
#   datatype: string
# - name: version
#   datatype: string
# - name: time
#   datatype: float64
# - name: pW2
#   datatype: float64
# - name: pW2_start
#   datatype: float64
# - name: pW2_end
#   datatype: float64
# - name: pW3
#   datatype: float64
# - name: pW3_start
#   datatype: float64
# - name: pW3_end
#   datatype: float64
# - name: pW4
#   datatype: float64
# - name: pW4_start
#   datatype: float64
# - name: pW4_end
#   datatype: float64
# - name: pW5
#   datatype: float64
# - name: pW5_start
#   datatype: float64
# - name: pW5_end
#   datatype: float64
# - name: pW6
#   datatype: float64
# - name: pW6_start
#   datatype: float64
# - name: pW6_end
#   datatype: float64
# - name: pW7
#   datatype: float64
# - name: pW7_start
#   datatype: float64
# - name: pW7_end
#   datatype: float64
# - name: pW8
#   datatype: float64
# - name: pW8_start
#   datatype: float64
# - name: pW8_end
#   datatype: float64
# - name: obj_id
#   datatype: string
# - name: pW1
#   datatype: float64
# - name: pW1_start
#   datatype: float64
# - name: pW1_end
#   datatype: float64
# schema: astropy-2.0
model version time pW2 pW2_start pW2_end pW3 pW3_start pW3_end pW4 pW4_start pW4_end pW5 pW5_start pW5_end pW6 pW6_start pW6_end pW7 pW7_start pW7_end pW8 pW8_start pW8_end obj_id pW1 pW1_start pW1_end
[from data line 2556]
CMFGEN CMFGEN 54827.22999999998 0.0 3997.6917 4000.7331 465.9390149186196 3997.6917 4694.1746 111.2843472959697 4694.1746 5050.0196 27.750635547717593 5235.5456 5500.1483 149.66371088399515 5551.8523 5938.1114 273.011648759172 5938.1114 6519.0207 488.6759459817263 7863.324 8897.4035 2008hu "" "" ""
CMFGEN CMFGEN 54827.22999999998 8.881784197001252e-16 3997.6917 4000.7331 451.35344152912205 3997.6917 4688.0918 235.05976429562986 4688.0918 5229.4628 34.298714016008745 5229.4628 5500.1483 171.7331829366278 5551.8523 5874.2418 229.0962877691336 5874.2418 6512.9379 589.6668007855982 7851.1584 8897.4035 2008hu "" "" ""
CMFGEN CMFGEN 54827.22999999998 0.11666307782453345 3997.6917 4037.23 388.59844361061454 4037.23 4682.009 241.4928843076999 4682.009 5226.4214 35.060870476095715 5226.4214 5500.1483 172.0845658331617 5551.8523 5874.2418 212.00811078940632 5874.2418 6512.9379 579.4232499781241 7854.1998 8897.4035 2008hu "" "" ""
CMFGEN CMFGEN 54827.22999999998 -0.0009471489376560172 3994.6503 4000.7331 495.4472194760431 3994.6503 4682.009 120.04243692037497 4682.009 5050.0196 43.50656757995176 5250.7527 5500.1483 176.35979383212901 5551.8523 5886.4074 310.89171089208196 5886.4074 6552.4762 649.4503083356909 7860.2826 8873.0722 2008hu "" "" ""
OBSERVED "" 54818.24000000022 39.938848445950484 3933.5094 4074.8177 67.04572808830198 4074.8177 4474.8595 219.13657985859027 4508.6938 5521.735 88.9914786132835 5157.5178 5521.735 8.08496471238223 5581.4427 5800.371 70.37907810624716 5800.371 6200.4128 624.1950476072232 7500.051 8891.2411 2008hu "" "" ""
CMFGEN CMFGEN 54818.24000000022 0.0 3999.1879 4001.1782 464.83946311369687 3999.1879 4695.7781 111.69337192075136 4695.7781 5050.0439 29.189359845586807 5235.1379 5501.8324 150.1026050429802 5551.5888 5937.6988 272.99387517679827 5937.6988 6518.854 489.6399246403615 7862.2779 8899.2021 2008hu "" "" ""
CMFGEN CMFGEN 54818.24000000022 -0.0008677563578007863 3997.1977 4001.1782 451.758430393367 3997.1977 4687.817 235.51704130782247 4687.817 5231.1574 36.86793172972477 5231.1574 5501.8324 172.0278371691035 5551.5888 5874.0106 229.2767705997088 5874.0106 6514.8735 590.8474685864142 7852.3266 8899.2021 2008hu "" "" ""
CMFGEN CMFGEN 54818.24000000022 0.07286563373048693 3999.1879 4037.0028 388.8051427518514 4037.0028 4681.8463 241.15102822840106 4681.8463 5225.1866 35.600128870609666 5225.1866 5501.8324 172.10381935159762 5551.5888 5876.0008 212.14886247475732 5876.0008 6512.8832 581.1027120724509 7854.3169 8899.2021 2008hu "" "" ""
CMFGEN CMFGEN 54818.24000000022 -0.003794195696276148 3993.2171 4001.1782 495.8723418835559 3993.2171 4683.8365 120.51744937219814 4683.8365 5050.0439 45.50518363104479 5251.0599 5501.8324 176.76071466071414 5551.5888 5885.9521 310.6791965978564 5885.9521 6550.6981 649.3245189095187 7862.2779 8871.3385 2008hu "" "" ""
OBSERVED "" 54810.35000000009 48.31572532807931 3903.8454 4100.6344 125.67856677507245 4100.6344 4699.0883 166.9264081168036 4699.0883 5443.1121 -34.37561346475496 5294.8465 5513.2014 53.23627142915376 5564.4204 5855.5602 "" "" "" "" "" "" 2008hu 97.3845569234627 3798.7116 4089.8514
CMFGEN CMFGEN 54810.35000000009 0.0 3998.1963 4000.892 465.7769773806538 3998.1963 4693.6968 111.1213464195904 4693.6968 5052.2301 30.08854668243106 5235.5403 5502.4184 151.21429591404208 5550.9417 5936.4323 "" "" "" "" "" "" 2008hu 286.4256277854699 3502.1804 3998.1963
CMFGEN CMFGEN 54810.35000000009 -4.440892098500626e-16 3998.1963 4000.892 450.9616921678527 3998.1963 4688.3054 235.31209287131475 4688.3054 5230.1488 36.705991837159615 5230.1488 5502.4184 172.5151883567166 5550.9417 5874.4303 "" "" "" "" "" "" 2008hu 166.27900901303025 3682.7949 3998.1963
CMFGEN CMFGEN 54810.35000000009 0.15341081796543676 3998.1963 4035.9366 389.24109783274463 4035.9366 4682.9139 241.23567536017782 4682.9139 5224.7573 35.78324235978468 5224.7573 5502.4184 172.87573009736508 5550.9417 5874.4303 "" "" "" "" "" "" 2008hu 164.86469054660583 3685.4906 4035.9366
CMFGEN CMFGEN 54810.35000000009 -0.0037251788822736387 3992.8048 4000.892 496.2467192303571 3992.8048 4682.9139 119.7904929696476 4682.9139 5052.2301 46.46142581462209 5251.7147 5502.4184 177.58233743300337 5550.9417 5885.2133 "" "" "" "" "" "" 2008hu 304.98757694925894 3502.1804 3992.8048
OBSERVED "" 1.8599999998696148 30.18647054736863 3918.9272 4080.4681 126.6080345812091 3918.9272 4523.7208 131.3433710736769 4523.7208 5106.8443 87.80056801406681 5201.4049 5607.2273 23.208061697944913 5607.2273 5883.029 98.36699820344154 5883.029 6312.4916 160.89104083025472 7791.9705 8574.0652 2008hv "" "" ""
CMFGEN CMFGEN 1.8599999998696148 -3.489282808579972 3999.6976 4088.3482 43.78920266445141 4088.3482 4456.7404 123.58002033249159 4500.0807 5055.624 5.936229795203303 5150.1846 5500.8467 -1.6660520475048202 5687.9978 5800.2885 105.63908494261204 5800.2885 6314.4616 398.3907612302044 7500.4087 8406.6142 2008hv "" "" ""
CMFGEN CMFGEN 1.8599999998696148 70.72853697240939 3901.197 4149.4185 285.92001809026044 3901.197 4496.1406 219.53353821628048 4500.0807 5548.127 17.306512482153153 5258.5352 5565.8571 1.444396686669677 5565.8571 5843.6287 82.2659379374872 5843.6287 6349.9218 403.1695561537533 7526.0189 8520.8749 2008hv "" "" ""
CMFGEN CMFGEN 1.8599999998696148 68.81646575578557 3901.197 4149.4185 87.42507947653016 4149.4185 4470.5305 273.22363476857254 4500.0807 5293.9954 106.39399345499635 5293.9954 5699.8179 -3.337442884324915 5699.8179 5800.2885 65.59357955423604 5800.2885 6367.6519 397.7336934141143 7541.779 8566.1851 2008hv "" "" ""
CMFGEN CMFGEN 1.8599999998696148 9.723529611195133 3901.197 4027.2778 157.21259029178555 3901.197 4478.4105 170.46465650195637 4500.0807 5075.3241 11.182181978304698 5160.0346 5508.7267 10.965102209506028 5550.097 5800.2885 99.80178991651479 5800.2885 6330.2217 408.3554519991934 7500.4087 8467.6845 2008hv "" "" ""
OBSERVED "" 1.8300000000745058 26.138215190320636 3920.2105 4091.2522 108.78338192906733 3920.2105 4521.8054 125.94307712534993 4521.8054 5107.6723 85.07927821162707 5194.1762 5605.0694 25.974920603628874 5605.0694 5878.3429 101.17311006165517 5878.3429 6299.0662 172.46524038343455 7820.7474 8554.064 2008hv "" "" ""
CMFGEN CMFGEN 1.8300000000745058 -3.799387767825422 3998.8504 4089.2862 45.432895939098444 4089.2862 4456.9275 123.03473991623127 4500.1795 5056.5564 5.718723566808421 5150.9243 5500.8716 -1.523371270050788 5687.6413 5801.6691 104.47981875718204 5801.6691 6314.7941 399.2922281019651 7500.29 8410.5463 2008hv "" "" ""
CMFGEN CMFGEN 1.8300000000745058 70.63379517117616 3900.5506 4148.2661 287.3214260749827 3900.5506 4496.2475 221.66579585208297 4500.1795 5548.0555 21.924625143118305 5261.0201 5569.6815 0.2163186406191926 5569.6815 5842.955 80.06254356715976 5842.955 6350.1821 400.9186126696278 7531.7459 8524.5741 2008hv "" "" ""
CMFGEN CMFGEN 1.8300000000745058 68.09090739791307 3900.5506 4148.2661 87.05905100996915 4148.2661 4468.7235 284.7060085029879 4500.1795 5292.476 111.43014465711593 5292.476 5699.4373 -3.5103343577138872 5699.4373 5801.6691 64.44107556411507 5801.6691 6371.808 399.0101313021937 7541.5759 8565.86 2008hv "" "" ""
CMFGEN CMFGEN 1.8300000000745058 10.537884521558695 3900.5506 4028.3403 166.4734878878284 3900.5506 4478.5535 169.83612948498774 4500.1795 5074.2504 11.115237843080877 5158.7883 5512.6676 -0.6834415928360329 5699.4373 5801.6691 99.09255231072126 5801.6691 6330.5221 407.84835420786885 7500.29 8469.5262 2008hv "" "" ""
OBSERVED "" 3.7599999997764826 21.13325912083579 3936.1327 4083.3148 113.98463819738163 3936.1327 4524.8613 129.22188933045214 4524.8613 5125.6048 89.0492351122873 5188.6828 5585.1735 25.360635291865094 5585.1735 5846.497 101.2353459446457 5846.497 6285.0397 155.4005022610703 7546.601 8507.7906 2008hv "" "" ""
CMFGEN CMFGEN 3.7599999997764826 0.0 3999.2107 4002.2145 88.01318885583714 4002.2145 4452.7721 129.37764212226546 4500.8316 5059.523 26.72140401495085 5152.6382 5501.0695 -3.9862928321361153 5552.1327 5801.4412 135.69896589997984 5801.4412 6261.01 51.15724596938185 7714.8092 8294.5267 2008hv "" "" ""
CMFGEN CMFGEN 3.7599999997764826 -0.9258805591049111 3999.2107 4086.3185 61.69932592999987 4086.3185 4452.7721 153.53907074289918 4500.8316 5089.5602 25.518857305651466 5152.6382 5501.0695 34.532213635497044 5552.1327 5801.4412 138.3046722254869 5801.4412 6288.0434 290.78641043764594 7501.5453 8399.6568 2008hv "" "" ""
CMFGEN CMFGEN 3.7599999997764826 70.76665457003537 3900.0881 4146.3929 215.70292238151467 3900.0881 4506.839 161.660790624328 4506.839 5113.5899 25.788662939478627 5152.6382 5501.0695 21.389834218980923 5552.1327 5801.4412 112.80741318549087 5801.4412 6312.0732 427.9284179114676 7549.6047 8489.7683 2008hv "" "" ""
CMFGEN CMFGEN 3.7599999997764826 -0.06637729486984867 3999.2107 4020.2368 81.69221572981326 4020.2368 4452.7721 142.40541755221028 4500.8316 5083.5527 38.64743299616538 5152.6382 5519.0918 29.05746373861527 5552.1327 5807.4486 146.6227188654807 5807.4486 6273.0248 67.52633440161412 7669.7534 8381.6345 2008hv "" "" ""
OBSERVED "" 23.759999999776483 "" "" "" "" "" "" "" "" "" "" "" "" 54.06971191932678 5559.7566 5839.5361 212.18534901409913 5839.5361 6488.4691 405.4147168218474 7642.5596 8691.7328 2008hv "" "" ""
CMFGEN CMFGEN 23.759999999776483 "" "" "" "" "" "" "" "" "" "" "" "" 18.294983458331274 5621.9298 5851.1936 128.88838247568015 5851.1936 6255.3195 191.7201268252786 7891.2525 8547.9572 2008hv "" "" ""
CMFGEN CMFGEN 23.759999999776483 "" "" "" "" "" "" "" "" "" "" "" "" 22.38484623879353 5606.3865 5862.851 164.32050566451693 5862.851 6360.2368 277.21487531418825 7502.6699 8641.2171 2008hv "" "" ""
CMFGEN CMFGEN 23.759999999776483 "" "" "" "" "" "" "" "" "" "" "" "" 28.89472424315815 5598.6148 5874.5085 163.39046479182446 5874.5085 6364.1227 266.3042609490577 7832.9651 8645.1029 2008hv "" "" ""
CMFGEN CMFGEN 23.759999999776483 "" "" "" "" "" "" "" "" "" "" "" "" 18.350029191149275 5618.044 5855.0794 140.7391882234324 5855.0794 6282.5203 215.47293655602311 7875.7092 8614.0163 2008hv "" "" ""
OBSERVED "" 71.75999999977648 1.6139340192357423 3975.181 4008.2219 302.69204668020086 3975.181 4632.9951 279.1254918627516 4632.9951 5335.865 3.9940378319778347 5299.8204 5525.0992 103.94398139946739 5555.1364 5864.5193 195.4763944060437 5864.5193 6489.2925 474.3281537788903 7651.7311 8721.0545 2008hv "" "" ""
CMFGEN CMFGEN 71.75999999977648 -0.44182152413883813 3969.1736 4002.2145 310.2003375699554 3969.1736 4660.0286 229.34042752128778 4660.0286 5203.7014 19.17145895862558 5203.7014 5534.1103 138.4449048518905 5552.1327 5867.523 46.805964251443925 5867.523 6200.9356 420.54500009344247 7864.9951 8721.0545 2008hv "" "" ""
CMFGEN CMFGEN 71.75999999977648 -1.0092021003825522 3960.1624 4002.2145 299.98066631509005 3960.1624 4639.0025 282.9449688100283 4639.0025 5296.8167 10.592217607658256 5296.8167 5531.1066 118.83391195299137 5552.1327 5858.5118 65.22195036291555 5858.5118 6218.9579 512.2046667139732 7705.798 8706.036 2008hv "" "" ""
CMFGEN CMFGEN 71.75999999977648 -1.0756866961325215 3957.1587 4002.2145 310.8005694621621 3957.1587 4639.0025 303.7092385634081 4639.0025 5317.8427 5.423641095495697 5299.8204 5522.0955 103.68427343338115 5552.1327 5855.5081 164.76313402617512 5855.5081 6483.2851 520.8213915262118 7702.7943 8700.0285 2008hv "" "" ""
CMFGEN CMFGEN 71.75999999977648 -0.665847225539764 3963.1661 4002.2145 319.08546327837405 3963.1661 4642.0063 265.4207439253545 4642.0063 5239.746 4.565290651157341 5239.746 5501.0695 162.8054566449158 5552.1327 5882.5416 60.09010955682675 5882.5416 6200.9356 432.62404933549624 7861.9914 8808.1623 2008hv "" "" ""
OBSERVED "" 7.740000000223517 21.439770429205737 3942.1401 4095.3297 151.27643142522152 3942.1401 4602.9579 179.16096718306613 4602.9579 5200.6977 57.58709526021755 5200.6977 5549.1289 44.41934637811039 5558.1401 5867.523 110.75500258892191 5867.523 6300.0583 259.551791857067 7877.0099 8657.9765 2008hv "" "" ""
CMFGEN CMFGEN 7.740000000223517 -0.31407190927151873 3999.2107 4035.2553 86.82628574559271 4035.2553 4500.8316 122.64508604548251 4500.8316 5086.5564 37.7614753452342 5152.6382 5555.1364 2.576803291167181 5555.1364 5801.4412 170.03617016080625 5801.4412 6300.0583 35.093829389577195 7522.5713 8354.601 2008hv "" "" ""
CMFGEN CMFGEN 7.740000000223517 -0.6890261814300018 3999.2107 4047.2702 105.87779777916751 4047.2702 4461.7832 128.34605963789352 4500.8316 5050.5118 62.32207179415229 5152.6382 5564.1475 22.110708999568203 5564.1475 5816.4598 169.94124689198156 5816.4598 6309.0694 63.65568654118874 7723.8204 8393.6493 2008hv "" "" ""
CMFGEN CMFGEN 7.740000000223517 -0.8207741769302146 3999.2107 4053.2777 99.03289761389021 4053.2777 4464.7869 150.3113693116739 4500.8316 5050.5118 62.58504579738178 5152.6382 5558.1401 39.095881835163055 5558.1401 5840.4895 155.86538115499604 5840.4895 6315.0769 77.76331161587564 7762.8687 8426.6902 2008hv "" "" ""
CMFGEN CMFGEN 7.740000000223517 15.584156646441187 3900.0881 4041.2628 69.68668930403851 4041.2628 4455.7758 119.46016210398898 4500.8316 5116.5936 64.10401708326413 5152.6382 5576.1624 13.27269084809899 5576.1624 5831.4784 149.82975641761834 5831.4784 6303.062 62.80665103090769 7681.7683 8417.6791 2008hv "" "" ""
OBSERVED "" 10.790000000037253 16.124452802454243 3939.1364 4053.2777 201.78825769866285 3939.1364 4587.9394 226.0143094111512 4587.9394 5230.7349 24.36848678323173 5230.7349 5510.0806 65.78608899162296 5552.1327 5846.497 135.16914436013667 5846.497 6393.1735 281.76241361465145 7624.6977 8697.0248 2008hv "" "" ""
CMFGEN CMFGEN 10.790000000037253 4.41316057796638 3921.1141 4041.2628 80.28440602286867 4041.2628 4521.8576 124.38431643767746 4521.8576 5107.5825 60.50903613947378 5152.6382 5573.1587 2.0391335728474473 5573.1587 5801.4412 162.3299094331831 5801.4412 6300.0583 54.22732527048663 7501.5453 8405.6642 2008hv "" "" ""
CMFGEN CMFGEN 10.790000000037253 20.353160720482634 3900.0881 4068.2962 94.408381546589 4068.2962 4476.8018 131.83189642168793 4500.8316 5062.5267 88.11975419195926 5152.6382 5591.181 19.85200914704032 5591.181 5837.4858 166.36471007967805 5837.4858 6324.088 94.3142030959716 7723.8204 8456.7274 2008hv "" "" ""
CMFGEN CMFGEN 10.790000000037253 19.78361810174337 3900.0881 4071.3 109.82486681055639 4071.3 4479.8055 152.89668515488813 4500.8316 5065.5304 87.5896649026372 5152.6382 5588.1773 35.72575060717972 5588.1773 5858.5118 160.9460969381899 5858.5118 6327.0918 125.14111864589495 7741.8427 8462.7348 2008hv "" "" ""
CMFGEN CMFGEN 10.790000000037253 16.962151881157865 3900.0881 4059.2851 72.76233518123206 4059.2851 4524.8613 127.35386062418092 4524.8613 5125.6048 82.41062646636396 5152.6382 5594.1847 7.296615529210953 5594.1847 5801.4412 140.40450887498582 5801.4412 6315.0769 87.95621900316542 7699.7906 8459.7311 2008hv "" "" ""
OBSERVED "" 11.779999999795109 17.71135454645936 3936.1327 4056.2814 237.18493301844603 3936.1327 4611.9691 232.0548490588825 4611.9691 5239.746 13.324743819048592 5239.746 5504.0732 69.22880454862491 5552.1327 5882.5416 161.85245992096458 5882.5416 6474.2739 362.11984517322253 7789.9021 8712.0434 2008hv "" "" ""
CMFGEN CMFGEN 11.779999999795109 3.4262665598896405 3927.1215 4044.2665 76.73272695221038 4044.2665 4527.865 124.72954920579343 4527.865 5113.5899 67.14681423910872 5152.6382 5579.1661 3.2438399219317944 5579.1661 5801.4412 160.8782745531148 5801.4412 6300.0583 57.86666531469689 7501.5453 8420.6828 2008hv "" "" ""
CMFGEN CMFGEN 11.779999999795109 21.878701457507987 3900.0881 4074.3037 90.89640950009539 4074.3037 4485.813 135.40280318265974 4500.8316 5071.5379 92.4106782915776 5152.6382 5594.1847 19.375736851283193 5594.1847 5846.497 163.84705180148705 5846.497 6324.088 104.83499021178989 7726.8241 8471.746 2008hv "" "" ""
