results/equivalent_width/fixed_True.ecsv
# %ECSV 0.9
# ---
# datatype:
# - name: model
#   datatype: string
# - name: version
#   datatype: string
# - name: time
#   datatype: float64
# - name: pW2
#   datatype: float64
# - name: pW2_start
#   datatype: float64
# - name: pW2_end
#   datatype: float64
# - name: pW3
#   datatype: float64
# - name: pW3_start
#   datatype: float64
# - name: pW3_end
#   datatype: float64
# - name: pW4
#   datatype: float64
# - name: pW4_start
#   datatype: float64
# - name: pW4_end
#   datatype: float64
# - name: pW5
#   datatype: float64
# - name: pW5_start
#   datatype: float64
# - name: pW5_end
#   datatype: float64
# - name: pW6
#   datatype: float64
# - name: pW6_start
#   datatype: float64
# - name: pW6_end
#   datatype: float64
# - name: pW7
#   datatype: float64
# - name: pW7_start
#   datatype: float64
# - name: pW7_end
#   datatype: float64
# - name: pW8
#   datatype: float64
# - name: pW8_start
#   datatype: float64
# - name: pW8_end
#   datatype: float64
# - name: pW1
#   datatype: float64
# - name: pW1_start
#   datatype: float64
# - name: pW1_end
#   datatype: float64
# - name: obj_id
#   datatype: string
# schema: astropy-2.0
model version time pW2 pW2_start pW2_end pW3 pW3_start pW3_end pW4 pW4_start pW4_end pW5 pW5_start pW5_end pW6 pW6_start pW6_end pW7 pW7_start pW7_end pW8 pW8_start pW8_end pW1 pW1_start pW1_end obj_id
[from data line 671]
CMFGEN 1.04 2400003.8200000003 -32.7460327246404 3931.8336 4073.7962 345.03251703924445 3931.8336 4561.7927 -262.0736081852423 4561.7927 5236.1152 122.68903252535165 5236.1152 5591.0217 90.93849087731985 5591.0217 5948.8859 103.2436787416282 5948.8859 6362.9435 272.32372407844076 7850.5935 8598.8548 "" "" "" 2006gj
CMFGEN 1.02 2400003.8200000003 -33.45551568164704 3931.8336 4073.7962 294.0390190447025 3931.8336 4561.7927 -206.49509853993038 4561.7927 5236.1152 113.12355310975056 5236.1152 5591.0217 86.88854094226517 5591.0217 5948.8859 83.84290631719318 5948.8859 6362.9435 392.6271541322302 7850.5935 8598.8548 "" "" "" 2006gj
CMFGEN 1.4 2400003.8200000003 -25.390703149585917 3931.8336 4073.7962 219.89912910241316 3931.8336 4561.7927 -149.2347618914191 4561.7927 5236.1152 94.31297058572787 5236.1152 5591.0217 86.51286788721735 5591.0217 5948.8859 72.95077069003148 5948.8859 6362.9435 386.6788947451489 7850.5935 8598.8548 "" "" "" 2006gj
CMFGEN 1.7 2400003.8200000003 -41.33233568850257 3931.8336 4073.7962 360.7734658572516 3931.8336 4561.7927 -340.47174385058884 4561.7927 5236.1152 128.77265566946664 5236.1152 5591.0217 70.6851954670815 5591.0217 5948.8859 85.63352002554093 5948.8859 6362.9435 365.50602336599786 7850.5935 8598.8548 "" "" "" 2006gj
OBSERVED "" 2400005.7800000003 27.154179389703753 3949.5789 4091.5415 209.47877150791993 3949.5789 4570.6654 199.9307035563558 4570.6654 5242.0303 79.17930388272927 5242.0303 5632.4275 45.67274022900323 5632.4275 5922.2679 130.36206831277428 5922.2679 6389.5615 299.73315959862043 7856.5086 8643.2182 "" "" "" 2006gj
CMFGEN 1.04 2400005.7800000003 -27.986728283928464 3949.5789 4091.5415 374.55687502658174 3949.5789 4570.6654 -178.69323481209494 4570.6654 5242.0303 178.11912904696612 5242.0303 5632.4275 60.3784103080683 5632.4275 5922.2679 129.50842251875287 5922.2679 6389.5615 326.20060906012645 7856.5086 8643.2182 "" "" "" 2006gj
CMFGEN 1.02 2400005.7800000003 -26.63567864564225 3949.5789 4091.5415 337.7470711309294 3949.5789 4570.6654 -121.98616998329678 4570.6654 5242.0303 168.29338949711382 5242.0303 5632.4275 63.56717170702058 5632.4275 5922.2679 111.3042334590638 5922.2679 6389.5615 420.97307653570545 7856.5086 8643.2182 "" "" "" 2006gj
CMFGEN 1.4 2400005.7800000003 -20.20998300910154 3949.5789 4091.5415 277.7858693283799 3949.5789 4570.6654 -76.56545158519607 4570.6654 5242.0303 146.7517219944982 5242.0303 5632.4275 63.75059532668879 5632.4275 5922.2679 107.07897410557587 5922.2679 6389.5615 413.690630859881 7856.5086 8643.2182 "" "" "" 2006gj
CMFGEN 1.7 2400005.7800000003 -33.975581733323885 3949.5789 4091.5415 396.05636672041874 3949.5789 4570.6654 -228.6560490517366 4570.6654 5242.0303 187.21504559055577 5242.0303 5632.4275 77.67532208690936 5632.4275 5922.2679 148.00392970939743 5922.2679 6389.5615 398.0594132212314 7856.5086 8643.2182 "" "" "" 2006gj
OBSERVED "" 2400006.7800000003 23.573809475724627 3952.5365 4082.6689 225.87320182694046 3952.5365 4626.8589 204.9091071005875 4626.8589 5250.903 57.93088088968759 5250.903 5582.1491 48.07618047680175 5582.1491 5910.4376 130.8035188744 5910.4376 6386.6039 255.38170624485892 7874.2539 8660.9635 "" "" "" 2006gj
CMFGEN 1.04 2400006.7800000003 -21.956060686011565 3952.5365 4082.6689 462.8485927680491 3952.5365 4626.8589 141.1975197182246 4626.8589 5250.903 119.77362993145168 5250.903 5582.1491 123.36069816322104 5582.1491 5910.4376 121.18384047934464 5910.4376 6386.6039 343.2146409478019 7874.2539 8660.9635 "" "" "" 2006gj
CMFGEN 1.02 2400006.7800000003 -20.2378872847757 3952.5365 4082.6689 452.71609821946697 3952.5365 4626.8589 176.86095542630719 4626.8589 5250.903 110.80595215898279 5250.903 5582.1491 126.54394985109897 5582.1491 5910.4376 106.76743428126905 5910.4376 6386.6039 420.8109444844899 7874.2539 8660.9635 "" "" "" 2006gj
CMFGEN 1.4 2400006.7800000003 -14.008136597289802 3952.5365 4082.6689 415.1346641953023 3952.5365 4626.8589 192.49079595463377 4626.8589 5250.903 91.57924012941353 5250.903 5582.1491 127.95312203394934 5582.1491 5910.4376 103.57822110937553 5910.4376 6386.6039 414.19943757896306 7874.2539 8660.9635 "" "" "" 2006gj
CMFGEN 1.7 2400006.7800000003 -26.03080340340785 3952.5365 4082.6689 484.18215470584335 3952.5365 4626.8589 145.04256297146526 4626.8589 5250.903 136.18352172710735 5250.903 5582.1491 137.86960328565917 5582.1491 5910.4376 144.65242350278174 5910.4376 6386.6039 417.86904517361324 7874.2539 8660.9635 "" "" "" 2006gj
OBSERVED "" 2400013.77 49.13136783371246 3918.7784 4009.1982 455.9142412666256 3918.7784 4609.8435 368.56775987696045 4609.8435 5462.3723 18.832194720850634 5278.3036 5504.3529 108.46997733422091 5565.7092 5914.471 200.78460084273678 5914.471 6476.365 513.7186183266656 7642.1336 8672.2726 "" "" "" 2006gj
CMFGEN 1.04 2400013.77 -7.5924917690849325 3918.7784 4009.1982 445.80447666768447 3918.7784 4609.8435 -128.8465650929995 4609.8435 5462.3723 54.49178530471439 5278.3036 5504.3529 141.50388638699863 5565.7092 5914.471 240.9274514387145 5914.471 6476.365 -171.7563076028265 7642.1336 8672.2726 "" "" "" 2006gj
CMFGEN 1.02 2400013.77 -11.619584279803615 3918.7784 4009.1982 433.5167053014421 3918.7784 4609.8435 -101.43370679142113 4609.8435 5462.3723 57.44260379126631 5278.3036 5504.3529 145.66465889601864 5565.7092 5914.471 203.9009290978674 5914.471 6476.365 250.29647689044242 7642.1336 8672.2726 "" "" "" 2006gj
CMFGEN 1.4 2400013.77 -12.800761187696171 3918.7784 4009.1982 384.77870767057607 3918.7784 4609.8435 -69.85376844034043 4609.8435 5462.3723 51.5184643272251 5278.3036 5504.3529 147.9925626219817 5565.7092 5914.471 188.4644830138418 5914.471 6476.365 286.4654913095093 7642.1336 8672.2726 "" "" "" 2006gj
CMFGEN 1.7 2400013.77 -10.5111700279934 3918.7784 4009.1982 456.44477009392654 3918.7784 4609.8435 -207.21453922469752 4609.8435 5462.3723 61.98084723712127 5278.3036 5504.3529 152.61123541790965 5565.7092 5914.471 267.847809105443 5914.471 6476.365 137.4435513713164 7642.1336 8672.2726 "" "" "" 2006gj
OBSERVED "" 2400015.7100000004 49.67409015025064 3948.6459 4044.7115 443.22714197120473 3948.6459 4629.8382 437.50945673718564 4629.8382 5511.8949 42.32322869895121 5284.8308 5511.8949 104.94760865366113 5552.65 5904.8904 208.8439719862178 5904.8904 6463.8175 "" "" "" "" "" "" 2006gt
CMFGEN 1.04 2400015.7100000004 -10.410389613357486 3948.6459 4044.7115 464.15178742775583 3948.6459 4629.8382 90.48654552206929 4629.8382 5511.8949 64.08894427389325 5284.8308 5511.8949 157.70850719920165 5552.65 5904.8904 220.43857854894347 5904.8904 6463.8175 "" "" "" "" "" "" 2006gt
CMFGEN 1.02 2400015.7100000004 -10.124626291924404 3948.6459 4044.7115 454.0920398150165 3948.6459 4629.8382 109.84138656612842 4629.8382 5511.8949 64.08045121714872 5284.8308 5511.8949 162.83091465750843 5552.65 5904.8904 184.771891831621 5904.8904 6463.8175 "" "" "" "" "" "" 2006gt
CMFGEN 1.4 2400015.7100000004 -6.450408453640172 3948.6459 4044.7115 415.6915750250243 3948.6459 4629.8382 122.02479644519055 4629.8382 5511.8949 56.52020420680378 5284.8308 5511.8949 165.1179041664764 5552.65 5904.8904 172.14217731050746 5904.8904 6463.8175 "" "" "" "" "" "" 2006gt
CMFGEN 1.7 2400015.7100000004 -11.40639174309305 3948.6459 4044.7115 486.18300639864725 3948.6459 4629.8382 89.28675430369506 4629.8382 5511.8949 73.23358536977963 5284.8308 5511.8949 169.09791483548622 5552.65 5904.8904 253.3589022224229 5904.8904 6463.8175 "" "" "" "" "" "" 2006gt
OBSERVED "" 2400018.68 6.845889366787245 3977.7567 4024.3339 299.6353262308845 3977.7567 4583.2609 391.10186454329704 4583.2609 5474.0509 23.818763624923456 5299.3862 5535.1835 62.294708885730245 5555.5611 5881.6018 203.33204207052103 5881.6018 6501.6615 "" "" "" "" "" "" 2006gt
CMFGEN 1.04 2400018.68 -0.9830863552335811 3977.7567 4024.3339 398.9424266749221 3977.7567 4583.2609 -528.3597300184553 4583.2609 5474.0509 85.43368313417092 5299.3862 5535.1835 161.51899986934976 5555.5611 5881.6018 263.27231743888393 5881.6018 6501.6615 "" "" "" "" "" "" 2006gt
CMFGEN 1.02 2400018.68 -0.4879114835082996 3977.7567 4024.3339 370.3770352648142 3977.7567 4583.2609 -479.03108298615246 4583.2609 5474.0509 76.67235462664979 5299.3862 5535.1835 166.4162579693699 5555.5611 5881.6018 226.37327835549655 5881.6018 6501.6615 "" "" "" "" "" "" 2006gt
CMFGEN 1.4 2400018.68 0.8803793896054464 3977.7567 4024.3339 317.76689052216136 3977.7567 4583.2609 -413.11277564295375 4583.2609 5474.0509 64.610598769477 5299.3862 5535.1835 167.32202456729104 5555.5611 5881.6018 210.5252938298073 5881.6018 6501.6615 "" "" "" "" "" "" 2006gt
CMFGEN 1.7 2400018.68 -1.098318225731639 3977.7567 4024.3339 422.0206429343364 3977.7567 4583.2609 -650.7003422420654 4583.2609 5474.0509 100.88103862408471 5299.3862 5535.1835 173.67986102705123 5555.5611 5881.6018 285.8796505777307 5881.6018 6501.6615 "" "" "" "" "" "" 2006gt
OBSERVED "" 2400000.74 28.7665816751492 3916.624 4070.9112 203.6802975181319 3916.624 4559.9723 139.31288152510416 4559.9723 5145.099 81.84964131872103 5249.8978 5578.8497 61.955702699238756 5578.8497 5919.4458 131.59486995837298 5919.4458 6388.1294 "" "" "" "" "" "" 2006gt
CMFGEN 1.04 2400000.74 -44.82955061499752 3916.624 4070.9112 324.963337914656 3916.624 4559.9723 -463.46447622524613 4559.9723 5145.099 116.48994548061077 5249.8978 5578.8497 123.68067896561028 5578.8497 5919.4458 127.22838340086767 5919.4458 6388.1294 "" "" "" "" "" "" 2006gt
CMFGEN 1.02 2400000.74 -47.100654182759726 3916.624 4070.9112 266.9541081723899 3916.624 4559.9723 -445.33663148809217 4559.9723 5145.099 108.0631678804764 5249.8978 5578.8497 126.63648039685918 5578.8497 5919.4458 110.12070873778714 5919.4458 6388.1294 "" "" "" "" "" "" 2006gt
CMFGEN 1.4 2400000.74 -35.99092934028669 3916.624 4070.9112 183.6392785951852 3916.624 4559.9723 -349.34980501148965 4559.9723 5145.099 89.79229739229362 5249.8978 5578.8497 128.45628909176966 5578.8497 5919.4458 106.02034427848503 5919.4458 6388.1294 "" "" "" "" "" "" 2006gt
CMFGEN 1.7 2400000.74 -57.834483005519054 3916.624 4070.9112 333.69802384856234 3916.624 4559.9723 -600.552013578791 4559.9723 5145.099 132.27846695683013 5249.8978 5578.8497 134.42233230251637 5578.8497 5919.4458 148.1373038408628 5919.4458 6388.1294 "" "" "" "" "" "" 2006gt
OBSERVED "" 2400002.5900000003 23.200452238873698 3919.5351 4062.178 218.0975975505849 3919.5351 4559.9723 138.22248490884687 4559.9723 5136.3658 89.43400798672424 5246.9868 5593.4051 66.67122826630212 5593.4051 5907.8015 133.0491336325779 5907.8015 6391.0405 "" "" "" "" "" "" 2006gt
CMFGEN 1.04 2400002.5900000003 -35.33390896470574 3919.5351 4062.178 328.0379711541693 3919.5351 4559.9723 -466.2705975857215 4559.9723 5136.3658 132.16067408952608 5246.9868 5593.4051 110.16780982581483 5593.4051 5907.8015 127.25444402753318 5907.8015 6391.0405 "" "" "" "" "" "" 2006gt
CMFGEN 1.02 2400002.5900000003 -37.315746456907064 3919.5351 4062.178 270.3194322044107 3919.5351 4559.9723 -473.7292123602563 4559.9723 5136.3658 122.17145167582147 5246.9868 5593.4051 112.60065426766042 5593.4051 5907.8015 111.47974936315453 5907.8015 6391.0405 "" "" "" "" "" "" 2006gt
CMFGEN 1.4 2400002.5900000003 -28.646324525923394 3919.5351 4062.178 187.87228319903963 3919.5351 4559.9723 -383.54506522921855 4559.9723 5136.3658 101.37155582688234 5246.9868 5593.4051 113.24836725092435 5593.4051 5907.8015 108.92494284307429 5907.8015 6391.0405 "" "" "" "" "" "" 2006gt
CMFGEN 1.7 2400002.5900000003 -43.60006525909399 3919.5351 4062.178 339.1040484698995 3919.5351 4559.9723 -597.0946225834371 4559.9723 5136.3658 147.14684914115657 5246.9868 5593.4051 127.76138240468592 5593.4051 5907.8015 151.2615967956686 5907.8015 6391.0405 "" "" "" "" "" "" 2006gt
OBSERVED "" 2400003.58 24.490668437244896 3948.6459 4073.8223 219.89668169857853 3948.6459 4571.6166 166.9369928854984 4571.6166 5252.8089 80.08953506953047 5252.8089 5596.3161 59.62083512728358 5596.3161 5913.6237 126.25322380875907 5913.6237 6335.73 "" "" "" "" "" "" 2006gt
CMFGEN 1.04 2400003.58 -20.637512922237796 3948.6459 4073.8223 375.3220176289509 3948.6459 4571.6166 -171.38889730815595 4571.6166 5252.8089 138.33587617237131 5252.8089 5596.3161 103.98504694797393 5596.3161 5913.6237 63.46283675922681 5913.6237 6335.73 "" "" "" "" "" "" 2006gt
CMFGEN 1.02 2400003.58 -19.45852425199294 3948.6459 4073.8223 338.70590989285085 3948.6459 4571.6166 -116.36525881715738 4571.6166 5252.8089 128.03250920325596 5252.8089 5596.3161 105.9669417826279 5596.3161 5913.6237 65.95010493821196 5913.6237 6335.73 "" "" "" "" "" "" 2006gt
CMFGEN 1.4 2400003.58 -13.189406045898156 3948.6459 4073.8223 278.4382154905877 3948.6459 4571.6166 -74.69027663717426 4571.6166 5252.8089 106.09766208891939 5252.8089 5596.3161 106.50399031623249 5596.3161 5913.6237 60.63453914900161 5913.6237 6335.73 "" "" "" "" "" "" 2006gt
CMFGEN 1.7 2400003.58 -24.615758211111032 3948.6459 4073.8223 396.76803668059665 3948.6459 4571.6166 -211.28889824838478 4571.6166 5252.8089 154.59340951582868 5252.8089 5596.3161 122.27425771655786 5596.3161 5913.6237 89.83078886900898 5913.6237 6335.73 "" "" "" "" "" "" 2006gt
OBSERVED "" 2399994.92 14.671283158381645 3951.7302 4039.0021 100.12012892861318 4039.0021 4507.3612 88.52522626137649 4507.3612 5089.1738 62.477760453751685 5158.9913 5615.7141 29.53887257672251 5615.7141 5961.8926 63.23093774025792 5961.8926 6389.5248 "" "" "" "" "" "" 2006hx
CMFGEN 1.04 2399994.92 -7.737588190368383 3951.7302 4039.0021 212.0789205911148 4039.0021 4507.3612 -1036.078182080823 4507.3612 5089.1738 -44.69011679853635 5158.9913 5615.7141 28.719151135784944 5615.7141 5961.8926 123.23947655157927 5961.8926 6389.5248 "" "" "" "" "" "" 2006hx
CMFGEN 1.02 2399994.92 -7.526205814257801 3951.7302 4039.0021 100.77123047345411 4039.0021 4507.3612 -1126.9785953660314 4507.3612 5089.1738 -80.62011769583309 5158.9913 5615.7141 21.80793451631799 5615.7141 5961.8926 93.32452147838568 5961.8926 6389.5248 "" "" "" "" "" "" 2006hx
CMFGEN 1.4 2399994.92 -4.3260731451003025 3951.7302 4039.0021 45.989166610002854 4039.0021 4507.3612 -1051.7508966285657 4507.3612 5089.1738 -81.92233971615732 5158.9913 5615.7141 20.479630573784057 5615.7141 5961.8926 83.44872815387946 5961.8926 6389.5248 "" "" "" "" "" "" 2006hx
CMFGEN 1.7 2399994.92 -8.282972965494638 3951.7302 4039.0021 247.65695919229745 4039.0021 4507.3612 -1178.0764787715948 4507.3612 5089.1738 -78.36237766186417 5158.9913 5615.7141 2.5200303705497005 5615.7141 5961.8926 101.93537388169118 5961.8926 6389.5248 "" "" "" "" "" "" 2006hx
OBSERVED "" 2399989.8 34.552527558320946 3905.3476 4067.3404 125.1437346134355 4067.3404 4572.3766 115.8801576217685 4572.3766 5309.2849 43.02095993992603 5191.7608 5684.0918 11.4331549311916 5684.0918 5823.8502 142.0740275188669 5823.8502 6563.9349 83.441362354522 7520.0098 8269.6235 "" "" "" 2006hx
CMFGEN 1.04 2399989.8 -53.98292144145536 3905.3476 4067.3404 334.49459971618126 4067.3404 4572.3766 -210.7968392978829 4572.3766 5309.2849 153.92571407940056 5191.7608 5684.0918 43.21383260018344 5684.0918 5823.8502 193.00893175402393 5823.8502 6563.9349 -582.0757631159415 7520.0098 8269.6235 "" "" "" 2006hx
CMFGEN 1.02 2399989.8 -55.43356736611719 3905.3476 4067.3404 294.7583899248876 4067.3404 4572.3766 -179.73669657542263 4572.3766 5309.2849 150.81448399287225 5191.7608 5684.0918 46.689775125380834 5684.0918 5823.8502 126.288746901463 5823.8502 6563.9349 -1123.7895614798726 7520.0098 8269.6235 "" "" "" 2006hx
CMFGEN 1.4 2399989.8 -39.984682801218156 3905.3476 4067.3404 253.98611961461842 4067.3404 4572.3766 -140.235195779754 4572.3766 5309.2849 140.12773487036333 5191.7608 5684.0918 45.14545191401992 5684.0918 5823.8502 82.6623363642049 5823.8502 6563.9349 -976.4392185657509 7520.0098 8269.6235 "" "" "" 2006hx
CMFGEN 1.7 2399989.8 -73.73199616174072 3905.3476 4067.3404 359.56272126176975 4067.3404 4572.3766 -244.39995819267384 4572.3766 5309.2849 132.89660414039025 5191.7608 5684.0918 46.368937977666874 5684.0918 5823.8502 202.5453865513494 5823.8502 6563.9349 -537.6015353164573 7520.0098 8269.6235 "" "" "" 2006hx
