results/equivalent_width/fixed_False.ecsv
# %ECSV 0.9
# ---
# datatype:
# - name: model
#   datatype: string
# - name: version
#   datatype: string
# - name: time
#   datatype: float64
# - name: pW2
#   datatype: float64
# - name: pW2_start
#   datatype: float64
# - name: pW2_end
#   datatype: float64
# - name: pW3
#   datatype: float64
# - name: pW3_start
#   datatype: float64
# - name: pW3_end
#   datatype: float64
# - name: pW4
#   datatype: float64
# - name: pW4_start
#   datatype: float64
# - name: pW4_end
#   datatype: float64
# - name: pW5
#   datatype: float64
# - name: pW5_start
#   datatype: float64
# - name: pW5_end
#   datatype: float64
# - name: pW6
#   datatype: float64
# - name: pW6_start
#   datatype: float64
# - name: pW6_end
#   datatype: float64
# - name: pW7
#   datatype: float64
# - name: pW7_start
#   datatype: float64
# - name: pW7_end
#   datatype: float64
# - name: pW8
#   datatype: float64
# - name: pW8_start
#   datatype: float64
# - name: pW8_end
#   datatype: float64
# - name: obj_id
#   datatype: string
# - name: pW1
#   datatype: float64
# - name: pW1_start
#   datatype: float64
# - name: pW1_end
#   datatype: float64
# schema: astropy-2.0
model version time pW2 pW2_start pW2_end pW3 pW3_start pW3_end pW4 pW4_start pW4_end pW5 pW5_start pW5_end pW6 pW6_start pW6_end pW7 pW7_start pW7_end pW8 pW8_start pW8_end obj_id pW1 pW1_start pW1_end
[from data line 593]
CMFGEN 1.4 53727.12000000011 0.18533480153591597 3997.4762 4035.7882 386.9502010776154 4035.7882 4681.1982 242.76269263688027 4681.1982 5226.4076 36.40460347388898 5226.4076 5500.4858 172.99516216329738 5550.5861 5874.7647 212.4469082706977 5874.7647 6511.3334 580.0098938608094 7855.2008 8898.4663 2005lu "" "" ""
CMFGEN 1.7 53727.12000000011 -0.005648843172640028 3991.5821 4000.4233 494.8566695106293 3991.5821 4684.1453 120.91444598752224 4684.1453 5052.53 44.33058102304136 5249.9842 5500.4858 177.04058520923584 5550.5861 5886.553 311.64934892018323 5886.553 6552.5925 648.784318947801 7861.095 8871.9426 2005lu "" "" ""
OBSERVED "" 11.339999999945576 18.289212671984828 3941.3037 4064.1951 214.92079664755363 3941.3037 4584.4355 "" "" "" "" "" "" "" "" "" "" "" "" "" "" "" 2005na 93.21617820627773 3668.8944 3941.3037
CMFGEN 1.04 11.339999999945576 -4.007150861677616 3998.653 4148.1709 -65.15902935951999 4148.1709 4451.3031 "" "" "" "" "" "" "" "" "" "" "" "" "" "" "" 2005na 128.07622127319468 3771.3039 4099.0144
CMFGEN 1.02 11.339999999945576 7.215464591454065 3998.653 4148.1709 -80.35159779281298 4148.1709 4451.3031 "" "" "" "" "" "" "" "" "" "" "" "" "" "" "" 2005na 146.2873541938024 3756.9666 4099.0144
CMFGEN 1.4 11.339999999945576 17.5032383072201 3998.653 4148.1709 -98.09121765345623 4148.1709 4451.3031 "" "" "" "" "" "" "" "" "" "" "" "" "" "" "" 2005na 144.94773304492003 3761.0629 4099.0144
CMFGEN 1.7 11.339999999945576 11.531015772731791 3998.653 4148.1709 115.58074208845446 4148.1709 4471.785 "" "" "" "" "" "" "" "" "" "" "" "" "" "" "" 2005na 83.1964617122756 3799.9785 4099.0144
OBSERVED "" 62.29999999990832 21.64426902808372 3954.4329 4016.6645 226.81728839484452 4016.6645 4612.3096 211.96932188672554 4612.3096 5498.3688 21.41598435292653 5293.8936 5516.1492 53.64722180983202 5557.637 5830.2706 247.08169904154994 5830.2706 6565.1959 307.7313100209924 7516.45 8692.9232 2005na "" "" ""
CMFGEN 1.04 62.29999999990832 -1.1062267594922304 3957.3963 4001.8475 214.98885481524178 3957.3963 4621.1999 236.31053651036632 4621.1999 5216.845 5.117045318835437 5216.845 5530.9663 107.46258796713704 5551.7102 5856.9412 39.01492034843534 5856.9412 6200.6966 330.7135210078286 7839.4616 8710.7037 2005na "" "" ""
CMFGEN 1.02 62.29999999990832 -2.426706023748274 3945.5427 4001.8475 270.1049824795051 3945.5427 4627.1267 283.87549718064747 4627.1267 5308.7107 -4.527220980122706 5299.8204 5501.3322 74.50615185253812 5551.7102 5848.051 184.84284590622303 5848.051 6449.623 476.7448481923383 7697.218 8695.8867 2005na "" "" ""
CMFGEN 1.4 62.29999999990832 -3.3319191165001456 3933.6891 4001.8475 289.75555343656026 3933.6891 4627.1267 300.53405049262653 4627.1267 5308.7107 0.6896754342261033 5299.8204 5501.3322 64.31254456698645 5551.7102 5856.9412 194.71448599493124 5856.9412 6449.623 469.0887000652092 7685.3643 8686.9964 2005na "" "" ""
CMFGEN 1.7 62.29999999990832 -2.2057077902017426 3945.5427 4001.8475 225.46187801750352 3945.5427 4618.2365 270.63119648245174 4618.2365 5237.5889 -1.2834550441424994 5237.5889 5501.3322 129.86601576090968 5551.7102 5877.6851 85.61537414439232 5877.6851 6221.4405 293.84663007406016 7875.0225 8767.0085 2005na "" "" ""
OBSERVED "" 69.25000000009459 "" "" "" "" "" "" "" "" "" 43.89037462057121 5279.7124 5501.5297 120.5489883875446 5550.6708 5823.6768 244.8320974211498 5823.6768 6439.3053 529.6789991768162 7650.7695 8690.2398 2005na "" "" ""
CMFGEN 1.04 69.25000000009459 "" "" "" "" "" "" "" "" "" 5.0448778561460585 5214.8734 5534.973 119.50751447627539 5550.6708 5857.8026 38.39336667329849 5857.8026 6200.4251 363.56333516006845 7844.6037 8713.4453 2005na "" "" ""
CMFGEN 1.02 69.25000000009459 "" "" "" "" "" "" "" "" "" -2.3416764274472825 5299.5053 5506.9899 88.05078484204893 5550.6708 5848.2474 175.79035045011148 5848.2474 6464.5584 493.93876932060914 7702.6406 8701.16 2005na "" "" ""
CMFGEN 1.4 69.25000000009459 "" "" "" "" "" "" "" "" "" 5.941060503266414 5299.5053 5506.3073 66.44010713302163 5550.6708 5842.1047 196.7410527882505 5842.1047 6466.6059 485.3060591862196 7698.5455 8694.3349 2005na "" "" ""
CMFGEN 1.7 69.25000000009459 "" "" "" "" "" "" "" "" "" -2.9781070501622366 5248.3167 5500.1647 145.843940845263 5550.6708 5882.3731 62.54168566565511 5882.3731 6200.4251 330.06799713681903 7871.9043 8774.8717 2005na "" "" ""
OBSERVED "" 69.23999999985244 70.1136997279375 3923.2992 4052.7259 500.1235604444143 3923.2992 4686.9168 405.2173150280543 4686.9168 5505.5407 82.47619735115376 5236.9803 5505.5407 113.76703173631387 5557.3114 5845.2858 335.72806228344524 5845.2858 6566.8397 420.89652043376043 7819.0431 8712.0874 2005na "" "" ""
CMFGEN 1.04 69.23999999985244 -0.7417763788618217 3962.1272 4000.9553 245.6070276402088 3962.1272 4638.3818 232.2508753377332 4638.3818 5214.3306 4.705377389465696 5214.3306 5534.6617 119.25844497881923 5550.8401 5858.2285 38.73806202744208 5858.2285 6201.2093 363.5857899133349 7844.9285 8712.0874 2005na "" "" ""
CMFGEN 1.02 69.23999999985244 -2.1503076599378517 3949.1846 4000.9553 275.5674090350073 3949.1846 4631.9105 285.0312688889361 4631.9105 5311.4007 -2.896616305722233 5298.458 5505.5407 87.90701184687191 5550.8401 5848.5215 175.7049905613137 5848.5215 6463.2984 493.7980096701561 7702.5591 8702.3804 2005na "" "" ""
CMFGEN 1.4 69.23999999985244 -2.152079289974438 3945.9489 4000.9553 290.0567873118339 3945.9489 4631.9105 311.35235868440634 4631.9105 5505.5407 5.7960313488719635 5298.458 5505.5407 66.35689008647807 5550.8401 5842.0502 196.7450456621807 5842.0502 6466.534 485.3102124047507 7699.3234 8692.6734 2005na "" "" ""
CMFGEN 1.7 69.23999999985244 -1.2824324910959533 3955.6559 4000.9553 253.6548610275794 3955.6559 4625.4391 274.75537281072275 4625.4391 5246.6873 -3.2453031849360627 5246.6873 5502.3051 146.2187570021385 5550.8401 5880.8782 62.325577603664954 5880.8782 6201.2093 329.8832356931333 7870.8138 8776.8007 2005na "" "" ""
OBSERVED "" 39.2799999998897 8.795631952731895 3997.7196 4023.6049 408.9576768048602 4023.6049 4599.5538 534.4443484691469 4599.5538 5537.8974 70.9890390153868 5246.6873 5537.8974 66.94328235637627 5579.9611 5803.2222 296.41482317640384 5803.2222 6453.5914 522.7185926914406 7751.0941 8670.0237 2005na "" "" ""
CMFGEN 1.04 39.2799999998897 -0.3685871595861272 3910.3566 4000.9553 84.57847489184326 3910.3566 4460.4201 190.95077056384463 4525.1334 5175.5026 64.43488182648332 5175.5026 5625.2604 17.831422372348726 5625.2604 5851.7572 129.86762329908532 5851.7572 6259.4513 191.18223414947204 7893.4635 8547.0683 2005na "" "" ""
CMFGEN 1.02 39.2799999998897 28.698793845012062 3900.6496 4114.2036 94.14439548273674 3900.6496 4531.6048 178.63900192252618 4531.6048 5178.7383 85.73438803588277 5178.7383 5583.1968 18.44790147183312 5583.1968 5858.2285 159.5708814286507 5858.2285 6350.05 217.7785973314442 7828.7501 8608.546 2005na "" "" ""
CMFGEN 1.4 39.2799999998897 38.6558484874991 3900.6496 4114.2036 92.1132269896674 4114.2036 4525.1334 198.35175174863326 4525.1334 5185.2096 84.42825443975795 5185.2096 5563.7828 25.032058859845904 5563.7828 5867.9355 158.26613194579204 5867.9355 6346.8143 220.09221178893415 7806.1004 8592.3677 2005na "" "" ""
CMFGEN 1.7 39.2799999998897 15.828141330372546 3903.8852 4117.4393 81.11438505204148 3903.8852 4525.1334 176.85941876838916 4525.1334 5172.267 75.81101658660691 5172.267 5615.5534 17.23385387520804 5615.5534 5851.7572 140.58234013155777 5851.7572 6288.5723 204.59600112433088 7867.5781 8595.6034 2005na "" "" ""
OBSERVED "" 11.359999999964202 "" "" "" "" "" "" "" "" "" "" "" "" "" "" "" 159.7699524484026 5869.0733 6466.4367 308.46367089831085 7878.9867 8657.8695 2005na "" "" ""
CMFGEN 1.04 11.359999999964202 "" "" "" "" "" "" "" "" "" "" "" "" "" "" "" 249.84580359319307 5803.0663 6598.4507 461.685059708169 7502.7468 8898.795 2005na "" "" ""
CMFGEN 1.02 11.359999999964202 "" "" "" "" "" "" "" "" "" "" "" "" "" "" "" 195.96155613440737 5803.0663 6598.4507 453.2682125870349 7502.7468 8898.795 2005na "" "" ""
CMFGEN 1.4 11.359999999964202 "" "" "" "" "" "" "" "" "" "" "" "" "" "" "" 56.000660496318915 5997.787 6598.4507 339.51998942443333 7502.7468 8898.795 2005na "" "" ""
CMFGEN 1.7 11.359999999964202 "" "" "" "" "" "" "" "" "" "" "" "" "" "" "" 217.3060711691262 5803.0663 6581.949 591.9195065934899 7502.7468 8845.9894 2005na "" "" ""
OBSERVED "" 77.15000000000146 1.4654943925052066e-14 3998.8841 4001.8475 271.43305922495676 3998.8841 4677.5046 275.4827185147873 4677.5046 5433.1738 15.217094594527168 5299.8204 5510.2224 94.91778997417126 5563.5638 5833.234 278.3875054881868 5833.234 6565.1959 608.0302349293121 7756.4861 8772.9353 2005na "" "" ""
CMFGEN 1.04 77.15000000000146 -0.705703374622189 3963.3232 4001.8475 276.0091437895518 3963.3232 4650.8339 228.57839259870724 4650.8339 5204.9913 9.184447552111124 5204.9913 5536.8931 129.16912017762104 5551.7102 5859.9046 41.35967368174977 5859.9046 6200.6966 390.0693235986041 7851.3152 8716.6305 2005na "" "" ""
CMFGEN 1.02 77.15000000000146 -1.6485052687955388 3954.4329 4001.8475 284.7517560379468 3954.4329 4633.0535 288.6207256927481 4633.0535 5314.6375 2.7306464608327303 5299.8204 5522.0761 101.3187583102536 5551.7102 5853.9778 162.2095427344525 5853.9778 6476.2936 504.3294443643368 7706.1082 8704.7769 2005na "" "" ""
CMFGEN 1.4 77.15000000000146 -1.739559597956145 3951.4695 4001.8475 298.4195464141076 3951.4695 4633.0535 295.5704510794816 4633.0535 5314.6375 5.477118756641488 5299.8204 5516.1492 81.63683288613672 5551.7102 5848.051 189.61566883260144 5848.051 6470.3668 502.79615470435283 7703.1448 8698.8501 2005na "" "" ""
CMFGEN 1.7 77.15000000000146 -1.2001021539715708 3957.3963 4001.8475 280.6774929247048 3957.3963 4633.0535 271.3732290319024 4633.0535 5246.4791 -3.1905793174032624 5246.4791 5501.3322 153.66192792577746 5551.7102 5883.6119 58.380224687652685 5883.6119 6200.6966 372.025498068033 7863.1688 8787.7523 2005na "" "" ""
OBSERVED "" 11.35000000018772 20.247753003311516 3952.4202 4049.4903 224.24237297788977 3952.4202 4609.2608 228.813199726351 4609.2608 5220.802 37.523374098372585 5220.802 5528.1904 56.872094192647694 5554.0757 5854.9928 119.65381284204432 5854.9928 6330.636 281.7774707946579 7864.3425 8657.081 2005na "" "" ""
CMFGEN 1.04 11.35000000018772 -4.076241896293112 3997.7196 4149.796 -63.65654398978336 4149.796 4450.7131 805.1898637263396 4502.4838 5547.6044 157.84700128713246 5204.6236 5654.3814 -2.540521619198813 5654.3814 5803.2222 249.8650823302139 5803.2222 6599.1964 463.106523652354 7501.9477 8899.7561 2005na "" "" ""
CMFGEN 1.02 11.35000000018772 7.50327479710873 3997.7196 4149.796 -78.61094871398888 4149.796 4450.7131 772.8785084179035 4502.4838 5547.6044 232.8283692822563 5152.853 5628.4961 -1.9560876105331033 5628.4961 5803.2222 195.89220858610554 5803.2222 6599.1964 454.48461466931644 7501.9477 8899.7561 2005na "" "" ""
CMFGEN 1.4 11.35000000018772 18.27671490602998 3997.7196 4149.796 -95.92016782359514 4149.796 4450.7131 686.7836477940702 4502.4838 5547.6044 189.62662234450346 5156.0886 5589.6681 49.56982095569305 5589.6681 5997.3622 56.08188678274996 5997.3622 6599.1964 340.66801328365955 7501.9477 8899.7561 2005na "" "" ""
CMFGEN 1.7 11.35000000018772 11.870913110726349 3997.7196 4149.796 113.50875911695385 4149.796 4473.3627 633.5394775335972 4502.4838 5547.6044 40.88185232553519 5298.458 5664.0884 -5.304635737626313 5664.0884 5803.2222 217.18676953830675 5803.2222 6583.0181 593.5607434674196 7501.9477 8847.9854 2005na "" "" ""
OBSERVED "" 19.35000000018772 "" "" "" "" "" "" "" "" "" 9.205298618868284 5285.164 5503.3464 85.31632824560171 5553.9593 5854.2166 219.95568138574737 5854.2166 6564.1644 363.12671108424934 7613.3551 8691.272 2005na "" "" ""
CMFGEN 1.04 19.35000000018772 "" "" "" "" "" "" "" "" "" 26.909538398673135 5150.4244 5500.6106 -3.0340956266772707 5550.5395 5800.184 135.13452357773832 5800.184 6262.5392 52.09762546857371 7721.4203 8295.9446 2005na "" "" ""
CMFGEN 1.02 19.35000000018772 "" "" "" "" "" "" "" "" "" 218.1710843563041 5170.9431 5612.7796 -1.4426014752389733 5612.7796 5800.184 65.50394093721616 5800.184 6577.1596 458.1266484287712 7500.5021 8856.7897 2005na "" "" ""
CMFGEN 1.4 19.35000000018772 "" "" "" "" "" "" "" "" "" 194.6624082132858 5150.4244 5588.1572 50.104119672035495 5588.1572 5999.8995 55.44481540180993 5999.8995 6599.7302 343.1136535078972 7500.5021 8899.879 2005na "" "" ""
CMFGEN 1.7 19.35000000018772 "" "" "" "" "" "" "" "" "" 17.41170684102468 5150.4244 5500.6106 23.75962010119241 5550.5395 5800.184 112.31307839288729 5800.184 6265.959 378.2636382994169 7500.5021 8431.3682 2005na "" "" ""
OBSERVED "" 67.0299999998897 6.864862511638105 3981.99 4012.147 358.10498185738317 3981.99 4624.3338 357.7118087842926 4624.3338 5441.5882 15.308329216954803 5281.7561 5501.9021 139.00176345640085 5556.1847 5833.629 272.0384844549507 5833.629 6460.8943 1042.7035761196319 7634.001 8810.1235 2006D "" "" ""
CMFGEN 1.04 67.0299999998897 -0.7790164530409385 3960.8801 4000.0842 236.41056705666978 3960.8801 4633.3809 233.9585121714872 4633.3809 5215.4108 3.6877249301887787 5215.4108 5532.0591 116.2494966155468 5550.1533 5857.7546 38.63139626180009 5857.7546 6201.5442 354.782354835448 7842.0842 8710.6054 2006D "" "" ""
CMFGEN 1.02 67.0299999998897 -2.063821452285474 3948.8173 4000.0842 273.32953848480554 3948.8173 4630.3652 283.8478270082511 4630.3652 5311.9131 -3.1146404082965375 5299.8503 5501.9021 84.12514222711656 5550.1533 5845.6918 179.3953104549621 5845.6918 6460.8943 488.5114160700889 7700.3464 8701.5583 2006D "" "" ""
CMFGEN 1.4 67.0299999998897 -2.337716489798673 3942.7859 4000.0842 288.9904938851423 3942.7859 4630.3652 311.45934954786173 4630.3652 5501.9021 5.739398414474522 5299.8503 5501.9021 62.64011228496943 5550.1533 5842.6761 196.7701517494445 5842.6761 6463.91 478.56130749129454 7697.3307 8692.5113 2006D "" "" ""
CMFGEN 1.7 67.0299999998897 -1.2468437198468507 3954.8487 4000.0842 245.09402815206766 3954.8487 4624.3338 274.82320423318254 4624.3338 5245.5677 -2.0754805434191326 5245.5677 5501.9021 142.1905362726389 5550.1533 5881.8802 66.39125526318145 5881.8802 6201.5442 317.8152780056755 7872.2412 8773.9351 2006D "" "" ""
OBSERVED "" 36.0299999998897 0.20750587451276914 3960.8801 4000.0842 278.3999193756056 3960.8801 4624.3338 369.6201813501185 4624.3338 5498.8864 26.142207672335047 5275.7247 5501.9021 58.53231126974015 5550.1533 5800.4563 227.01879796819958 5800.4563 6488.0356 527.0519774837526 7549.5615 8704.574 2006D "" "" ""
CMFGEN 1.04 36.0299999998897 0.3912184650814794 3906.5976 4000.0842 64.97648783117813 3906.5976 4452.439 157.1960264074155 4500.6902 5161.1282 69.98704726694541 5161.1282 5607.4516 15.656303446033235 5607.4516 5842.6761 140.80722705119405 5842.6761 6261.8582 170.51213839589616 7872.2412 8538.7106 2006D "" "" ""
CMFGEN 1.02 36.0299999998897 27.6155514078271 3900.5662 4102.618 75.75487332264504 4102.618 4515.7687 157.43078783042023 4515.7687 5109.8613 93.48019617968976 5164.1439 5622.5301 18.38360729318717 5622.5301 5845.6918 155.69602945167765 5845.6918 6337.2506 176.37648569292708 7802.8802 8556.8048 2006D "" "" ""
CMFGEN 1.4 36.0299999998897 34.04126012603996 3900.5662 4099.6023 96.16409176793013 4099.6023 4506.7216 175.08859500049317 4506.7216 5100.8142 93.60707519553068 5167.1596 5616.4987 30.94701621622744 5616.4987 5881.8802 158.44026451695407 5881.8802 6337.2506 180.42957573140143 7763.6761 8547.7577 2006D "" "" ""
CMFGEN 1.7 36.0299999998897 13.564422968127644 3900.5662 4090.5552 64.14982520850765 3900.5662 4515.7687 149.49871506443867 4515.7687 5152.0811 88.97033967305276 5152.0811 5619.5144 14.719527390710795 5619.5144 5833.629 139.50508323786482 5833.629 6307.0937 168.00137964983912 7854.147 8553.7891 2006D "" "" ""
