results/equivalent_width/fixed_False.ecsv
# %ECSV 0.9
# ---
# datatype:
# - name: model
#   datatype: string
# - name: version
#   datatype: string
# - name: time
#   datatype: float64
# - name: pW2
#   datatype: float64
# - name: pW2_start
#   datatype: float64
# - name: pW2_end
#   datatype: float64
# - name: pW3
#   datatype: float64
# - name: pW3_start
#   datatype: float64
# - name: pW3_end
#   datatype: float64
# - name: pW4
#   datatype: float64
# - name: pW4_start
#   datatype: float64
# - name: pW4_end
#   datatype: float64
# - name: pW5
#   datatype: float64
# - name: pW5_start
#   datatype: float64
# - name: pW5_end
#   datatype: float64
# - name: pW6
#   datatype: float64
# - name: pW6_start
#   datatype: float64
# - name: pW6_end
#   datatype: float64
# - name: pW7
#   datatype: float64
# - name: pW7_start
#   datatype: float64
# - name: pW7_end
#   datatype: float64
# - name: pW8
#   datatype: float64
# - name: pW8_start
#   datatype: float64
# - name: pW8_end
#   datatype: float64
# - name: pW1
#   datatype: float64
# - name: pW1_start
#   datatype: float64
# - name: pW1_end
#   datatype: float64
# - name: obj_id
#   datatype: string
# schema: astropy-2.0
model version time pW2 pW2_start pW2_end pW3 pW3_start pW3_end pW4 pW4_start pW4_end pW5 pW5_start pW5_end pW6 pW6_start pW6_end pW7 pW7_start pW7_end pW8 pW8_start pW8_end pW1 pW1_start pW1_end obj_id
[from data line 566]
CMFGEN 1.04 2399997.67 -3.3210101335613834e-16 3997.6883 4000.6796 464.36812682796324 3997.6883 4694.6706 112.04236390228243 4694.6706 5050.6401 31.292404295099203 5236.1032 5502.3325 151.72346723676714 5550.1939 5936.0768 273.13497985185234 5936.0768 6519.3882 488.88819347668124 7859.5086 8897.5037 "" "" "" 2006ax
CMFGEN 1.02 2399997.67 6.642020267122767e-16 3997.6883 4000.6796 449.29031590695115 3997.6883 4688.6879 236.51738744723826 4688.6879 5230.1205 37.4329786767075 5230.1205 5502.3325 173.2742537035939 5550.1939 5873.2587 229.5293671392991 5873.2587 6513.4055 589.5562279847189 7850.5346 8897.5037 "" "" "" 2006ax
CMFGEN 1.4 2399997.67 0.14524226306185073 3997.6883 4036.5757 386.8823323184837 4036.5757 4682.7052 242.0252153778501 4682.7052 5224.1378 36.132501434578835 5224.1378 5502.3325 173.6040040759851 5550.1939 5873.2587 212.13663158309078 5873.2587 6510.4142 579.0370233846231 7856.5173 8897.5037 "" "" "" 2006ax
CMFGEN 1.7 2399997.67 -0.006001209235964065 3991.7056 4000.6796 495.612560893535 3991.7056 4682.7052 120.72147429428131 4682.7052 5050.6401 46.75858969350359 5251.0599 5502.3325 177.95430642924447 5550.1939 5885.224 311.3010384483639 5885.224 6552.2929 648.8597959956696 7862.5 8870.5817 "" "" "" 2006ax
OBSERVED "" 2399998.62 15.1470534441053 3946.8355 4114.3506 91.45396036176807 3946.8355 4509.2075 116.77145030241685 4509.2075 5125.4236 89.30382512679799 5206.1898 5636.9428 11.859071388373652 5636.9428 5888.2154 93.22436307102186 5888.2154 6315.977 135.16073766614917 7787.7165 8499.6555 "" "" "" 2006ax
CMFGEN 1.04 2399998.62 -3.3210101335613834e-16 3997.6883 4000.6796 464.36812682796324 3997.6883 4694.6706 112.04236390228243 4694.6706 5050.6401 31.292404295099203 5236.1032 5502.3325 151.72346723676714 5550.1939 5936.0768 273.13497985185234 5936.0768 6519.3882 488.88819347668124 7859.5086 8897.5037 "" "" "" 2006ax
CMFGEN 1.02 2399998.62 6.642020267122767e-16 3997.6883 4000.6796 449.29031590695115 3997.6883 4688.6879 236.51738744723826 4688.6879 5230.1205 37.4329786767075 5230.1205 5502.3325 173.2742537035939 5550.1939 5873.2587 229.5293671392991 5873.2587 6513.4055 589.5562279847189 7850.5346 8897.5037 "" "" "" 2006ax
CMFGEN 1.4 2399998.62 0.14524226306185073 3997.6883 4036.5757 386.8823323184837 4036.5757 4682.7052 242.0252153778501 4682.7052 5224.1378 36.132501434578835 5224.1378 5502.3325 173.6040040759851 5550.1939 5873.2587 212.13663158309078 5873.2587 6510.4142 579.0370233846231 7856.5173 8897.5037 "" "" "" 2006ax
CMFGEN 1.7 2399998.62 -0.006001209235964065 3991.7056 4000.6796 495.612560893535 3991.7056 4682.7052 120.72147429428131 4682.7052 5050.6401 46.75858969350359 5251.0599 5502.3325 177.95430642924447 5550.1939 5885.224 311.3010384483639 5885.224 6552.2929 648.8597959956696 7862.5 8870.5817 "" "" "" 2006ax
OBSERVED "" 2400000.5300000003 16.922179474350678 3958.8009 4090.4198 102.63291038339396 3958.8009 4527.1555 126.13490890081783 4527.1555 5122.4323 91.7483504882269 5200.2071 5633.9514 11.719795484674892 5633.9514 5882.2327 95.39723514669254 5882.2327 6333.9251 152.85155492932682 7862.5 8562.4736 "" "" "" 2006ax
CMFGEN 1.04 2400000.5300000003 -3.3210101335613834e-16 3997.6883 4000.6796 464.36812682796324 3997.6883 4694.6706 112.04236390228243 4694.6706 5050.6401 31.292404295099203 5236.1032 5502.3325 151.72346723676714 5550.1939 5936.0768 273.13497985185234 5936.0768 6519.3882 488.88819347668124 7859.5086 8897.5037 "" "" "" 2006ax
CMFGEN 1.02 2400000.5300000003 6.642020267122767e-16 3997.6883 4000.6796 449.29031590695115 3997.6883 4688.6879 236.51738744723826 4688.6879 5230.1205 37.4329786767075 5230.1205 5502.3325 173.2742537035939 5550.1939 5873.2587 229.5293671392991 5873.2587 6513.4055 589.5562279847189 7850.5346 8897.5037 "" "" "" 2006ax
CMFGEN 1.4 2400000.5300000003 0.14524226306185073 3997.6883 4036.5757 386.8823323184837 4036.5757 4682.7052 242.0252153778501 4682.7052 5224.1378 36.132501434578835 5224.1378 5502.3325 173.6040040759851 5550.1939 5873.2587 212.13663158309078 5873.2587 6510.4142 579.0370233846231 7856.5173 8897.5037 "" "" "" 2006ax
CMFGEN 1.7 2400000.5300000003 -0.006001209235964065 3991.7056 4000.6796 495.612560893535 3991.7056 4682.7052 120.72147429428131 4682.7052 5050.6401 46.75858969350359 5251.0599 5502.3325 177.95430642924447 5550.1939 5885.224 311.3010384483639 5885.224 6552.2929 648.8597959956696 7862.5 8870.5817 "" "" "" 2006ax
OBSERVED "" 2400014.66 2.6219790073865057 3953.8978 4000.9943 258.8722592356486 3953.8978 4608.3764 265.1333857337352 4608.3764 5235.788 -0.7790115986346242 5235.788 5500.5027 93.03599194776547 5553.5538 5861.0343 145.5796289255382 5861.0343 6334.7057 383.38024657048976 7846.1235 8692.7774 "" "" "" 2006ax
CMFGEN 1.04 2400014.66 -1.2983335817323765e-05 3998.8289 4000.4529 463.739457608155 3998.8289 4694.9906 112.11648209494675 4694.9906 5050.1088 29.20503128480768 5235.788 5500.5027 151.3994537734387 5550.3058 5936.8217 273.1714856444859 5936.8217 6518.7609 489.98315301497803 7859.657 8899.5688 "" "" "" 2006ax
CMFGEN 1.02 2400014.66 -0.0005012573065418936 3997.2049 4000.4529 449.8217997728251 3997.2049 4687.9532 236.63034536095367 4687.9532 5230.9159 36.39488641456038 5230.9159 5500.5027 173.242585923812 5550.3058 5872.9437 229.5592573004559 5872.9437 6513.8888 591.0245668467561 7850.9956 8899.5688 "" "" "" 2006ax
CMFGEN 1.4 2400014.66 0.12918009780227788 3999.9116 4035.0986 388.0933597293273 4035.0986 4681.9984 242.39789252552202 4681.9984 5226.0439 35.889913890508694 5226.0439 5500.5027 173.55692800434235 5550.3058 5872.9437 212.28653149538255 5872.9437 6512.2648 581.1202310914846 7855.3263 8899.5688 "" "" "" 2006ax
CMFGEN 1.7 2400014.66 -0.00301570357198854 3992.8742 4000.4529 494.9968955257915 3992.8742 4683.0811 120.92771565030438 4683.0811 5050.1088 44.79702227322943 5250.9455 5500.5027 177.81884397844593 5550.3058 5885.3945 311.2262984001442 5885.3945 6551.2412 649.122311532414 7861.281 8870.8778 "" "" "" 2006ax
OBSERVED "" 2400019.6 1.3888700444929758 3955.8095 4000.6796 298.0593612981638 3955.8095 4622.8784 286.2399572252563 4622.8784 5301.9127 0.8224754058632366 5289.9473 5505.3238 109.23517257947843 5550.1939 5876.25 190.51126179402155 5876.25 6456.57 611.7484930439645 7578.3227 8685.1186 "" "" "" 2006ax
CMFGEN 1.04 2400019.6 -3.3210101335613834e-16 3997.6883 4000.6796 464.36812682796324 3997.6883 4694.6706 112.04236390228243 4694.6706 5050.6401 31.292404295099203 5236.1032 5502.3325 151.72346723676714 5550.1939 5936.0768 273.13497985185234 5936.0768 6519.3882 488.88819347668124 7859.5086 8897.5037 "" "" "" 2006ax
CMFGEN 1.02 2400019.6 6.642020267122767e-16 3997.6883 4000.6796 449.29031590695115 3997.6883 4688.6879 236.51738744723826 4688.6879 5230.1205 37.4329786767075 5230.1205 5502.3325 173.2742537035939 5550.1939 5873.2587 229.5293671392991 5873.2587 6513.4055 589.5562279847189 7850.5346 8897.5037 "" "" "" 2006ax
CMFGEN 1.4 2400019.6 0.14524226306185073 3997.6883 4036.5757 386.8823323184837 4036.5757 4682.7052 242.0252153778501 4682.7052 5224.1378 36.132501434578835 5224.1378 5502.3325 173.6040040759851 5550.1939 5873.2587 212.13663158309078 5873.2587 6510.4142 579.0370233846231 7856.5173 8897.5037 "" "" "" 2006ax
CMFGEN 1.7 2400019.6 -0.006001209235964065 3991.7056 4000.6796 495.612560893535 3991.7056 4682.7052 120.72147429428131 4682.7052 5050.6401 46.75858969350359 5251.0599 5502.3325 177.95430642924447 5550.1939 5885.224 311.3010384483639 5885.224 6552.2929 648.8597959956696 7862.5 8870.5817 "" "" "" 2006ax
OBSERVED "" 2399989.65 14.299722217539616 3916.9221 4060.5064 75.81583071511494 3916.9221 4485.2768 107.06667585175984 4536.1296 5089.5275 76.3689911777418 5167.3024 5621.9861 23.897595023947098 5621.9861 5921.1201 108.95090106491222 5921.1201 6390.7605 240.52016079175547 7778.7425 8532.5602 "" "" "" 2006ax
CMFGEN 1.04 2399989.65 -3.3210101335613834e-16 3997.6883 4000.6796 464.36812682796324 3997.6883 4694.6706 112.04236390228243 4694.6706 5050.6401 31.292404295099203 5236.1032 5502.3325 151.72346723676714 5550.1939 5936.0768 273.13497985185234 5936.0768 6519.3882 488.88819347668124 7859.5086 8897.5037 "" "" "" 2006ax
CMFGEN 1.02 2399989.65 6.642020267122767e-16 3997.6883 4000.6796 449.29031590695115 3997.6883 4688.6879 236.51738744723826 4688.6879 5230.1205 37.4329786767075 5230.1205 5502.3325 173.2742537035939 5550.1939 5873.2587 229.5293671392991 5873.2587 6513.4055 589.5562279847189 7850.5346 8897.5037 "" "" "" 2006ax
CMFGEN 1.4 2399989.65 0.14524226306185073 3997.6883 4036.5757 386.8823323184837 4036.5757 4682.7052 242.0252153778501 4682.7052 5224.1378 36.132501434578835 5224.1378 5502.3325 173.6040040759851 5550.1939 5873.2587 212.13663158309078 5873.2587 6510.4142 579.0370233846231 7856.5173 8897.5037 "" "" "" 2006ax
CMFGEN 1.7 2399989.65 -0.006001209235964065 3991.7056 4000.6796 495.612560893535 3991.7056 4682.7052 120.72147429428131 4682.7052 5050.6401 46.75858969350359 5251.0599 5502.3325 177.95430642924447 5550.1939 5885.224 311.3010384483639 5885.224 6552.2929 648.8597959956696 7862.5 8870.5817 "" "" "" 2006ax
OBSERVED "" 2399990.54 11.335585563979587 3913.9308 4078.4545 57.0899044582938 3913.9308 4473.3114 104.70157785835552 4503.2248 5182.2591 80.89201990124434 5182.2591 5621.9861 16.878195396688376 5621.9861 5906.1634 89.90464643116157 5906.1634 6283.0723 194.82769798581785 7527.4699 8469.7421 "" "" "" 2006ax
CMFGEN 1.04 2399990.54 -3.3210101335613834e-16 3997.6883 4000.6796 464.36812682796324 3997.6883 4694.6706 112.04236390228243 4694.6706 5050.6401 31.292404295099203 5236.1032 5502.3325 151.72346723676714 5550.1939 5936.0768 273.13497985185234 5936.0768 6519.3882 488.88819347668124 7859.5086 8897.5037 "" "" "" 2006ax
CMFGEN 1.02 2399990.54 6.642020267122767e-16 3997.6883 4000.6796 449.29031590695115 3997.6883 4688.6879 236.51738744723826 4688.6879 5230.1205 37.4329786767075 5230.1205 5502.3325 173.2742537035939 5550.1939 5873.2587 229.5293671392991 5873.2587 6513.4055 589.5562279847189 7850.5346 8897.5037 "" "" "" 2006ax
CMFGEN 1.4 2399990.54 0.14524226306185073 3997.6883 4036.5757 386.8823323184837 4036.5757 4682.7052 242.0252153778501 4682.7052 5224.1378 36.132501434578835 5224.1378 5502.3325 173.6040040759851 5550.1939 5873.2587 212.13663158309078 5873.2587 6510.4142 579.0370233846231 7856.5173 8897.5037 "" "" "" 2006ax
CMFGEN 1.7 2399990.54 -0.006001209235964065 3991.7056 4000.6796 495.612560893535 3991.7056 4682.7052 120.72147429428131 4682.7052 5050.6401 46.75858969350359 5251.0599 5502.3325 177.95430642924447 5550.1939 5885.224 311.3010384483639 5885.224 6552.2929 648.8597959956696 7862.5 8870.5817 "" "" "" 2006ax
OBSERVED "" 2399991.64 10.682789113305892 3946.8355 4066.4891 111.10805988453382 3946.8355 4592.965 89.31530120004217 4592.965 5086.5362 82.30615386398426 5167.3024 5639.9341 13.223906750838267 5639.9341 5852.3193 96.37517852234592 5852.3193 6345.8904 164.02690377808975 7626.1841 8484.6988 "" "" "" 2006ax
CMFGEN 1.04 2399991.64 -3.3210101335613834e-16 3997.6883 4000.6796 464.36812682796324 3997.6883 4694.6706 112.04236390228243 4694.6706 5050.6401 31.292404295099203 5236.1032 5502.3325 151.72346723676714 5550.1939 5936.0768 273.13497985185234 5936.0768 6519.3882 488.88819347668124 7859.5086 8897.5037 "" "" "" 2006ax
CMFGEN 1.02 2399991.64 6.642020267122767e-16 3997.6883 4000.6796 449.29031590695115 3997.6883 4688.6879 236.51738744723826 4688.6879 5230.1205 37.4329786767075 5230.1205 5502.3325 173.2742537035939 5550.1939 5873.2587 229.5293671392991 5873.2587 6513.4055 589.5562279847189 7850.5346 8897.5037 "" "" "" 2006ax
CMFGEN 1.4 2399991.64 0.14524226306185073 3997.6883 4036.5757 386.8823323184837 4036.5757 4682.7052 242.0252153778501 4682.7052 5224.1378 36.132501434578835 5224.1378 5502.3325 173.6040040759851 5550.1939 5873.2587 212.13663158309078 5873.2587 6510.4142 579.0370233846231 7856.5173 8897.5037 "" "" "" 2006ax
CMFGEN 1.7 2399991.64 -0.006001209235964065 3991.7056 4000.6796 495.612560893535 3991.7056 4682.7052 120.72147429428131 4682.7052 5050.6401 46.75858969350359 5251.0599 5502.3325 177.95430642924447 5550.1939 5885.224 311.3010384483639 5885.224 6552.2929 648.8597959956696 7862.5 8870.5817 "" "" "" 2006ax
OBSERVED "" 2400008.58 24.70490527209197 3941.9743 4060.2061 224.26703451308117 3941.9743 4617.8932 183.54379114617706 4617.8932 5230.6472 52.13256710380867 5230.6472 5568.6067 49.28691392241757 5568.6067 5863.9163 135.21278343270552 5863.9163 6400.5484 280.2809563448386 7897.0718 8700.9402 "" "" "" 2006bh
CMFGEN 1.04 2400008.58 -1.601772177535946e-05 3998.6608 4000.2804 463.3020218411381 3998.6608 4694.555 112.2686765001755 4694.555 5050.3302 29.285837316941148 5236.0459 5500.043 151.29441604186846 5550.251 5936.7989 273.2649617211354 5936.7989 6518.7802 490.0395664470536 7859.2808 8899.6128 "" "" "" 2006bh
CMFGEN 1.02 2400008.58 -0.00047513879896540615 3997.0412 4000.2804 449.0954853363828 3997.0412 4688.0765 237.06598872524015 4688.0765 5230.6472 36.16905797680996 5230.6472 5500.043 173.29699644216885 5550.251 5872.5542 229.71601289926457 5872.5542 6513.9214 590.9941598384232 7850.6428 8899.6128 "" "" "" 2006bh
CMFGEN 1.4 2400008.58 0.14461113415366464 3999.7405 4034.8322 387.3983828302757 4034.8322 4682.1379 242.78375689953276 4682.1379 5225.7884 35.71803318704232 5225.7884 5500.043 173.54355945655772 5550.251 5873.0941 212.4635900042891 5873.0941 6512.3018 581.0915550662479 7854.9618 8899.6128 "" "" "" 2006bh
CMFGEN 1.7 2400008.58 -0.0019491969076885004 3993.2621 4000.2804 494.3823044861671 3993.2621 4682.6778 121.03605449271788 4682.6778 5050.3302 44.77177093586289 5251.1623 5500.043 177.70127842068666 5550.251 5885.5111 311.45212992353885 5885.5111 6551.1725 648.8744716730702 7861.4402 8870.9997 "" "" "" 2006bh
OBSERVED "" 2400016.59 13.53517561904305 3948.7744 4060.099 317.61580076724067 3948.7744 4610.7044 309.0619196204243 4610.7044 5420.0642 -0.12430509516596798 5278.6519 5501.301 77.75093371591306 5552.4502 5868.3713 178.60505111494143 5868.3713 6494.1959 356.2713597930233 7652.5733 8678.5647 "" "" "" 2006bh
CMFGEN 1.04 2400016.59 -0.001693545290566387 3996.9148 4002.9323 464.0674913319418 3996.9148 4694.95 112.364528307163 4694.95 5052.9939 30.883970608026473 5236.529 5501.301 148.58096601558782 5552.4502 5937.573 273.26229116181594 5937.573 6518.2661 489.1578568114443 7863.1874 8898.2051 "" "" "" 2006bh
CMFGEN 1.02 2400016.59 -0.003915869131725402 3996.9148 4002.9323 448.92539475101296 3996.9148 4688.9325 237.17143297631347 4688.9325 5230.5115 37.15285579683079 5230.5115 5501.301 171.4887815751195 5552.4502 5871.38 229.6497236501571 5871.38 6515.2573 589.8776525440378 7851.1523 8898.2051 "" "" "" 2006bh
CMFGEN 1.4 2400016.59 0.0910158144823922 3999.9236 4036.0288 386.34926322507465 4036.0288 4682.9149 242.5738908426907 4682.9149 5224.494 35.895023716208314 5224.494 5501.301 171.3788244329861 5552.4502 5874.3888 212.5092407987888 5874.3888 6512.2486 579.8307017843072 7854.1611 8898.2051 "" "" "" 2006bh
CMFGEN 1.7 2400016.59 -0.010316263660421697 3993.906 4002.9323 494.01704980930003 3993.906 4682.9149 120.51222552775012 4682.9149 5052.9939 46.282318276139655 5251.5729 5501.301 175.33246145479296 5552.4502 5886.4239 311.5531299473354 5886.4239 6551.3626 649.0297520758686 7860.1786 8871.1262 "" "" "" 2006bh
OBSERVED "" 2400020.4499999997 "" "" "" "" "" "" 302.23284701815 4640.9675 5290.728 6.8061685953698134 5290.728 5508.3978 86.35582900633412 5566.8763 5882.0102 162.69851510101415 5882.0102 6424.5603 478.83387418475354 7584.383 8731.2104 "" "" "" 2006et
CMFGEN 1.04 2400020.4499999997 "" "" "" "" "" "" 111.90177797636717 4692.9483 5050.3166 30.89982231801105 5235.4984 5501.9002 167.45453323576152 5550.6323 5875.5126 269.8136453381147 5875.5126 6518.7756 488.43444433672244 7863.78 8896.8994 "" "" "" 2006et
