results/equivalent_width/fixed_False.ecsv
# %ECSV 0.9
# ---
# datatype:
# - name: model
#   datatype: string
# - name: version
#   datatype: string
# - name: pW2
#   datatype: float64
# - name: pW2_start
#   datatype: float64
# - name: pW2_end
#   datatype: float64
# - name: pW3
#   datatype: float64
# - name: pW3_start
#   datatype: float64
# - name: pW3_end
#   datatype: float64
# - name: pW4
#   datatype: float64
# - name: pW4_start
#   datatype: float64
# - name: pW4_end
#   datatype: float64
# - name: pW5
#   datatype: float64
# - name: pW5_start
#   datatype: float64
# - name: pW5_end
#   datatype: float64
# - name: pW6
#   datatype: float64
# - name: pW6_start
#   datatype: float64
# - name: pW6_end
#   datatype: float64
# - name: pW7
#   datatype: float64
# - name: pW7_start
#   datatype: float64
# - name: pW7_end
#   datatype: float64
# - name: pW8
#   datatype: float64
# - name: pW8_start
#   datatype: float64
# - name: pW8_end
#   datatype: float64
# - name: obj_id
#   datatype: string
# - name: pW1
#   datatype: float64
# - name: pW1_start
#   datatype: float64
# - name: pW1_end
#   datatype: float64
# schema: astropy-2.0
model version pW2 pW2_start pW2_end pW3 pW3_start pW3_end pW4 pW4_start pW4_end pW5 pW5_start pW5_end pW6 pW6_start pW6_end pW7 pW7_start pW7_end pW8 pW8_start pW8_end obj_id pW1 pW1_start pW1_end
[from data line 2208]
CMFGEN CMFGEN 0.07696144705238339 3999.78781166331 4036.46548455774 387.9004636765582 4036.46548455774 4682.09301427489 242.0121610759844 4682.09301427489 5225.97768425061 35.220475014626004 5225.97768425061 5500.05536320836 173.83898622871783 5550.04753379735 5872.86129865592 212.12944133154951 5872.86129865592 6512.20840493224 581.4212603306661 7855.21415351895 8899.77418019751 2008R 164.70822665572766 3686.77150737243 4036.46548455774
CMFGEN CMFGEN -0.0016775246069533623 3993.25617128485 4000.03902860094 495.26651213671227 3993.25617128485 4683.09788202542 120.69233396344157 4683.09788202542 5050.12582790742 43.97176476489963 5250.84816107629 5500.05536320836 178.1762113314698 5550.04753379735 5885.42214553758 311.04743841529313 5885.42214553758 6551.39824720301 649.240589361719 7861.49457695978 8871.13544930733 2008R 306.15726899141896 3500.11732271101 3993.25617128485
OBSERVED "" "" "" "" "" "" "" "" "" "" 78.52498978871614 5238.7724 5611.3419 53.62042523647631 5611.3419 5956.8701 124.9605042213426 5956.8701 6368.4993 299.4652391955448 7891.8279 8561.8521 2008R "" "" ""
CMFGEN CMFGEN "" "" "" "" "" "" "" "" "" 28.487268586044877 5235.7678 5500.172 150.78472806432765 5551.2501 5935.8379 273.0156517986867 5935.8379 6518.729 489.3139917240968 7858.7774 8898.3665 2008R "" "" ""
CMFGEN CMFGEN "" "" "" "" "" "" "" "" "" 35.01786365775422 5229.7586 5500.172 172.47225781921574 5551.2501 5872.7415 229.23644693831352 5872.7415 6512.7198 590.0174244638349 7852.7682 8898.3665 2008R "" "" ""
CMFGEN CMFGEN "" "" "" "" "" "" "" "" "" 35.72268860915966 5226.754 5500.172 172.7659369284785 5551.2501 5872.7415 212.154126390981 5872.7415 6512.7198 580.0538249969269 7855.7728 8898.3665 2008R "" "" ""
CMFGEN CMFGEN "" "" "" "" "" "" "" "" "" 44.01901407645815 5250.7908 5500.172 177.21878533078618 5551.2501 5884.7599 311.00095068814824 5884.7599 6551.7795 649.1492541166886 7861.782 8871.3252 2008R "" "" ""
OBSERVED "" 21.614597590684227 3944.5947 4064.1867 191.70548845086694 3944.5947 4551.524 182.87349557890855 4551.524 5230.2085 82.63698576261271 5230.2085 5615.8927 53.374400209739804 5615.8927 5941.7808 124.97274249180504 5941.7808 6336.4344 298.6297238357829 7792.4668 8548.8861 2008R 91.52335398356612 3666.5433 3944.5947
CMFGEN CMFGEN 0.0 3998.4111 4001.4009 464.4993394371253 3998.4111 4695.0344 111.8964407882921 4695.0344 5050.8206 30.951349777482534 5236.1881 5502.2803 152.0416479647643 5550.1171 5935.8012 273.01655304691184 5935.8012 6518.8122 489.30601608461507 7864.222 8898.6927 2008R 285.97175726920483 3502.1044 3998.4111
CMFGEN CMFGEN 0.0 3998.4111 4001.4009 449.4327965396702 3998.4111 4689.0548 236.1579970146322 4689.0548 5230.2085 37.129037626479345 5230.2085 5502.2803 173.45045860628966 5550.1171 5873.0155 229.27678191604008 5873.0155 6512.8326 590.3102855383726 7852.2628 8898.6927 2008R 166.30894806110177 3681.4923 3998.4111
CMFGEN CMFGEN 0.2122127433108929 3998.4111 4034.2887 389.09342277764193 4034.2887 4683.0752 241.72185666692332 4683.0752 5224.2289 35.84399644071556 5224.2289 5502.2803 173.7447783192021 5550.1171 5873.0155 212.17773990113506 5873.0155 6512.8326 580.4128883320013 7855.2526 8898.6927 2008R 164.81486001672383 3687.4719 4034.2887
CMFGEN CMFGEN -0.006338519873260395 3992.4315 4001.4009 495.6647764096182 3992.4315 4683.0752 120.5420773212463 4683.0752 5050.8206 46.464350109875966 5251.1371 5502.2803 178.2193963906136 5550.1171 5884.9747 311.0272617401422 5884.9747 6551.7 649.1872674602859 7861.2322 8871.7845 2008R 304.7806104485206 3502.1044 3992.4315
OBSERVED "" "" "" "" "" "" "" 367.15900499789257 4618.4103 5483.4308 18.279301374423653 5283.5586 5503.0903 72.06978023161219 5555.5158 5889.7283 195.5621717166747 5889.7283 6495.8979 378.4241695253977 7672.1947 8733.8108 2008R "" "" ""
CMFGEN CMFGEN "" "" "" "" "" "" 111.55075738550462 4693.7719 5050.9205 30.491116186603364 5234.4097 5503.0903 149.75916822720194 5552.2392 5935.6006 272.99952037881326 5935.6006 6518.8341 488.9345958555641 7858.9605 8897.6404 2008R "" "" ""
CMFGEN CMFGEN "" "" "" "" "" "" 236.05567447645876 4687.2188 5231.1331 38.422686710689845 5231.1331 5503.0903 171.46805591441782 5552.2392 5873.3453 229.537046564989 5873.3453 6515.5575 589.56510884758 7852.4073 8897.6404 2008R "" "" ""
CMFGEN CMFGEN "" "" "" "" "" "" 241.3533568475795 4680.6656 5224.58 36.66106163951153 5224.58 5503.0903 171.80697861440183 5552.2392 5873.3453 212.16422289883474 5873.3453 6512.2809 579.381499007996 7855.6839 8897.6404 2008R "" "" ""
CMFGEN CMFGEN "" "" "" "" "" "" 120.72988903608967 4683.9422 5050.9205 47.06790522003746 5250.7927 5503.0903 175.7801577876079 5552.2392 5886.4517 311.1590149748522 5886.4517 6551.6 649.018022406146 7862.2371 8871.4277 2008R "" "" ""
OBSERVED "" 2.3695056491307156 3945.5236 4005.6724 302.900143204693 3945.5236 4625.8272 "" "" "" "" "" "" "" "" "" "" "" "" "" "" "" 2008R 105.25374932666634 3688.3357 3945.5236
CMFGEN CMFGEN 0.0 3999.4501 4001.5242 464.13992055682303 3999.4501 4694.2723 "" "" "" "" "" "" "" "" "" "" "" "" "" "" "" 2008R 286.03522432743705 3501.667 3999.4501
CMFGEN CMFGEN -0.0011374202662786104 3997.376 4001.5242 450.41327192979634 3997.376 4688.05 "" "" "" "" "" "" "" "" "" "" "" "" "" "" "" 2008R 226.51064799899592 3501.667 3997.376
CMFGEN CMFGEN 0.15861361333080026 3999.4501 4034.7097 389.1667734946398 4034.7097 4681.8278 "" "" "" "" "" "" "" "" "" "" "" "" "" "" "" 2008R 164.87198691889273 3686.2616 4034.7097
CMFGEN CMFGEN -0.005054484981803498 3993.2278 4001.5242 495.11902589858784 3993.2278 4683.9019 "" "" "" "" "" "" "" "" "" "" "" "" "" "" "" 2008R 304.996184294168 3501.667 3993.2278
OBSERVED "" "" "" "" "" "" "" "" "" "" "" "" "" "" "" "" 186.91401358076098 5903.2008 6518.146 388.9514197918045 7691.2209 8687.1648 2008R "" "" ""
CMFGEN CMFGEN "" "" "" "" "" "" "" "" "" "" "" "" "" "" "" 273.0376044386917 5936.6217 6518.146 488.85631289788887 7861.6677 8897.7167 2008R "" "" ""
CMFGEN CMFGEN "" "" "" "" "" "" "" "" "" "" "" "" "" "" "" 229.48226217398434 5873.122 6514.8039 589.6780938085985 7851.6414 8897.7167 2008R "" "" ""
CMFGEN CMFGEN "" "" "" "" "" "" "" "" "" "" "" "" "" "" "" 212.07627232679135 5873.122 6511.4619 579.5226590324687 7854.9835 8897.7167 2008R "" "" ""
CMFGEN CMFGEN "" "" "" "" "" "" "" "" "" "" "" "" "" "" "" 311.15923602794527 5886.4903 6551.567 649.2248347969679 7861.6677 8870.98 2008R "" "" ""
OBSERVED "" 2.679932912328951 3952.5544 4007.0204 296.21091174958127 3952.5544 4604.6668 415.56268940993675 4604.6668 5517.0326 33.79466436075097 5290.5431 5517.0326 36.89238416436683 5563.6121 5835.6953 249.90168138736453 5835.6953 6519.1071 407.4312840778879 7737.0735 8691.5827 2008R 110.388896749033 3682.1964 3952.5544
CMFGEN CMFGEN -1.3298992017851674e-05 3998.641 4000.1197 464.4277541391024 3998.641 4694.8683 111.84648331117694 4694.8683 5050.0058 28.40366742030679 5235.8307 5500.0274 151.77850268831025 5550.0572 5936.9871 273.088810410817 5936.9871 6518.6141 490.1228363692446 7859.5603 8899.8348 2008R 287.28251643810364 3500.0683 3998.641
CMFGEN CMFGEN -0.0003509803235424158 3997.1623 4000.1197 450.58225648212476 3997.1623 4687.9676 236.18161371551764 4687.9676 5230.9017 35.66539449846877 5230.9017 5500.0274 173.4936040845663 5550.0572 5873.156 229.41523124765536 5873.156 6513.9316 591.3365317407925 7850.9344 8899.8348 2008R 228.18694288372149 3500.0683 3997.1623
CMFGEN CMFGEN 0.0794029730448429 3999.8732 4036.3482 387.99164040153596 4036.3482 4682.0528 242.00359123513408 4682.0528 5225.9727 35.19667354551336 5225.9727 5500.0274 173.82428318455203 5550.0572 5872.9095 212.13267695419586 5872.9095 6512.2064 581.4635757412198 7855.3706 8899.8348 2008R 164.72600943974652 3686.6326 4036.3482
CMFGEN CMFGEN -0.0018152903653589902 3993.219 4000.1197 495.2956078471892 3993.219 4683.0386 120.70494581330041 4683.0386 5050.0058 43.95398369329433 5250.8643 5500.0274 178.15033538566877 5550.0572 5885.4786 311.0524981736665 5885.4786 6551.3923 649.2503334022787 7861.5319 8870.9999 2008R 306.2003812648794 3500.0683 3993.219
OBSERVED "" 1.6551473518048603 3978.1167 4006.2588 293.4528474604557 3978.1167 4615.3326 405.4119306873725 4615.3326 5517.8877 35.08188476967268 5292.7515 5517.8877 45.295105291725974 5558.0906 5829.4602 253.3181076162607 5829.4602 6478.737 414.4214925570543 7747.1384 8635.6224 2008R "" "" ""
CMFGEN CMFGEN 0.0 3998.2182 4000.2283 464.4278124024536 3998.2182 4695.7384 112.05419220611498 4695.7384 5051.5341 30.662453462851204 5236.4674 5501.8065 152.06785294837886 5550.05 5935.9978 273.0355425499673 5935.9978 6518.9399 489.63739691239107 7859.7065 8898.9514 2008R "" "" ""
CMFGEN CMFGEN -4.440892098500626e-16 3998.2182 4000.2283 449.92901800252685 3998.2182 4687.6979 235.97460589058278 4687.6979 5230.437 36.88498032194809 5230.437 5501.8065 173.39326506261955 5550.05 5873.6834 229.5263292550054 5873.6834 6514.9196 590.3691462442087 7853.6761 8898.9514 2008R "" "" ""
CMFGEN CMFGEN 0.1326686291878616 3998.2182 4036.4109 388.0467628733103 4036.4109 4681.6674 242.0336019111366 4681.6674 5226.4167 36.78073597478604 5226.4167 5501.8065 173.72558862172377 5550.05 5873.6834 212.22021249344743 5873.6834 6512.9094 580.6050125074444 7855.6862 8898.9514 2008R "" "" ""
CMFGEN CMFGEN -0.004049333323267845 3992.1877 4000.2283 495.6678827235385 3992.1877 4683.6776 120.52404498546332 4683.6776 5051.5341 45.567216461409885 5250.5384 5501.8065 178.06837763979527 5550.05 5885.7442 311.03864941875094 5885.7442 6551.1022 648.9572752238886 7861.7166 8872.8195 2008R "" "" ""
OBSERVED "" "" "" "" "" "" "" 209.82445021390413 4513.087 5136.019 122.88252492719386 5150.2575 5629.0252 35.367141178299136 5629.0252 5847.9413 138.00766548893677 5847.9413 6287.5533 319.09220659499545 7793.5567 8607.0307 2008ar "" "" ""
CMFGEN CMFGEN "" "" "" "" "" "" 805.5781541011906 4500.6283 5548.9339 156.577067667841 5205.4314 5653.9425 -2.536039369477919 5653.9425 5801.6664 252.47141206959623 5801.6664 6599.4309 462.5656827546467 7501.7881 8898.7993 2008ar "" "" ""
CMFGEN CMFGEN "" "" "" "" "" "" 774.7217891433879 4500.6283 5548.9339 231.1843165252667 5153.8171 5629.0252 -1.8479887053539983 5629.0252 5801.6664 196.434936475904 5801.6664 6599.4309 453.95049121584634 7501.7881 8898.7993 2008ar "" "" ""
CMFGEN CMFGEN "" "" "" "" "" "" 688.4476447971608 4500.6283 5548.9339 194.300372678468 5150.2575 5588.0897 50.0989747206163 5588.0897 5999.2248 54.45165323672563 5999.2248 6599.4309 339.57702589714245 7501.7881 8898.7993 2008ar "" "" ""
CMFGEN CMFGEN "" "" "" "" "" "" 637.5009616763518 4500.6283 5548.9339 41.962569814467315 5299.7611 5662.8415 -5.3181841777041825 5662.8415 5801.6664 219.4792363782949 5801.6664 6583.973 594.3526708623019 7501.7881 8846.6287 2008ar "" "" ""
OBSERVED "" 3.9701319317295543 3963.9931 4002.5239 289.8703339825821 3963.9931 4619.0171 412.46576592288795 4619.0171 5531.9012 30.190257818112542 5297.7524 5531.9012 54.96358353404338 5570.432 5834.22 265.74564493449475 5834.22 6509.9913 494.9835514729341 7740.0138 8807.0212 2008ar "" "" ""
CMFGEN CMFGEN -4.136782490309685 3999.56 4147.7555 -63.09331585427833 4147.7555 4450.0743 806.2504562723557 4500.4607 5549.6847 160.71436522610009 5199.9433 5653.4215 -2.6464210906349592 5653.4215 5801.617 251.58903543127622 5801.617 6598.9086 461.2150440302505 7502.901 8898.9024 2008ar "" "" ""
CMFGEN CMFGEN 6.803434302240419 3999.56 4147.7555 -78.32172906113567 4147.7555 4450.0743 776.4352351559403 4500.4607 5549.6847 231.8482811805556 5152.5208 5629.7102 -1.7087482547018737 5629.7102 5801.617 196.58204058126114 5801.617 6598.9086 452.0059795087283 7502.901 8898.9024 2008ar "" "" ""
CMFGEN CMFGEN 16.792630814963587 3999.56 4147.7555 -96.54084660885667 4147.7555 4450.0743 690.1820542486635 4500.4607 5549.6847 190.10808768990387 5155.4847 5588.2155 49.676112732913566 5588.2155 5997.235 55.35212179885957 5997.235 6598.9086 337.629522003886 7502.901 8898.9024 2008ar "" "" ""
CMFGEN CMFGEN 11.141205312501796 3999.56 4147.7555 113.86457429656267 4147.7555 4473.7855 639.5017266102159 4500.4607 5549.6847 40.58629724638479 5297.7524 5662.3132 -5.415285521944099 5662.3132 5801.617 219.02225743140173 5801.617 6584.0891 591.766646130627 7502.901 8845.552 2008ar "" "" ""
OBSERVED "" 19.637840723538545 3946.2771 4086.0224 144.2086245710069 3946.2771 4600.1797 185.22155229305554 4600.1797 5219.8052 92.40322770543014 5219.8052 5610.0375 "" "" "" "" "" "" "" "" "" 2008ar 154.3265240567493 3574.5018 3946.2771
CMFGEN CMFGEN -4.216302437408899 3999.0111 4149.3033 -67.94306675937446 4149.3033 4452.5243 804.0534314679269 4502.6217 5549.3932 157.0733361596046 5203.985 5654.8614 "" "" "" "" "" "" "" "" "" 2008ar 125.18020139187547 3774.8913 4099.2059
CMFGEN CMFGEN 6.994197162775606 3999.0111 4149.3033 -82.4497005936231 4149.3033 4452.5243 773.9104807648002 4502.6217 5549.3932 231.32394599711228 5153.8876 5628.4944 "" "" "" "" "" "" "" "" "" 2008ar 146.2400966994561 3756.4343 4099.2059
CMFGEN CMFGEN 17.342461737853625 3999.0111 4149.3033 -100.15894123103311 4149.3033 4452.5243 687.4282345661609 4502.6217 5549.3932 190.51062866254622 5153.8876 5588.9438 "" "" "" "" "" "" "" "" "" 2008ar 144.35844506928086 3761.7078 4099.2059
CMFGEN CMFGEN 11.382332938280115 3999.0111 4149.3033 112.93440234759683 4149.3033 4473.6179 635.8376708627402 4502.6217 5549.3932 41.272494030435496 5298.9063 5662.7715 "" "" "" "" "" "" "" "" "" 2008ar 83.47098613819864 3798.6216 4099.2059
OBSERVED "" "" "" "" "" "" "" "" "" "" 92.61802942528226 5212.9189 5607.9609 23.7687064907243 5607.9609 5855.8304 109.369276357878 5855.8304 6332.2047 230.57855483023695 7815.5488 8574.6492 2008ar "" "" ""
CMFGEN CMFGEN "" "" "" "" "" "" "" "" "" 156.50870949783933 5205.173 5654.4365 -2.4623498333482132 5654.4365 5801.609 251.70994458841324 5801.609 6599.439 463.03251025182215 7501.839 8899.978 2008ar "" "" ""
CMFGEN CMFGEN "" "" "" "" "" "" "" "" "" 233.8184015422278 5150.9515 5627.3257 -2.2070384602987474 5627.3257 5801.609 196.62547767548313 5801.609 6599.439 453.6674224944511 7501.839 8899.978 2008ar "" "" ""
CMFGEN CMFGEN "" "" "" "" "" "" "" "" "" 190.34598385726474 5154.8245 5588.5961 50.07688302585717 5588.5961 5999.13 54.84604113814885 5999.13 6599.439 339.21516443096334 7501.839 8899.978 2008ar "" "" ""
CMFGEN CMFGEN "" "" "" "" "" "" "" "" "" 40.841643350253094 5298.124 5662.1824 -5.432946305624512 5662.1824 5801.609 219.05707507358954 5801.609 6583.9471 594.1966662752708 7501.839 8845.7565 2008ar "" "" ""
OBSERVED "" 38.954041184891025 3944.8074 4148.3926 216.68974175109338 3944.8074 4588.5569 237.82904343667002 4588.5569 5232.0621 37.61654194278208 5232.0621 5544.4052 56.3860301465088 5550.2708 5874.3452 125.4201611215284 5874.3452 6338.7051 343.1151409456131 7761.6018 8659.0385 2008ar 137.73298312308438 3589.4498 3944.8074
CMFGEN CMFGEN -4.293859646575697 3999.7974 4149.859 -63.02012108507074 4149.859 4450.2265 806.6998752966758 4500.0841 5549.782 157.18892415454224 5204.6893 5653.8964 -2.5824492549830325 5653.8964 5800.0476 252.87908418125346 5800.0476 6599.9687 465.18964310577155 7500.0938 8899.7725 2008ar 125.68414473078133 3774.4606 4099.757
CMFGEN CMFGEN 6.775995368404267 3999.7974 4149.859 -77.89062079132873 4149.859 4450.2265 776.9943563362508 4500.0841 5549.782 233.91368844611048 5150.1881 5628.7232 -1.965394231181989 5628.7232 5800.0476 197.9667380687996 5800.0476 6599.9687 456.71770618179335 7500.0938 8899.7725 2008ar 145.8395856736214 3757.8414 4099.757
CMFGEN CMFGEN 17.057825044359788 3999.7974 4149.859 -95.39521000056527 4149.859 4450.2265 690.8552832949255 4500.0841 5549.782 194.49762035402608 5150.1881 5587.9084 50.264105168149854 5587.9084 5999.9668 54.62783776621643 5999.9668 6599.9687 342.28499867391884 7500.0938 8899.7725 2008ar 145.1276152326925 3761.263 4099.757
