results/equivalent_width/fixed_True.ecsv
# %ECSV 0.9
# ---
# datatype:
# - name: model
#   datatype: string
# - name: version
#   datatype: string
# - name: pW2
#   datatype: float64
# - name: pW2_start
#   datatype: float64
# - name: pW2_end
#   datatype: float64
# - name: pW3
#   datatype: float64
# - name: pW3_start
#   datatype: float64
# - name: pW3_end
#   datatype: float64
# - name: pW4
#   datatype: float64
# - name: pW4_start
#   datatype: float64
# - name: pW4_end
#   datatype: float64
# - name: pW5
#   datatype: float64
# - name: pW5_start
#   datatype: float64
# - name: pW5_end
#   datatype: float64
# - name: pW6
#   datatype: float64
# - name: pW6_start
#   datatype: float64
# - name: pW6_end
#   datatype: float64
# - name: pW7
#   datatype: float64
# - name: pW7_start
#   datatype: float64
# - name: pW7_end
#   datatype: float64
# - name: pW8
#   datatype: float64
# - name: pW8_start
#   datatype: float64
# - name: pW8_end
#   datatype: float64
# - name: obj_id
#   datatype: string
# - name: pW1
#   datatype: float64
# - name: pW1_start
#   datatype: float64
# - name: pW1_end
#   datatype: float64
# schema: astropy-2.0
model version pW2 pW2_start pW2_end pW3 pW3_start pW3_end pW4 pW4_start pW4_end pW5 pW5_start pW5_end pW6 pW6_start pW6_end pW7 pW7_start pW7_end pW8 pW8_start pW8_end obj_id pW1 pW1_start pW1_end
[from data line 1325]
obs "" 30.059896671499374 3980.7024 4028.9585 280.86356863609797 4028.9585 4620.0962 283.70902526903865 4620.0962 5446.4825 86.45963387048198 5283.618 5570.1388 123.65048817141769 5570.1388 5983.332 236.7502804618448 5983.332 6580.5016 318.7359304810866 7771.825 8384.0747 2006mr "" "" ""
CMFGEN CMFGEN -1.1565510484792796 3980.7024 4028.9585 425.9285739993984 4028.9585 4620.0962 -30.99620491817859 4620.0962 5446.4825 119.04169235421705 5283.618 5570.1388 29.361204962393515 5570.1388 5983.332 203.01754013543194 5983.332 6580.5016 -467.45841418759005 7771.825 8384.0747 2006mr "" "" ""
CMFGEN CMFGEN -0.3444680103389288 3980.7024 4028.9585 405.40394078377113 4028.9585 4620.0962 -6.208629197062351 4620.0962 5446.4825 106.73253332722061 5283.618 5570.1388 27.663086364574724 5570.1388 5983.332 127.29712051957699 5983.332 6580.5016 -90.84779416430422 7771.825 8384.0747 2006mr "" "" ""
CMFGEN CMFGEN 0.9270583704629374 3980.7024 4028.9585 369.81434619217146 4028.9585 4620.0962 22.118777098539567 4620.0962 5446.4825 86.32798006052226 5283.618 5570.1388 38.47912268264122 5570.1388 5983.332 76.98661824938563 5983.332 6580.5016 -59.58681105691028 7771.825 8384.0747 2006mr "" "" ""
CMFGEN CMFGEN -1.2122436496416356 3980.7024 4028.9585 445.8018834927673 4028.9585 4620.0962 -84.0244896913182 4620.0962 5446.4825 135.16590138436007 5283.618 5570.1388 -20.345477155461936 5570.1388 5983.332 224.98298527021143 5983.332 6580.5016 77.01387484237398 7771.825 8384.0747 2006mr "" "" ""
obs "" "" "" "" "" "" "" 330.24217283962287 4611.9697 5426.2869 20.8667594994526 5263.4235 5501.6867 288.9669883099055 5552.9585 5881.7014 328.83342274089955 5881.7014 6509.0272 894.3980152006926 7534.4637 8659.4279 2006mr "" "" ""
CMFGEN CMFGEN "" "" "" "" "" "" -86.58703796015357 4611.9697 5426.2869 46.37299891954757 5263.4235 5501.6867 163.83214755282282 5552.9585 5881.7014 267.6205917452238 5881.7014 6509.0272 -215.4957393127802 7534.4637 8659.4279 2006mr "" "" ""
CMFGEN CMFGEN "" "" "" "" "" "" -79.15363534138214 4611.9697 5426.2869 52.767986731203536 5263.4235 5501.6867 168.82370603021707 5552.9585 5881.7014 229.12916944654802 5881.7014 6509.0272 16.027383349443426 7534.4637 8659.4279 2006mr "" "" ""
CMFGEN CMFGEN "" "" "" "" "" "" -50.895766846967376 4611.9697 5426.2869 48.84461866647467 5263.4235 5501.6867 169.73684471066417 5552.9585 5881.7014 212.3493629512916 5881.7014 6509.0272 57.439639285672456 7534.4637 8659.4279 2006mr "" "" ""
CMFGEN CMFGEN "" "" "" "" "" "" -158.07635424370983 4611.9697 5426.2869 52.400631067725016 5263.4235 5501.6867 176.00403118987927 5552.9585 5881.7014 291.3275169864235 5881.7014 6509.0272 171.65788123869265 7534.4637 8659.4279 2006mr "" "" ""
obs "" "" "" "" "" "" "" "" "" "" 29.36705988543747 5274.3855 5600.752 55.67628772758758 5600.752 5917.4485 124.58358071074736 5917.4485 6437.2175 357.1709504713755 7799.4957 8544.095 2006mr "" "" ""
CMFGEN CMFGEN "" "" "" "" "" "" "" "" "" 151.43544608722797 5274.3855 5600.752 96.80551850015064 5600.752 5917.4485 186.1293135088216 5917.4485 6437.2175 -52.97327611349601 7799.4957 8544.095 2006mr "" "" ""
CMFGEN CMFGEN "" "" "" "" "" "" "" "" "" 138.37735018961587 5274.3855 5600.752 98.48472681555731 5600.752 5917.4485 153.15291152242128 5917.4485 6437.2175 181.46735335081928 7799.4957 8544.095 2006mr "" "" ""
CMFGEN CMFGEN "" "" "" "" "" "" "" "" "" 113.46269555041204 5274.3855 5600.752 98.81307473129289 5600.752 5917.4485 148.10289968471153 5917.4485 6437.2175 193.03154087045084 7799.4957 8544.095 2006mr "" "" ""
CMFGEN CMFGEN "" "" "" "" "" "" "" "" "" 167.21684483750278 5274.3855 5600.752 114.6121915679307 5600.752 5917.4485 222.18426113770386 5917.4485 6437.2175 275.8705516808099 7799.4957 8544.095 2006mr "" "" ""
obs "" "" "" "" "" "" "" 153.39366497146023 4592.5614 5251.1151 30.51348063541775 5251.1151 5602.1025 56.187306172002366 5602.1025 5921.7302 124.92338477959129 5921.7302 6417.4547 342.619609234295 7809.3429 8535.4406 2006mr "" "" ""
CMFGEN CMFGEN "" "" "" "" "" "" -12.488338595571577 4592.5614 5251.1151 145.13596777937056 5251.1151 5602.1025 93.15691915937754 5602.1025 5921.7302 165.14148371841185 5921.7302 6417.4547 53.51009929383986 7809.3429 8535.4406 2006mr "" "" ""
CMFGEN CMFGEN "" "" "" "" "" "" 27.60785226941016 4592.5614 5251.1151 134.87320499219464 5251.1151 5602.1025 94.407583061623 5602.1025 5921.7302 135.79993232286984 5921.7302 6417.4547 220.89354657615615 7809.3429 8535.4406 2006mr "" "" ""
CMFGEN CMFGEN "" "" "" "" "" "" 50.130441540281595 4592.5614 5251.1151 112.61281235730829 5251.1151 5602.1025 94.65378387600768 5602.1025 5921.7302 133.22930460170278 5921.7302 6417.4547 224.07274197830884 7809.3429 8535.4406 2006mr "" "" ""
CMFGEN CMFGEN "" "" "" "" "" "" -28.35074674155203 4592.5614 5251.1151 161.37090894616273 5251.1151 5602.1025 108.5171333695231 5602.1025 5921.7302 192.05928636668534 5921.7302 6417.4547 290.7621771998313 7809.3429 8535.4406 2006mr "" "" ""
obs "" 0.2216041906800328 3983.4302 4001.5722 295.6328327813817 3983.4302 4591.1857 236.76708780677018 4591.1857 5549.6856 33.22311564529895 5289.6509 5616.2061 43.964042875299015 5616.2061 5918.572 135.09093207830324 5918.572 6553.5404 332.08056935145476 7802.3116 8543.1081 2006mr "" "" ""
CMFGEN CMFGEN -0.031801188592879726 3983.4302 4001.5722 410.25685468548767 3983.4302 4591.1857 -280.26013987985107 4591.1857 5549.6856 172.1846833573038 5289.6509 5616.2061 78.63099164233859 5616.2061 5918.572 266.7951865092911 5918.572 6553.5404 -24.17292016192323 7802.3116 8543.1081 2006mr "" "" ""
CMFGEN CMFGEN -0.04372347517279351 3983.4302 4001.5722 383.52119104384235 3983.4302 4591.1857 -296.0188352380644 4591.1857 5549.6856 155.46746511786682 5289.6509 5616.2061 80.8587672906396 5616.2061 5918.572 220.47338945841955 5918.572 6553.5404 193.29955967784178 7802.3116 8543.1081 2006mr "" "" ""
CMFGEN CMFGEN -0.0027334727609584775 3983.4302 4001.5722 332.5551818274954 3983.4302 4591.1857 -285.9066727661434 4591.1857 5549.6856 128.24102269289233 5289.6509 5616.2061 80.91738941843036 5616.2061 5918.572 194.101318770715 5918.572 6553.5404 202.54297631297197 7802.3116 8543.1081 2006mr "" "" ""
CMFGEN CMFGEN -0.06186017376034414 3983.4302 4001.5722 432.62145626478764 3983.4302 4591.1857 -347.84819869004104 4591.1857 5549.6856 189.7735698167307 5289.6509 5616.2061 98.06970764604642 5616.2061 5918.572 312.5653479180112 5918.572 6553.5404 280.8411479086741 7802.3116 8543.1081 2006mr "" "" ""
obs "" 1.2459744319796933 3983.4302 4001.5722 350.8882042589049 4001.5722 4621.4223 319.7491403563115 4621.4223 5543.6383 21.226141414579473 5298.7219 5543.6383 163.54340949789827 5567.8276 5945.785 110.2607887109998 5945.785 6517.2565 535.3747886736198 7684.3889 8700.3384 2006mr "" "" ""
CMFGEN CMFGEN -0.031801188592879726 3983.4302 4001.5722 442.03077518817327 4001.5722 4621.4223 97.16723334049288 4621.4223 5543.6383 93.30609273884326 5298.7219 5543.6383 126.29264502507684 5567.8276 5945.785 272.402716355626 5945.785 6517.2565 -64.18862163032145 7684.3889 8700.3384 2006mr "" "" ""
CMFGEN CMFGEN -0.04372347517279351 3983.4302 4001.5722 424.65670013974716 4001.5722 4621.4223 97.8379390960115 4621.4223 5543.6383 82.34152751751014 5298.7219 5543.6383 126.08658092372758 5567.8276 5945.785 224.15009962648458 5945.785 6517.2565 306.45346601351093 7684.3889 8700.3384 2006mr "" "" ""
CMFGEN CMFGEN -0.0027334727609584775 3983.4302 4001.5722 384.66769177405183 4001.5722 4621.4223 97.38077409332959 4621.4223 5543.6383 68.03379212311097 5298.7219 5543.6383 128.07412554106858 5567.8276 5945.785 200.72602279962928 5945.785 6517.2565 329.1054758665085 7684.3889 8700.3384 2006mr "" "" ""
CMFGEN CMFGEN -0.06186017376034414 3983.4302 4001.5722 462.1592796676805 4001.5722 4621.4223 77.11990125007537 4621.4223 5543.6383 109.89928386634526 5298.7219 5543.6383 104.09692559848787 5567.8276 5945.785 275.71986241246526 5945.785 6517.2565 211.17204834840163 7684.3889 8700.3384 2006mr "" "" ""
obs "" 0.0652113188629766 3992.5012 4001.5722 341.8054775600235 3992.5012 4597.233 344.2631228715786 4597.233 5549.6856 47.01197075788053 5289.6509 5628.3008 42.31068906227668 5628.3008 5903.4537 173.72017373117285 5903.4537 6553.5404 410.9076592115521 7766.0277 8594.5103 2006mr "" "" ""
CMFGEN CMFGEN -0.002978263251597113 3992.5012 4001.5722 416.74322419054636 3992.5012 4597.233 -175.04666047122987 4597.233 5549.6856 186.5659365019 5289.6509 5628.3008 74.75341829266424 5628.3008 5903.4537 265.85854060930933 5903.4537 6553.5404 -197.77278508907625 7766.0277 8594.5103 2006mr "" "" ""
CMFGEN CMFGEN -0.00835086117669448 3992.5012 4001.5722 390.8688389705853 3992.5012 4597.233 -193.91618990195502 4597.233 5549.6856 170.18747333280538 5289.6509 5628.3008 78.84024767156373 5628.3008 5903.4537 220.9714590568164 5903.4537 6553.5404 201.48175430292508 7766.0277 8594.5103 2006mr "" "" ""
CMFGEN CMFGEN 0.001612386163204249 3992.5012 4001.5722 341.5150220152036 3992.5012 4597.233 -191.3130155722465 4597.233 5549.6856 143.06514185937357 5289.6509 5628.3008 78.96765556726996 5628.3008 5903.4537 195.6901899302893 5903.4537 6553.5404 231.11505006948767 7766.0277 8594.5103 2006mr "" "" ""
CMFGEN CMFGEN -0.006896300562781121 3992.5012 4001.5722 438.23554610581493 3992.5012 4597.233 -232.77759360389655 4597.233 5549.6856 203.23623167523667 5289.6509 5628.3008 96.12293835221263 5628.3008 5903.4537 313.1562543408173 5903.4537 6553.5404 214.3699897042078 7766.0277 8594.5103 2006mr "" "" ""
obs "" 25.832942381286117 3959.11043041148 4038.39060059648 342.07797602833557 3959.11043041148 4599.45026652114 354.59823338165734 4599.45026652114 5547.7630714264 55.584581818938545 5285.52866235292 5611.79705503736 26.700428876351253 5611.79705503736 5800.84976855545 212.81693197937864 5800.84976855545 6526.56824947973 "" "" "" 2006mr "" "" ""
CMFGEN CMFGEN -5.737130662219002 3959.11043041148 4038.39060059648 427.4362565296351 3959.11043041148 4599.45026652114 -141.97450521320297 4599.45026652114 5547.7630714264 166.71412905463987 5285.52866235292 5611.79705503736 84.40666950824087 5611.79705503736 5800.84976855545 104.64771891107091 5800.84976855545 6526.56824947973 "" "" "" 2006mr "" "" ""
CMFGEN CMFGEN -4.86756782239253 3959.11043041148 4038.39060059648 405.800333020118 3959.11043041148 4599.45026652114 -159.23276624001073 4599.45026652114 5547.7630714264 151.10098571765437 5285.52866235292 5611.79705503736 82.6457156728114 5611.79705503736 5800.84976855545 36.039172904408474 5800.84976855545 6526.56824947973 "" "" "" 2006mr "" "" ""
CMFGEN CMFGEN -1.8480281577411404 3959.11043041148 4038.39060059648 358.66766906645137 3959.11043041148 4599.45026652114 -156.17721207308364 4599.45026652114 5547.7630714264 124.2946126511819 5285.52866235292 5611.79705503736 76.37253289843314 5611.79705503736 5800.84976855545 8.281164482715667 5800.84976855545 6526.56824947973 "" "" "" 2006mr "" "" ""
CMFGEN CMFGEN -5.716899755801919 3959.11043041148 4038.39060059648 448.027338448859 3959.11043041148 4599.45026652114 -198.86728923523492 4599.45026652114 5547.7630714264 183.47969881179634 5285.52866235292 5611.79705503736 92.90188874029687 5611.79705503736 5800.84976855545 92.71770761942548 5800.84976855545 6526.56824947973 "" "" "" 2006mr "" "" ""
obs "" 2.710358294702523 3974.3592 4001.5722 364.6903009015071 3974.3592 4597.233 364.0884424672239 4597.233 5549.6856 45.57565148771312 5295.6983 5610.1588 39.382724957470145 5610.1588 5864.1462 194.24674459120826 5864.1462 6556.5641 419.10406207922915 7799.288 8603.5813 2006mr "" "" ""
CMFGEN CMFGEN -0.16568859153017002 3974.3592 4001.5722 422.0982647690079 3974.3592 4597.233 -175.04666047122987 4597.233 5549.6856 164.44406101136698 5295.6983 5610.1588 111.10904770043763 5610.1588 5864.1462 261.70195114610885 5864.1462 6556.5641 -0.6122377309759486 7799.288 8603.5813 2006mr "" "" ""
CMFGEN CMFGEN -0.21363172637907724 3974.3592 4001.5722 399.077448562513 3974.3592 4597.233 -193.91618990195502 4597.233 5549.6856 145.98305068995865 5295.6983 5610.1588 113.86113259374744 5610.1588 5864.1462 217.41782457828367 5864.1462 6556.5641 257.7936835489493 7799.288 8603.5813 2006mr "" "" ""
CMFGEN CMFGEN -0.11342591648822165 3974.3592 4001.5722 351.4236435195604 3974.3592 4597.233 -191.3130155722465 4597.233 5549.6856 118.80731197307455 5295.6983 5610.1588 112.02879213883253 5610.1588 5864.1462 190.70116462554438 5864.1462 6556.5641 266.29422277112417 7799.288 8603.5813 2006mr "" "" ""
CMFGEN CMFGEN -0.1908433677726009 3974.3592 4001.5722 443.16508178480285 3974.3592 4597.233 -232.77759360389655 4597.233 5549.6856 184.02337007869357 5295.6983 5610.1588 126.92888635783231 5610.1588 5864.1462 301.7965681615042 5864.1462 6556.5641 292.39006029732343 7799.288 8603.5813 2006mr "" "" ""
obs "" 4.219810655902803 3993.0267 4005.5709 425.72875225876606 4005.5709 4632.1189 395.9388937371784 4632.1189 5504.9288 50.690028239854485 5269.8907 5504.9288 253.49726779020506 5575.5722 5954.5381 "" "" "" "" "" "" 2006mr "" "" ""
CMFGEN CMFGEN -0.015340891887889896 3993.0267 4005.5709 446.0460987846659 4005.5709 4632.1189 93.36804274186329 4632.1189 5504.9288 52.42799072047714 5269.8907 5504.9288 104.17028649764035 5575.5722 5954.5381 "" "" "" "" "" "" 2006mr "" "" ""
CMFGEN CMFGEN -0.036705318285395805 3993.0267 4005.5709 429.1315797605552 4005.5709 4632.1189 113.70012693031799 4632.1189 5504.9288 57.046770678642986 5269.8907 5504.9288 101.46823717328203 5575.5722 5954.5381 "" "" "" "" "" "" 2006mr "" "" ""
CMFGEN CMFGEN -0.0052584945492508695 3993.0267 4005.5709 390.2283125600356 4005.5709 4632.1189 126.06886577410785 4632.1189 5504.9288 51.94053180738996 5269.8907 5504.9288 103.22557224466948 5575.5722 5954.5381 "" "" "" "" "" "" 2006mr "" "" ""
CMFGEN CMFGEN -0.030564865623267323 3993.0267 4005.5709 469.66744859097264 4005.5709 4632.1189 98.65541648199678 4632.1189 5504.9288 58.94868237391637 5269.8907 5504.9288 72.95824000259523 5575.5722 5954.5381 "" "" "" "" "" "" 2006mr "" "" ""
obs "" "" "" "" "" "" "" "" "" "" "" "" "" "" "" "" 98.0651777016441 5954.7257 6267.8987 391.7231914911192 7567.735 8308.5744 2006mr "" "" ""
CMFGEN CMFGEN "" "" "" "" "" "" "" "" "" "" "" "" "" "" "" 66.33706161320825 5954.7257 6267.8987 -698.0626662918298 7567.735 8308.5744 2006mr "" "" ""
CMFGEN CMFGEN "" "" "" "" "" "" "" "" "" "" "" "" "" "" "" 79.14437200838537 5954.7257 6267.8987 -821.0831181860844 7567.735 8308.5744 2006mr "" "" ""
CMFGEN CMFGEN "" "" "" "" "" "" "" "" "" "" "" "" "" "" "" 79.41947146279892 5954.7257 6267.8987 -766.2767574548707 7567.735 8308.5744 2006mr "" "" ""
CMFGEN CMFGEN "" "" "" "" "" "" "" "" "" "" "" "" "" "" "" 49.36869105062965 5954.7257 6267.8987 -332.8174728244003 7567.735 8308.5744 2006mr "" "" ""
obs "" "" "" "" "" "" "" 271.5815487727408 4630.3419 5386.3748 63.89175878027052 5293.9341 5554.7489 69.02015682031967 5554.7489 5828.7696 158.71135655699015 5828.7696 6340.4949 629.2538273911321 7558.7313 8783.5705 2006mr "" "" ""
CMFGEN CMFGEN "" "" "" "" "" "" 57.74865954196207 4630.3419 5386.3748 104.2566150628576 5293.9341 5554.7489 159.58025557161668 5554.7489 5828.7696 -30.448064833312856 5828.7696 6340.4949 81.65235501455777 7558.7313 8783.5705 2006mr "" "" ""
CMFGEN CMFGEN "" "" "" "" "" "" 69.47996163875962 4630.3419 5386.3748 91.89961992880447 5293.9341 5554.7489 160.32772519281897 5554.7489 5828.7696 -19.767436838610934 5828.7696 6340.4949 143.78770077100808 7558.7313 8783.5705 2006mr "" "" ""
CMFGEN CMFGEN "" "" "" "" "" "" 81.43209475728213 4630.3419 5386.3748 74.69743314937148 5293.9341 5554.7489 156.88866184314534 5554.7489 5828.7696 -28.692187681336463 5828.7696 6340.4949 55.37427932630021 7558.7313 8783.5705 2006mr "" "" ""
CMFGEN CMFGEN "" "" "" "" "" "" 53.671296524892796 4630.3419 5386.3748 121.94702103342794 5293.9341 5554.7489 158.77119113382872 5554.7489 5828.7696 -71.45591314185742 5828.7696 6340.4949 636.4890606117839 7558.7313 8783.5705 2006mr "" "" ""
