results/equivalent_width/fixed_True.ecsv
# %ECSV 0.9
# ---
# datatype:
# - name: model
#   datatype: string
# - name: version
#   datatype: string
# - name: time
#   datatype: float64
# - name: pW2
#   datatype: float64
# - name: pW2_start
#   datatype: float64
# - name: pW2_end
#   datatype: float64
# - name: pW3
#   datatype: float64
# - name: pW3_start
#   datatype: float64
# - name: pW3_end
#   datatype: float64
# - name: pW4
#   datatype: float64
# - name: pW4_start
#   datatype: float64
# - name: pW4_end
#   datatype: float64
# - name: pW5
#   datatype: float64
# - name: pW5_start
#   datatype: float64
# - name: pW5_end
#   datatype: float64
# - name: pW6
#   datatype: float64
# - name: pW6_start
#   datatype: float64
# - name: pW6_end
#   datatype: float64
# - name: pW7
#   datatype: float64
# - name: pW7_start
#   datatype: float64
# - name: pW7_end
#   datatype: float64
# - name: pW8
#   datatype: float64
# - name: pW8_start
#   datatype: float64
# - name: pW8_end
#   datatype: float64
# - name: pW1
#   datatype: float64
# - name: pW1_start
#   datatype: float64
# - name: pW1_end
#   datatype: float64
# - name: obj_id
#   datatype: string
# schema: astropy-2.0
model version time pW2 pW2_start pW2_end pW3 pW3_start pW3_end pW4 pW4_start pW4_end pW5 pW5_start pW5_end pW6 pW6_start pW6_end pW7 pW7_start pW7_end pW8 pW8_start pW8_end pW1 pW1_start pW1_end obj_id
[from data line 904]
CMFGEN 1.7 2400007.16 -90.17914542861612 3903.9677 4074.9549 289.0742696702495 4074.9549 4539.9199 -758.0706486270807 4539.9199 5208.8696 82.92804094122027 5208.8696 5601.8401 132.01686863681402 5601.8401 5877.8193 309.03124734418134 5877.8193 6561.7679 382.9684979303563 7881.6686 8616.6134 "" "" "" 2007S
OBSERVED "" 2400013.16 16.54286558012226 3954.9639 4068.9553 199.4383338958472 3954.9639 4551.919 232.95667385126015 4551.919 5217.8689 19.144037977987043 5217.8689 5502.8475 51.54907271009844 5553.8437 5862.8204 161.20803528054617 5862.8204 6561.7679 211.20110829713644 7908.6666 8709.6064 "" "" "" 2007S
CMFGEN 1.04 2400013.16 -15.389700949827724 3954.9639 4068.9553 331.4262081506581 3954.9639 4551.919 -386.8461956093814 4551.919 5217.8689 11.551803818734122 5217.8689 5502.8475 167.08599383580287 5553.8437 5862.8204 259.421066511374 5862.8204 6561.7679 381.2738315164603 7908.6666 8709.6064 "" "" "" 2007S
CMFGEN 1.02 2400013.16 -13.506854259305253 3954.9639 4068.9553 268.02747391518614 3954.9639 4551.919 -333.1580307274083 4551.919 5217.8689 25.557067776419107 5217.8689 5502.8475 171.31533611620887 5553.8437 5862.8204 213.74199023532188 5862.8204 6561.7679 408.4402106961053 7908.6666 8709.6064 "" "" "" 2007S
CMFGEN 1.4 2400013.16 -7.999113423054725 3954.9639 4068.9553 195.49373309242554 3954.9639 4551.919 -253.60833545999262 4551.919 5217.8689 31.064872492252498 5217.8689 5502.8475 170.918607799967 5553.8437 5862.8204 184.57379128675447 5862.8204 6561.7679 394.25649192045046 7908.6666 8709.6064 "" "" "" 2007S
CMFGEN 1.7 2400013.16 -17.133482940817636 3954.9639 4068.9553 356.3553257710228 3954.9639 4551.919 -523.8880887070457 4551.919 5217.8689 -12.627971076250379 5217.8689 5502.8475 176.56383587254388 5553.8437 5862.8204 299.844492052998 5862.8204 6561.7679 487.9610158896012 7908.6666 8709.6064 "" "" "" 2007S
OBSERVED "" 2399988.27 2.5582922746420373 3946.1301 4000.0366 115.76809171446621 3946.1301 4545.3211 "" "" "" "" "" "" "" "" "" "" "" "" "" "" "" 9.04780722045604 3784.4107 3946.1301 2007S
CMFGEN 1.04 2399988.27 -1.6995551333640304 3946.1301 4000.0366 307.8632081869797 3946.1301 4545.3211 "" "" "" "" "" "" "" "" "" "" "" "" "" "" "" 61.47785218728785 3784.4107 3946.1301 2007S
CMFGEN 1.02 2399988.27 -2.9421701238890514 3946.1301 4000.0366 227.41064676947815 3946.1301 4545.3211 "" "" "" "" "" "" "" "" "" "" "" "" "" "" "" 61.94606353424727 3784.4107 3946.1301 2007S
CMFGEN 1.4 2399988.27 -3.623398278394755 3946.1301 4000.0366 143.67126366399373 3946.1301 4545.3211 "" "" "" "" "" "" "" "" "" "" "" "" "" "" "" 56.40862563403623 3784.4107 3946.1301 2007S
CMFGEN 1.7 2399988.27 -2.2933594324157736 3946.1301 4000.0366 330.96134572742 3946.1301 4545.3211 "" "" "" "" "" "" "" "" "" "" "" "" "" "" "" 90.14789089254045 3784.4107 3946.1301 2007S
OBSERVED "" 2400000.18 8.162164037740329 3981.9619 4062.9558 104.49716092859815 4062.9558 4488.9237 130.54327210295213 4509.9222 5109.8771 77.71670786816468 5214.8692 5682.834 12.21722352600069 5682.834 5877.8193 234.48306988028418 5877.8193 6564.7677 112.43998351070579 7803.6745 8514.621 "" "" "" 2007S
CMFGEN 1.04 2400000.18 -4.744206583607066 3981.9619 4062.9558 153.15504148244116 4062.9558 4488.9237 -1173.1586155059526 4509.9222 5109.8771 213.94711847499724 5214.8692 5682.834 35.06488359501236 5682.834 5877.8193 260.5342695478232 5877.8193 6564.7677 10.540723767136427 7803.6745 8514.621 "" "" "" 2007S
CMFGEN 1.02 2400000.18 -2.5760267360692564 3981.9619 4062.9558 53.06286683144813 4062.9558 4488.9237 -1327.6131236935025 4509.9222 5109.8771 207.88228964273677 5214.8692 5682.834 43.32748770374308 5682.834 5877.8193 214.78149648250235 5877.8193 6564.7677 166.27020962345864 7803.6745 8514.621 "" "" "" 2007S
CMFGEN 1.4 2400000.18 -0.8234642668370108 3981.9619 4062.9558 12.054985131585479 4062.9558 4488.9237 -1185.1345767855228 4509.9222 5109.8771 193.34560205633542 5214.8692 5682.834 46.23130537919664 5682.834 5877.8193 185.26503642025932 5877.8193 6564.7677 171.24122939390082 7803.6745 8514.621 "" "" "" 2007S
CMFGEN 1.7 2400000.18 -5.127978147335726 3981.9619 4062.9558 200.51298589636883 4062.9558 4488.9237 -1393.3527225292678 4509.9222 5109.8771 198.5690697079941 5214.8692 5682.834 52.678058141970055 5682.834 5877.8193 308.8132257566334 5877.8193 6564.7677 269.2181030059015 7803.6745 8514.621 "" "" "" 2007S
OBSERVED "" 2400034.7600000002 -0.20730545047459606 3960.8434 4000.1669 289.7384927875622 3960.8434 4608.1683 426.73915386757744 4608.1683 5548.9069 27.575233059081693 5297.8416 5548.9069 61.91388519777301 5551.9318 5821.1464 253.07233699275554 5821.1464 6495.6952 455.1896185185584 7732.8723 8776.4569 "" "" "" 2007af
CMFGEN 1.04 2400034.7600000002 -0.6939903799319881 3960.8434 4000.1669 441.6289551816929 3960.8434 4608.1683 -18.63781612793853 4608.1683 5548.9069 98.26402432242296 5297.8416 5548.9069 155.9626735964942 5551.9318 5821.1464 184.91964998451712 5821.1464 6495.6952 101.66899199338397 7732.8723 8776.4569 "" "" "" 2007af
CMFGEN 1.02 2400034.7600000002 -1.1381684531588854 3960.8434 4000.1669 424.84267116623164 3960.8434 4608.1683 -30.052382007108356 4608.1683 5548.9069 86.24401121018053 5297.8416 5548.9069 156.40291573259185 5551.9318 5821.1464 133.05510479103722 5821.1464 6495.6952 331.0971266050581 7732.8723 8776.4569 "" "" "" 2007af
CMFGEN 1.4 2400034.7600000002 -1.1451878335949066 3960.8434 4000.1669 382.66760428762683 3960.8434 4608.1683 -31.26037068607677 4608.1683 5548.9069 70.55926535094667 5297.8416 5548.9069 152.50396252070547 5551.9318 5821.1464 109.44500165388102 5821.1464 6495.6952 303.9674883612998 7732.8723 8776.4569 "" "" "" 2007af
CMFGEN 1.7 2400034.7600000002 -0.6685463232949665 3960.8434 4000.1669 460.10744051181643 3960.8434 4608.1683 -69.10494296467093 4608.1683 5548.9069 115.47082794758478 5297.8416 5548.9069 156.02449085289803 5551.9318 5821.1464 160.40045473214457 5821.1464 6495.6952 512.7322743353341 7732.8723 8776.4569 "" "" "" 2007af
OBSERVED "" 2400004.68 25.64318214880651 3936.97 4093.776 158.1792712802078 3936.97 4549.1165 188.76844595356636 4549.1165 5224.5885 91.60718822832614 5224.5885 5604.5415 24.14166463624668 5604.5415 5869.9055 119.90243562978154 5869.9055 6337.3081 237.8042110631944 7872.1976 8595.9176 107.88924109328049 3665.575 3936.97 2007af
CMFGEN 1.04 2400004.68 -40.75455494685102 3936.97 4093.776 311.7172278882559 3936.97 4549.1165 -412.4022161448973 4549.1165 5224.5885 132.23008665377546 5224.5885 5604.5415 114.68133323540164 5604.5415 5869.9055 45.33419892749535 5869.9055 6337.3081 275.9257018524982 7872.1976 8595.9176 175.84030003655673 3665.575 3936.97 2007af
CMFGEN 1.02 2400004.68 -41.105492157842995 3936.97 4093.776 235.71949187118224 3936.97 4549.1165 -363.5663676732501 4549.1165 5224.5885 123.8185226034411 5224.5885 5604.5415 117.48044165672707 5604.5415 5869.9055 56.32756946149475 5869.9055 6337.3081 384.8409798585009 7872.1976 8595.9176 145.56556405722984 3665.575 3936.97 2007af
CMFGEN 1.4 2400004.68 -33.38757895203098 3936.97 4093.776 149.60754038061128 3936.97 4549.1165 -283.2534343031162 4549.1165 5224.5885 105.73925538656906 5224.5885 5604.5415 116.08279627186099 5604.5415 5869.9055 53.07516562460549 5869.9055 6337.3081 381.25587087743054 7872.1976 8595.9176 127.43053694886721 3665.575 3936.97 2007af
CMFGEN 1.7 2400004.68 -51.99987379408303 3936.97 4093.776 330.4671035021787 3936.97 4549.1165 -546.657872428014 4549.1165 5224.5885 125.33428942564738 5224.5885 5604.5415 131.39023025005224 5604.5415 5869.9055 63.91678945763729 5869.9055 6337.3081 371.8878176914863 7872.1976 8595.9176 181.77815693657524 3665.575 3936.97 2007af
OBSERVED "" 2400004.7 "" "" "" "" "" "" "" "" "" 90.64789594646818 5221.2038 5596.2379 22.813708539862596 5596.2379 5874.4889 117.39760507512031 5874.4889 6316.0613 261.24919724749594 7876.687 8587.437 "" "" "" 2007af
CMFGEN 1.04 2400004.7 "" "" "" "" "" "" "" "" "" 117.11486848548151 5221.2038 5596.2379 121.41890420580908 5596.2379 5874.4889 31.530103268890276 5874.4889 6316.0613 265.2022476525531 7876.687 8587.437 "" "" "" 2007af
CMFGEN 1.02 2400004.7 "" "" "" "" "" "" "" "" "" 109.39568680603615 5221.2038 5596.2379 124.24454752840397 5596.2379 5874.4889 51.23362972586257 5874.4889 6316.0613 374.5683928207617 7876.687 8587.437 "" "" "" 2007af
CMFGEN 1.4 2400004.7 "" "" "" "" "" "" "" "" "" 93.1510246917728 5221.2038 5596.2379 123.27868320377334 5596.2379 5874.4889 50.21414289616006 5874.4889 6316.0613 371.667366852919 7876.687 8587.437 "" "" "" 2007af
CMFGEN 1.7 2400004.7 "" "" "" "" "" "" "" "" "" 107.44631897218707 5221.2038 5596.2379 137.755885484286 5596.2379 5874.4889 57.84884719582244 5874.4889 6316.0613 368.94375715255387 7876.687 8587.437 "" "" "" 2007af
OBSERVED "" 2399999.74 "" "" "" "" "" "" "" "" "" 86.35900674834689 5207.0235 5549.072 22.7811445975019 5555.126 5921.3904 104.78812283237716 5921.3904 6302.7897 210.98217981163742 7870.7645 8597.2394 "" "" "" 2007af
CMFGEN 1.04 2399999.74 "" "" "" "" "" "" "" "" "" 28.13071129766335 5207.0235 5549.072 150.26343723126718 5555.126 5921.3904 52.056424443369465 5921.3904 6302.7897 277.73493431244077 7870.7645 8597.2394 "" "" "" 2007af
CMFGEN 1.02 2399999.74 "" "" "" "" "" "" "" "" "" 32.86581389165453 5207.0235 5549.072 154.82355418725425 5555.126 5921.3904 65.20824398067396 5921.3904 6302.7897 386.85499521184414 7870.7645 8597.2394 "" "" "" 2007af
CMFGEN 1.4 2399999.74 "" "" "" "" "" "" "" "" "" 33.16529665007505 5207.0235 5549.072 157.6988947145837 5555.126 5921.3904 63.54700775398488 5921.3904 6302.7897 383.1143446699838 7870.7645 8597.2394 "" "" "" 2007af
CMFGEN 1.7 2399999.74 "" "" "" "" "" "" "" "" "" 8.771496846732896 5207.0235 5549.072 157.10890424859087 5555.126 5921.3904 74.68417937386405 5921.3904 6302.7897 372.37399145322206 7870.7645 8597.2394 "" "" "" 2007af
OBSERVED "" 2400041.7 0.2783106440012696 3974.2178 4001.3673 307.90727825337046 3974.2178 4631.8388 441.01438217646876 4631.8388 5545.8717 30.18300423921978 5298.5096 5545.8717 85.50492651473392 5554.9215 5859.5991 259.3401184552275 5859.5991 6508.1703 507.71590919663765 7717.831 8746.495 "" "" "" 2007af
CMFGEN 1.04 2400041.7 -0.1660151783541946 3974.2178 4001.3673 459.41344445605375 3974.2178 4631.8388 152.3576908675899 4631.8388 5545.8717 95.3310320331587 5298.5096 5545.8717 166.54907416907395 5554.9215 5859.5991 263.984075063197 5859.5991 6508.1703 52.884080100102665 7717.831 8746.495 "" "" "" 2007af
CMFGEN 1.02 2400041.7 -0.21262956819861203 3974.2178 4001.3673 448.0217273083042 3974.2178 4631.8388 151.71999675716597 4631.8388 5545.8717 83.87914925634294 5298.5096 5545.8717 170.47171731118547 5554.9215 5859.5991 224.87713351195077 5859.5991 6508.1703 298.2400670834411 7717.831 8746.495 "" "" "" 2007af
CMFGEN 1.4 2400041.7 -0.11535418895664468 3974.2178 4001.3673 411.57797093124987 3974.2178 4631.8388 146.63109526176993 4631.8388 5545.8717 69.00291153548167 5298.5096 5545.8717 169.82930070474796 5554.9215 5859.5991 207.48694197978207 5859.5991 6508.1703 297.19047428162213 7717.831 8746.495 "" "" "" 2007af
CMFGEN 1.7 2400041.7 -0.18726544181289076 3974.2178 4001.3673 482.9957519768616 3974.2178 4631.8388 166.52647878462508 4631.8388 5545.8717 112.19699151080009 5298.5096 5545.8717 174.69983220303044 5554.9215 5859.5991 275.2505919942304 5859.5991 6508.1703 412.5010166051253 7717.831 8746.495 "" "" "" 2007af
OBSERVED "" 2400011.7 42.364776306064364 3948.4457 4147.4811 261.4581474649161 3948.4457 4596.8187 275.2646271668411 4596.8187 5245.1918 16.704166691204655 5245.1918 5543.745 62.879904228791695 5552.792 5875.4707 143.60326262912932 5875.4707 6400.2005 328.2795124204793 7886.935 8686.0925 93.25410108413239 3680.0494 3948.4457 2007af
CMFGEN 1.04 2400011.7 -37.09849416013317 3948.4457 4147.4811 423.1740291396103 3948.4457 4596.8187 14.30242578453214 4596.8187 5245.1918 77.23817589543656 5245.1918 5543.745 165.57109565147533 5552.792 5875.4707 130.05145417857574 5875.4707 6400.2005 359.8658694623816 7886.935 8686.0925 170.43186455261 3680.0494 3948.4457 2007af
CMFGEN 1.02 2400011.7 -30.559250461018696 3948.4457 4147.4811 399.96806244814707 3948.4457 4596.8187 52.686432578208205 4596.8187 5245.1918 75.91566287328723 5245.1918 5543.745 170.3995676626443 5552.792 5875.4707 114.8262492435301 5875.4707 6400.2005 417.28776750246794 7886.935 8686.0925 154.91171611426304 3680.0494 3948.4457 2007af
CMFGEN 1.4 2400011.7 -33.00266865907546 3948.4457 4147.4811 348.8682041634114 3948.4457 4596.8187 74.38204135528358 4596.8187 5245.1918 66.84827602161229 5245.1918 5543.745 170.93565299474415 5552.792 5875.4707 114.89182199498022 5875.4707 6400.2005 408.98654109923507 7886.935 8686.0925 144.15495144103608 3680.0494 3948.4457 2007af
CMFGEN 1.7 2400011.7 -41.81946710747267 3948.4457 4147.4811 442.6555746887978 3948.4457 4596.8187 -3.8461804718040753 4596.8187 5245.1918 86.05544413836428 5245.1918 5543.745 177.18227218112696 5552.792 5875.4707 150.5049232544098 5875.4707 6400.2005 450.3253771595894 7886.935 8686.0925 178.235582091641 3680.0494 3948.4457 2007af
OBSERVED "" 2399989.77 "" "" "" "" "" "" 131.44206114172476 4506.71 5081.3954 80.73924591625975 5163.9652 5606.539 28.212587786849184 5606.539 5920.304 106.56587025872848 5920.304 6277.0053 245.6956206813657 7726.9301 8506.3885 "" "" "" 2007af
CMFGEN 1.04 2399989.77 "" "" "" "" "" "" -971.1232809800488 4506.71 5081.3954 -43.52286807303351 5163.9652 5606.539 88.72668669300357 5606.539 5920.304 58.883251953149724 5920.304 6277.0053 -256.24490030668454 7726.9301 8506.3885 "" "" "" 2007af
CMFGEN 1.02 2399989.77 "" "" "" "" "" "" -1052.5310064330263 4506.71 5081.3954 -66.1232429678443 5163.9652 5606.539 90.22161832538694 5606.539 5920.304 79.16015816862243 5920.304 6277.0053 84.52479402554991 7726.9301 8506.3885 "" "" "" 2007af
CMFGEN 1.4 2399989.77 "" "" "" "" "" "" -982.4308889915558 4506.71 5081.3954 -66.27333707406211 5163.9652 5606.539 90.37484251348695 5606.539 5920.304 82.30185150884321 5920.304 6277.0053 124.50819270320514 7726.9301 8506.3885 "" "" "" 2007af
CMFGEN 1.7 2399989.77 "" "" "" "" "" "" -1089.1899195699264 4506.71 5081.3954 -77.04587158010864 5163.9652 5606.539 105.86743414065147 5606.539 5920.304 73.32748061956374 5920.304 6277.0053 74.04785591584837 7726.9301 8506.3885 "" "" "" 2007af
OBSERVED "" 2399989.7800000003 "" "" "" "" "" "" "" "" "" "" "" "" "" "" "" 109.1030753108381 5926.8165 6354.6559 286.6545160991162 7729.1322 8497.2219 "" "" "" 2007af
CMFGEN 1.04 2399989.7800000003 "" "" "" "" "" "" "" "" "" "" "" "" "" "" "" 89.87346380052077 5926.8165 6354.6559 -259.60577730337343 7729.1322 8497.2219 "" "" "" 2007af
CMFGEN 1.02 2399989.7800000003 "" "" "" "" "" "" "" "" "" "" "" "" "" "" "" 80.8712828464459 5926.8165 6354.6559 71.986477556822 7729.1322 8497.2219 "" "" "" 2007af
CMFGEN 1.4 2399989.7800000003 "" "" "" "" "" "" "" "" "" "" "" "" "" "" "" 73.24191124847296 5926.8165 6354.6559 109.89248268989525 7729.1322 8497.2219 "" "" "" 2007af
CMFGEN 1.7 2399989.7800000003 "" "" "" "" "" "" "" "" "" "" "" "" "" "" "" 101.70106851809912 5926.8165 6354.6559 73.53843750569848 7729.1322 8497.2219 "" "" "" 2007af
OBSERVED "" 2399989.75 15.853517316948947 3924.802 4066.9681 113.27822038972829 3924.802 4503.9201 "" "" "" "" "" "" "" "" "" "" "" "" "" "" "" 164.1814055588106 3512.9382 3924.802 2007af
CMFGEN 1.04 2399989.75 -34.16914521592866 3924.802 4066.9681 137.6927019906247 3924.802 4503.9201 "" "" "" "" "" "" "" "" "" "" "" "" "" "" "" 256.583511526646 3512.9382 3924.802 2007af
CMFGEN 1.02 2399989.75 -35.70202434602503 3924.802 4066.9681 -26.97464415645708 3924.802 4503.9201 "" "" "" "" "" "" "" "" "" "" "" "" "" "" "" 158.64182094327407 3512.9382 3924.802 2007af
CMFGEN 1.4 2399989.75 -27.38310945893606 3924.802 4066.9681 -141.3885503757288 3924.802 4503.9201 "" "" "" "" "" "" "" "" "" "" "" "" "" "" "" 113.28626967407783 3512.9382 3924.802 2007af
