results/equivalent_width/fixed_True.ecsv
# %ECSV 0.9
# ---
# datatype:
# - name: model
#   datatype: string
# - name: version
#   datatype: string
# - name: time
#   datatype: float64
# - name: pW2
#   datatype: float64
# - name: pW2_start
#   datatype: float64
# - name: pW2_end
#   datatype: float64
# - name: pW3
#   datatype: float64
# - name: pW3_start
#   datatype: float64
# - name: pW3_end
#   datatype: float64
# - name: pW4
#   datatype: float64
# - name: pW4_start
#   datatype: float64
# - name: pW4_end
#   datatype: float64
# - name: pW5
#   datatype: float64
# - name: pW5_start
#   datatype: float64
# - name: pW5_end
#   datatype: float64
# - name: pW6
#   datatype: float64
# - name: pW6_start
#   datatype: float64
# - name: pW6_end
#   datatype: float64
# - name: pW7
#   datatype: float64
# - name: pW7_start
#   datatype: float64
# - name: pW7_end
#   datatype: float64
# - name: pW8
#   datatype: float64
# - name: pW8_start
#   datatype: float64
# - name: pW8_end
#   datatype: float64
# - name: obj_id
#   datatype: string
# - name: pW1
#   datatype: float64
# - name: pW1_start
#   datatype: float64
# - name: pW1_end
#   datatype: float64
# schema: astropy-2.0
model version time pW2 pW2_start pW2_end pW3 pW3_start pW3_end pW4 pW4_start pW4_end pW5 pW5_start pW5_end pW6 pW6_start pW6_end pW7 pW7_start pW7_end pW8 pW8_start pW8_end obj_id pW1 pW1_start pW1_end
[from data line 2065]
OBSERVED "" 54545.27000000002 0.772654091507102 3964.2815 4001.9473 297.9193339084711 3964.2815 4652.1767 288.38817952881647 4652.1767 5348.0016 -5.4369997032533846 5298.4414 5550.2071 135.17598064203398 5550.2071 5905.058 234.66121177933908 5905.058 6531.4986 582.7350210912599 7510.8076 8795.4073 2007sr "" "" ""
CMFGEN 1.04 54545.27000000002 -0.5736735136270928 3964.2815 4001.9473 473.0621517765713 3964.2815 4652.1767 157.47442071014297 4652.1767 5348.0016 99.29288060245065 5298.4414 5550.2071 160.14647440105938 5550.2071 5905.058 270.2747933693333 5905.058 6531.4986 211.69167580134462 7510.8076 8795.4073 2007sr "" "" ""
CMFGEN 1.02 54545.27000000002 -0.8996818129861546 3964.2815 4001.9473 463.5937589526699 3964.2815 4652.1767 174.97607943788182 4652.1767 5348.0016 86.85478365588155 5298.4414 5550.2071 165.31747771953104 5550.2071 5905.058 227.47042572623366 5905.058 6531.4986 231.67152081688172 7510.8076 8795.4073 2007sr "" "" ""
CMFGEN 1.4 54545.27000000002 -0.7935904290373081 3964.2815 4001.9473 427.87654180944423 3964.2815 4652.1767 181.68044232442293 4652.1767 5348.0016 70.91534654529845 5298.4414 5550.2071 167.57502050670612 5550.2071 5905.058 207.50853561058335 5905.058 6531.4986 183.15835048371156 7510.8076 8795.4073 2007sr "" "" ""
CMFGEN 1.7 54545.27000000002 -0.5609249881418242 3964.2815 4001.9473 497.8885225160632 3964.2815 4652.1767 173.31867437853379 4652.1767 5348.0016 116.721677725153 5298.4414 5550.2071 171.53190009245088 5550.2071 5905.058 305.91933797117446 5905.058 6531.4986 664.1057785017393 7510.8076 8795.4073 2007sr "" "" ""
OBSERVED "" 54563.299999999814 1.9498245164799057 3963.8157 4003.1386 300.3012600900346 3963.8157 4662.5543 270.4396807224291 4662.5543 5328.0197 0.8002626241702651 5291.7216 5548.8333 143.5370890586359 5551.8581 5905.7647 240.78738397458847 5905.7647 6531.9072 626.5586107792906 7502.8817 8785.415 2007sr "" "" ""
CMFGEN 1.04 54563.299999999814 -0.6485574620450065 3963.8157 4003.1386 476.74643106191365 3963.8157 4662.5543 191.0222292113771 4662.5543 5328.0197 98.2752427497632 5291.7216 5548.8333 158.3047845580922 5551.8581 5905.7647 270.2836844222671 5905.7647 6531.9072 223.21900600782772 7502.8817 8785.415 2007sr "" "" ""
CMFGEN 1.02 54563.299999999814 -1.0292990180793389 3963.8157 4003.1386 467.62629522801126 3963.8157 4662.5543 207.0426297510042 4662.5543 5328.0197 87.67148892237766 5291.7216 5548.8333 163.42440639273215 5551.8581 5905.7647 227.4097093718402 5905.7647 6531.9072 215.7306706011627 7502.8817 8785.415 2007sr "" "" ""
CMFGEN 1.4 54563.299999999814 -0.9009490914008876 3963.8157 4003.1386 431.6936609204214 3963.8157 4662.5543 213.10476129037545 4662.5543 5328.0197 71.83243520565571 5291.7216 5548.8333 165.7346695635961 5551.8581 5905.7647 207.37205595997784 5905.7647 6531.9072 185.92517684837634 7502.8817 8785.415 2007sr "" "" ""
CMFGEN 1.7 54563.299999999814 -0.6600917329135788 3963.8157 4003.1386 502.1043688862619 3963.8157 4662.5543 210.93215004360184 4662.5543 5328.0197 114.69236536273863 5291.7216 5548.8333 169.64440281779258 5551.8581 5905.7647 306.1745635292298 5905.7647 6531.9072 636.9543043364412 7502.8817 8785.415 2007sr "" "" ""
OBSERVED "" 54568.12000000011 0.04947367836639334 3991.0393 4000.1138 292.7448727417557 3991.0393 4662.5543 269.05840806225405 4662.5543 5328.0197 2.0884929874091847 5294.7465 5548.8333 144.44577340796647 5551.8581 5914.8392 239.83651953913756 5914.8392 6525.8575 627.1242310565781 7505.9065 8800.5392 2007sr "" "" ""
CMFGEN 1.04 54568.12000000011 -0.0026562247078623404 3991.0393 4000.1138 466.14377284000443 3991.0393 4662.5543 191.0222292113771 4662.5543 5328.0197 98.26764210239277 5294.7465 5548.8333 155.65046512857097 5551.8581 5914.8392 271.23824728398125 5914.8392 6525.8575 229.8462442601284 7505.9065 8800.5392 2007sr "" "" ""
CMFGEN 1.02 54568.12000000011 -0.004836359338132788 3991.0393 4000.1138 453.4008374640878 3991.0393 4662.5543 207.0426297510042 4662.5543 5328.0197 86.9460648118138 5294.7465 5548.8333 160.62327853407118 5551.8581 5914.8392 227.95847760309834 5914.8392 6525.8575 263.4724608294054 7505.9065 8800.5392 2007sr "" "" ""
CMFGEN 1.4 54568.12000000011 0.0016874533633514143 3991.0393 4000.1138 415.72993997192555 3991.0393 4662.5543 213.10476129037545 4662.5543 5328.0197 71.13183607482755 5294.7465 5548.8333 163.29677291777355 5551.8581 5914.8392 207.84045912021372 5914.8392 6525.8575 222.27223511001313 7505.9065 8800.5392 2007sr "" "" ""
CMFGEN 1.7 54568.12000000011 -0.0067057429217008266 3991.0393 4000.1138 491.09256005941745 3991.0393 4662.5543 210.93215004360184 4662.5543 5328.0197 115.39032258349695 5294.7465 5548.8333 166.26359414666697 5551.8581 5914.8392 304.04687329510057 5914.8392 6525.8575 671.4216498667588 7505.9065 8800.5392 2007sr "" "" ""
OBSERVED "" 54582.14000000013 0.5622765448085367 3983.3068 4003.1269 293.95700357470747 3983.3068 4667.0992 259.80926737209336 4667.0992 5307.2875 -12.00051426277787 5299.3595 5503.5062 149.79037235506382 5551.0744 5905.8536 244.36818892843493 5905.8536 6522.2578 596.5209115617397 7501.3692 8781.7458 2007sr "" "" ""
CMFGEN 1.04 54582.14000000013 -0.04614078599128651 3983.3068 4003.1269 470.56065956392115 3983.3068 4667.0992 207.98746076835286 4667.0992 5307.2875 57.57808213579703 5299.3595 5503.5062 159.06811893098 5551.0744 5905.8536 271.00608383449173 5905.8536 6522.2578 222.1823575642947 7501.3692 8781.7458 2007sr "" "" ""
CMFGEN 1.02 54582.14000000013 -0.06997596673908618 3983.3068 4003.1269 459.0853127418478 3983.3068 4667.0992 223.60062238528187 4667.0992 5307.2875 55.53784642586242 5299.3595 5503.5062 164.20346238375168 5551.0744 5905.8536 228.83878156188504 5905.8536 6522.2578 206.18175612699264 7501.3692 8781.7458 2007sr "" "" ""
CMFGEN 1.4 54582.14000000013 -0.013965836358678476 3983.3068 4003.1269 421.8883512302832 3983.3068 4667.0992 228.23812854601516 4667.0992 5307.2875 48.825516400520776 5299.3595 5503.5062 166.51225316989974 5551.0744 5905.8536 209.73843986113624 5905.8536 6522.2578 182.5451431696601 7501.3692 8781.7458 2007sr "" "" ""
CMFGEN 1.7 54582.14000000013 -0.0940828613998386 3983.3068 4003.1269 496.16923236197806 3983.3068 4667.0992 230.7843582365659 4667.0992 5307.2875 69.34657254257849 5299.3595 5503.5062 170.40127752740804 5551.0744 5905.8536 301.5763618527401 5905.8536 6522.2578 625.912588806239 7501.3692 8781.7458 2007sr "" "" ""
OBSERVED "" 54461.33999999985 47.56129176275232 3923.1831 4138.7687 256.6144996153642 3923.1831 4577.0082 291.36344560408156 4577.0082 5242.6139 6.391140393866909 5242.6139 5501.7878 70.43361419954495 5550.0884 5884.6584 155.79397698887124 5884.6584 6386.5133 282.2106052847813 7917.5311 8737.8073 2007sr "" "" ""
CMFGEN 1.04 54461.33999999985 -81.34283780725973 3923.1831 4138.7687 375.872058635656 3923.1831 4577.0082 -125.65191829186006 4577.0082 5242.6139 34.977458464454585 5242.6139 5501.7878 165.8215272547887 5550.0884 5884.6584 112.88818569136791 5884.6584 6386.5133 411.9593670515993 7917.5311 8737.8073 2007sr "" "" ""
CMFGEN 1.02 54461.33999999985 -79.27534707669517 3923.1831 4138.7687 342.2889272647919 3923.1831 4577.0082 -71.71405284259309 4577.0082 5242.6139 43.75677630497074 5242.6139 5501.7878 170.88678969809322 5550.0884 5884.6584 102.93840770265501 5884.6584 6386.5133 411.51389047909197 7917.5311 8737.8073 2007sr "" "" ""
CMFGEN 1.4 54461.33999999985 -80.09967191286115 3923.1831 4138.7687 274.98081056735253 3923.1831 4577.0082 -33.70560040987934 4577.0082 5242.6139 43.15042471738823 5242.6139 5501.7878 171.92011710126204 5550.0884 5884.6584 101.31635437074894 5884.6584 6386.5133 385.449105093115 7917.5311 8737.8073 2007sr "" "" ""
CMFGEN 1.7 54461.33999999985 -103.39190142886738 3923.1831 4138.7687 390.9719332286054 3923.1831 4577.0082 -163.53493636894535 4577.0082 5242.6139 36.38420133987357 5242.6139 5501.7878 178.20746612948182 5550.0884 5884.6584 134.545022071228 5884.6584 6386.5133 539.8392058383193 7917.5311 8737.8073 2007sr "" "" ""
OBSERVED "" 54468.35000000009 -1.5907818971000331 3941.2231 4001.399 315.92358808481794 3941.2231 4605.8928 342.72511187399823 4605.8928 5407.3259 -6.103658894199978 5284.2389 5500.3249 88.70337937408539 5555.0303 5880.527 "" "" "" "" "" "" 2007sr 91.12117908699126 3664.9612 3941.2231
CMFGEN 1.04 54468.35000000009 -2.3118716336135874 3941.2231 4001.399 439.6371900421206 3941.2231 4605.8928 -125.8633606390651 4605.8928 5407.3259 52.85873866522182 5284.2389 5500.3249 162.32887199095782 5555.0303 5880.527 "" "" "" "" "" "" 2007sr 177.59844334684894 3664.9612 3941.2231
CMFGEN 1.02 54468.35000000009 -3.882178292106732 3941.2231 4001.399 421.9021169912445 3941.2231 4605.8928 -129.14750215301683 4605.8928 5407.3259 54.912396690232555 5284.2389 5500.3249 167.21615908329744 5555.0303 5880.527 "" "" "" "" "" "" 2007sr 148.29795418988365 3664.9612 3941.2231
CMFGEN 1.4 54468.35000000009 -4.835427768023296 3941.2231 4001.399 374.4832855739232 3941.2231 4605.8928 -106.79487284179127 4605.8928 5407.3259 48.75511668398694 5284.2389 5500.3249 168.0458298153524 5555.0303 5880.527 "" "" "" "" "" "" 2007sr 130.88248052401397 3664.9612 3941.2231
CMFGEN 1.7 54468.35000000009 -3.2473066380978888 3941.2231 4001.399 455.1513175964889 3941.2231 4605.8928 -189.9387301551946 4605.8928 5407.3259 61.35303725993509 5284.2389 5500.3249 174.44590373339955 5555.0303 5880.527 "" "" "" "" "" "" 2007sr 184.0180594175829 3664.9612 3941.2231
OBSERVED "" 54468.35999999987 "" "" "" "" "" "" "" "" "" "" "" "" 88.26069234149762 5553.9411 5880.4777 187.81835396585484 5880.4777 6497.7115 608.1550971086759 7552.9822 8787.4498 2007sr "" "" ""
CMFGEN 1.04 54468.35999999987 "" "" "" "" "" "" "" "" "" "" "" "" 163.33535360249908 5553.9411 5880.4777 260.34696506294176 5880.4777 6497.7115 95.75110942150883 7552.9822 8787.4498 2007sr "" "" ""
CMFGEN 1.02 54468.35999999987 "" "" "" "" "" "" "" "" "" "" "" "" 168.25712806120353 5553.9411 5880.4777 224.34720495405764 5880.4777 6497.7115 151.73216605684033 7552.9822 8787.4498 2007sr "" "" ""
CMFGEN 1.4 54468.35999999987 "" "" "" "" "" "" "" "" "" "" "" "" 169.07797796305417 5553.9411 5880.4777 209.14975065581746 5880.4777 6497.7115 58.5520595075551 7552.9822 8787.4498 2007sr "" "" ""
CMFGEN 1.7 54468.35999999987 "" "" "" "" "" "" "" "" "" "" "" "" 175.45476090830317 5553.9411 5880.4777 282.26170538745816 5880.4777 6497.7115 649.7509316773817 7552.9822 8787.4498 2007sr "" "" ""
OBSERVED "" 54470.31999999983 "" "" "" "" "" "" 360.5919465109664 4610.4048 5412.1763 -3.6796910844111674 5294.6234 5508.63 89.95369461493607 5550.8285 5882.3882 210.10945276618364 5882.3882 6518.3799 485.09786018563875 7672.8103 8757.9146 2007sr "" "" ""
CMFGEN 1.04 54470.31999999983 "" "" "" "" "" "" -90.43801532390529 4610.4048 5412.1763 62.35432746190919 5294.6234 5508.63 165.72546786586273 5550.8285 5882.3882 270.0281253359758 5882.3882 6518.3799 82.24113683216657 7672.8103 8757.9146 2007sr "" "" ""
CMFGEN 1.02 54470.31999999983 "" "" "" "" "" "" -90.2714797050473 4610.4048 5412.1763 60.39254554425316 5294.6234 5508.63 170.71972583506167 5550.8285 5882.3882 229.8076233271089 5882.3882 6518.3799 331.5853640944347 7672.8103 8757.9146 2007sr "" "" ""
CMFGEN 1.4 54470.31999999983 "" "" "" "" "" "" -67.2089452101778 4610.4048 5412.1763 52.881008127154104 5294.6234 5508.63 171.62742348097882 5550.8285 5882.3882 211.85680233431222 5882.3882 6518.3799 315.4812718652996 7672.8103 8757.9146 2007sr "" "" ""
CMFGEN 1.7 54470.31999999983 "" "" "" "" "" "" -155.14126198774497 4610.4048 5412.1763 74.20024496996625 5294.6234 5508.63 177.98823397184378 5550.8285 5882.3882 296.6275829696179 5882.3882 6518.3799 446.9720025443807 7672.8103 8757.9146 2007sr "" "" ""
OBSERVED "" 54482.37000000011 "" "" "" "" "" "" 446.8872685229703 4605.7326 5547.0152 18.88116192495883 5299.3092 5550.3179 49.90834464878637 5550.3179 5831.0513 244.30908393535992 5831.0513 6531.2335 451.91777275948573 7756.5522 8658.2019 2007sr "" "" ""
CMFGEN 1.04 54482.37000000011 "" "" "" "" "" "" -59.07796024160942 4605.7326 5547.0152 99.24275428778398 5299.3092 5550.3179 164.71082709279563 5550.3179 5831.0513 230.2910309901735 5831.0513 6531.2335 -84.64339624086779 7756.5522 8658.2019 2007sr "" "" ""
CMFGEN 1.02 54482.37000000011 "" "" "" "" "" "" -71.19675804949328 4605.7326 5547.0152 86.6433653131147 5299.3092 5550.3179 165.6800873211778 5550.3179 5831.0513 175.38935707475054 5831.0513 6531.2335 259.90841031064076 7756.5522 8658.2019 2007sr "" "" ""
CMFGEN 1.4 54482.37000000011 "" "" "" "" "" "" -69.79635231235154 4605.7326 5547.0152 70.74866350213274 5299.3092 5550.3179 162.35538145086883 5550.3179 5831.0513 147.99927109326012 5831.0513 6531.2335 286.3157871933777 7756.5522 8658.2019 2007sr "" "" ""
CMFGEN 1.7 54482.37000000011 "" "" "" "" "" "" -113.02896276413327 4605.7326 5547.0152 116.66932785796256 5299.3092 5550.3179 164.12797762696746 5550.3179 5831.0513 221.46097488393474 5831.0513 6531.2335 244.12299758200066 7756.5522 8658.2019 2007sr "" "" ""
OBSERVED "" 54482.35000000009 -1.2263388141226066 3954.019 4000.0133 293.7674091480278 3954.019 4618.8461 "" "" "" "" "" "" "" "" "" "" "" "" "" "" "" 2007sr 94.74321636762036 3675.9624 3954.019
CMFGEN 1.04 54482.35000000009 -1.1005847549972747 3954.019 4000.0133 455.73032326713627 3954.019 4618.8461 "" "" "" "" "" "" "" "" "" "" "" "" "" "" "" 2007sr 175.41907080223808 3675.9624 3954.019
CMFGEN 1.02 54482.35000000009 -1.9011997725106908 3954.019 4000.0133 443.5942538681768 3954.019 4618.8461 "" "" "" "" "" "" "" "" "" "" "" "" "" "" "" 2007sr 157.98221530972322 3675.9624 3954.019
CMFGEN 1.4 54482.35000000009 -2.191235655492681 3954.019 4000.0133 404.55589034916943 3954.019 4618.8461 "" "" "" "" "" "" "" "" "" "" "" "" "" "" "" 2007sr 147.0832979933615 3675.9624 3954.019
CMFGEN 1.7 54482.35000000009 -1.2096587978323796 3954.019 4000.0133 474.27002387810273 3954.019 4618.8461 "" "" "" "" "" "" "" "" "" "" "" "" "" "" "" 2007sr 182.61664689590484 3675.9624 3954.019
OBSERVED "" 54492.35999999987 -0.3276941847607573 3963.1052 4001.399 302.2504278589091 3963.1052 4616.8339 428.17071956696293 4616.8339 5549.5597 12.946195159626154 5297.9152 5557.7655 71.17561245026059 5557.7655 5847.7038 "" "" "" "" "" "" 2007sr 94.8036120652983 3695.0491 3963.1052
CMFGEN 1.04 54492.35999999987 -0.6151493735919177 3963.1052 4001.399 452.372249711421 3963.1052 4616.8339 66.3824267317902 4616.8339 5549.5597 106.66637779506242 5297.9152 5557.7655 164.25577848071407 5557.7655 5847.7038 "" "" "" "" "" "" 2007sr 155.20031296924748 3695.0491 3963.1052
CMFGEN 1.02 54492.35999999987 -0.9795159451143007 3963.1052 4001.399 439.3839036860361 3963.1052 4616.8339 61.20678488711563 4616.8339 5549.5597 92.7882686183926 5297.9152 5557.7655 166.94220477733694 5557.7655 5847.7038 "" "" "" "" "" "" 2007sr 160.43211111142912 3695.0491 3963.1052
CMFGEN 1.4 54492.35999999987 -0.9060141068987003 3963.1052 4001.399 400.97725938041805 3963.1052 4616.8339 58.25381057689766 4616.8339 5549.5597 75.01988102443953 5297.9152 5557.7655 165.1412629552736 5557.7655 5847.7038 "" "" "" "" "" "" 2007sr 153.2590500609637 3695.0491 3963.1052
CMFGEN 1.7 54492.35999999987 -0.5927667974831028 3963.1052 4001.399 470.8621716745001 3963.1052 4616.8339 32.3997559087662 4616.8339 5549.5597 124.8834431488459 5297.9152 5557.7655 167.26758471557233 5557.7655 5847.7038 "" "" "" "" "" "" 2007sr 173.51634878052383 3695.0491 3963.1052
OBSERVED "" 54492.37999999989 "" "" "" "" "" "" "" "" "" "" "" "" 70.1464811041899 5551.0728 5845.0227 237.3201184171518 5845.0227 6524.2855 476.59301204067856 7751.7251 8752.7439 2007sr "" "" ""
CMFGEN 1.04 54492.37999999989 "" "" "" "" "" "" "" "" "" "" "" "" 169.37711360641921 5551.0728 5845.0227 256.89388054403184 5845.0227 6524.2855 81.61161600796561 7751.7251 8752.7439 2007sr "" "" ""
