results/equivalent_width/fixed_False.ecsv
# %ECSV 0.9
# ---
# datatype:
# - name: model
#   datatype: string
# - name: version
#   datatype: string
# - name: time
#   datatype: float64
# - name: pW2
#   datatype: float64
# - name: pW2_start
#   datatype: float64
# - name: pW2_end
#   datatype: float64
# - name: pW3
#   datatype: float64
# - name: pW3_start
#   datatype: float64
# - name: pW3_end
#   datatype: float64
# - name: pW4
#   datatype: float64
# - name: pW4_start
#   datatype: float64
# - name: pW4_end
#   datatype: float64
# - name: pW5
#   datatype: float64
# - name: pW5_start
#   datatype: float64
# - name: pW5_end
#   datatype: float64
# - name: pW6
#   datatype: float64
# - name: pW6_start
#   datatype: float64
# - name: pW6_end
#   datatype: float64
# - name: pW7
#   datatype: float64
# - name: pW7_start
#   datatype: float64
# - name: pW7_end
#   datatype: float64
# - name: pW8
#   datatype: float64
# - name: pW8_start
#   datatype: float64
# - name: pW8_end
#   datatype: float64
# - name: obj_id
#   datatype: string
# - name: pW1
#   datatype: float64
# - name: pW1_start
#   datatype: float64
# - name: pW1_end
#   datatype: float64
# schema: astropy-2.0
model version time pW2 pW2_start pW2_end pW3 pW3_start pW3_end pW4 pW4_start pW4_end pW5 pW5_start pW5_end pW6 pW6_start pW6_end pW7 pW7_start pW7_end pW8 pW8_start pW8_end obj_id pW1 pW1_start pW1_end
[from data line 2845]
OBSERVED "" 8.419999999794527 18.79204726636593 3950.6323 4063.1336 193.82460605690346 3950.6323 4598.995 216.74106996038478 4598.995 5235.5155 63.21519237942656 5235.5155 5593.7434 38.61246200581664 5593.7434 5877.9572 119.10959201009211 5877.9572 6298.3567 334.77716401665793 7672.0568 8643.1206 2009aa "" "" ""
CMFGEN 1.04 8.419999999794527 -4.172980032599636 3998.0013 4148.9899 -64.65673724131203 4148.9899 4450.967 804.9820980691027 4501.2965 5549.3349 160.71514800353842 5199.9888 5652.9546 -2.7646660143514135 5652.9546 5800.9826 251.6783947585687 5800.9826 6597.3733 464.1038152468685 7500.3443 8897.7288 2009aa "" "" ""
CMFGEN 1.02 8.419999999794527 7.260276824960824 3998.0013 4148.9899 -79.80562000079152 4148.9899 4450.967 774.6927088013458 4501.2965 5549.3349 231.86418241549669 5152.6198 5629.2701 -1.8148872067491602 5629.2701 5800.9826 196.92686964452014 5800.9826 6597.3733 456.52865630064764 7500.3443 8897.7288 2009aa "" "" ""
CMFGEN 1.4 8.419999999794527 17.841577424875315 3998.0013 4148.9899 -97.34792537692802 4148.9899 4450.967 688.2525807217246 4501.2965 5549.3349 190.13161099688625 5155.5804 5587.8222 50.11162683534434 5587.8222 5999.3401 54.85895274478264 5999.3401 6597.3733 342.1383819130898 7500.3443 8897.7288 2009aa "" "" ""
CMFGEN 1.7 8.419999999794527 11.616090056711043 3998.0013 4148.9899 114.23687988268186 4148.9899 4471.6909 637.0767425394664 4501.2965 5549.3349 40.646297891750116 5297.6873 5661.8362 -5.4310901381174235 5661.8362 5800.9826 219.8074920660692 5800.9826 6582.5705 597.3017474441932 7500.3443 8847.3993 2009aa "" "" ""
OBSERVED "" 9.389999999999418 18.286729141997817 3953.5929 4063.1336 216.80095471478296 3953.5929 4598.995 223.3205563143062 4598.995 5250.3183 48.13877730123955 5250.3183 5570.0589 46.11915172710376 5570.0589 5886.8388 123.16179437155834 5886.8388 6330.9229 285.19179501241905 7781.5975 8752.6613 2009aa "" "" ""
CMFGEN 1.04 9.389999999999418 -4.172980032599636 3998.0013 4148.9899 -64.65673724131203 4148.9899 4450.967 804.9820980691027 4501.2965 5549.3349 160.71514800353842 5199.9888 5652.9546 -2.7646660143514135 5652.9546 5800.9826 251.6783947585687 5800.9826 6597.3733 464.1038152468685 7500.3443 8897.7288 2009aa "" "" ""
CMFGEN 1.02 9.389999999999418 7.260276824960824 3998.0013 4148.9899 -79.80562000079152 4148.9899 4450.967 774.6927088013458 4501.2965 5549.3349 231.86418241549669 5152.6198 5629.2701 -1.8148872067491602 5629.2701 5800.9826 196.92686964452014 5800.9826 6597.3733 456.52865630064764 7500.3443 8897.7288 2009aa "" "" ""
CMFGEN 1.4 9.389999999999418 17.841577424875315 3998.0013 4148.9899 -97.34792537692802 4148.9899 4450.967 688.2525807217246 4501.2965 5549.3349 190.13161099688625 5155.5804 5587.8222 50.11162683534434 5587.8222 5999.3401 54.85895274478264 5999.3401 6597.3733 342.1383819130898 7500.3443 8897.7288 2009aa "" "" ""
CMFGEN 1.7 9.389999999999418 11.616090056711043 3998.0013 4148.9899 114.23687988268186 4148.9899 4471.6909 637.0767425394664 4501.2965 5549.3349 40.646297891750116 5297.6873 5661.8362 -5.4310901381174235 5661.8362 5800.9826 219.8074920660692 5800.9826 6582.5705 597.3017474441932 7500.3443 8847.3993 2009aa "" "" ""
OBSERVED "" 10.439999999813153 16.240832179618792 3956.5534 4054.2519 231.88933086165656 3956.5534 4613.7978 230.99256234801203 4613.7978 5247.3578 31.497407363643326 5247.3578 5543.4138 53.371567847733246 5558.2166 5874.9966 130.2909906686533 5874.9966 6354.6074 283.7574941909754 7823.0454 8672.7262 2009aa "" "" ""
CMFGEN 1.04 10.439999999813153 -4.172980032599636 3998.0013 4148.9899 -64.65673724131203 4148.9899 4450.967 804.9820980691027 4501.2965 5549.3349 160.71514800353842 5199.9888 5652.9546 -2.7646660143514135 5652.9546 5800.9826 251.6783947585687 5800.9826 6597.3733 464.1038152468685 7500.3443 8897.7288 2009aa "" "" ""
CMFGEN 1.02 10.439999999813153 7.260276824960824 3998.0013 4148.9899 -79.80562000079152 4148.9899 4450.967 774.6927088013458 4501.2965 5549.3349 231.86418241549669 5152.6198 5629.2701 -1.8148872067491602 5629.2701 5800.9826 196.92686964452014 5800.9826 6597.3733 456.52865630064764 7500.3443 8897.7288 2009aa "" "" ""
CMFGEN 1.4 10.439999999813153 17.841577424875315 3998.0013 4148.9899 -97.34792537692802 4148.9899 4450.967 688.2525807217246 4501.2965 5549.3349 190.13161099688625 5155.5804 5587.8222 50.11162683534434 5587.8222 5999.3401 54.85895274478264 5999.3401 6597.3733 342.1383819130898 7500.3443 8897.7288 2009aa "" "" ""
CMFGEN 1.7 10.439999999813153 11.616090056711043 3998.0013 4148.9899 114.23687988268186 4148.9899 4471.6909 637.0767425394664 4501.2965 5549.3349 40.646297891750116 5297.6873 5661.8362 -5.4310901381174235 5661.8362 5800.9826 219.8074920660692 5800.9826 6582.5705 597.3017474441932 7500.3443 8847.3993 2009aa "" "" ""
OBSERVED "" 41.36000000020431 2.2424483112216125 3983.1985 4000.9618 283.6091938472789 3983.1985 4634.5218 380.8070836405634 4634.5218 5519.7293 27.189768589547896 5297.6873 5519.7293 70.4025712874634 5561.1772 5809.8643 249.87819338802183 5809.8643 6493.7537 474.09386196584967 7683.899 8764.5036 2009aa "" "" ""
CMFGEN 1.04 41.36000000020431 -1.0216290833885533 3915.1056 4000.9618 102.65891646104595 3915.1056 4530.9022 213.23660132163164 4530.9022 5182.2254 27.412021931769214 5182.2254 5504.9265 21.168091349043156 5623.349 5854.2727 122.96697588160725 5854.2727 6250.9878 196.20258425416156 7894.0988 8548.3827 2009aa "" "" ""
CMFGEN 1.02 41.36000000020431 29.938686934803343 3906.2239 4122.3448 106.97123972638393 3906.2239 4542.7444 195.80384334216126 4542.7444 5188.1466 82.21832920354746 5188.1466 5599.6645 21.11656082238344 5599.6645 5860.1938 162.75138136922874 5860.1938 6360.5285 258.9628581682822 7500.3443 8628.3178 2009aa "" "" ""
CMFGEN 1.4 41.36000000020431 39.90823206103914 3903.2633 4119.3843 129.4694320877299 3903.2633 4533.8627 210.63034717485976 4533.8627 5194.0677 84.51983512092187 5194.0677 5581.9011 27.239286056175985 5581.9011 5874.9966 160.4524124545406 5874.9966 6354.6074 243.79862351845043 7823.0454 8622.3967 2009aa "" "" ""
CMFGEN 1.7 41.36000000020431 18.891651497470896 3906.2239 4125.3054 97.5327338852978 3906.2239 4536.8233 198.42202031111793 4536.8233 5185.186 67.46297667317546 5185.186 5623.349 18.916109907160603 5623.349 5854.2727 140.46274154250753 5854.2727 6280.5934 218.75488150462482 7882.2566 8622.3967 2009aa "" "" ""
OBSERVED "" -1.7900000001682201 "" "" "" "" "" "" "" "" "" "" "" "" "" "" "" "" "" "" 114.34504107329244 7933.20631500134 8540.66231203504 2009aa "" "" ""
CMFGEN 1.04 -1.7900000001682201 "" "" "" "" "" "" "" "" "" "" "" "" "" "" "" "" "" "" 462.4359255450419 7501.79648271309 8898.55836124278 2009aa "" "" ""
CMFGEN 1.02 -1.7900000001682201 "" "" "" "" "" "" "" "" "" "" "" "" "" "" "" "" "" "" 453.8805085310556 7501.79648271309 8898.55836124278 2009aa "" "" ""
CMFGEN 1.4 -1.7900000001682201 "" "" "" "" "" "" "" "" "" "" "" "" "" "" "" "" "" "" 339.4555559353071 7501.79648271309 8898.55836124278 2009aa "" "" ""
CMFGEN 1.7 -1.7900000001682201 "" "" "" "" "" "" "" "" "" "" "" "" "" "" "" "" "" "" 594.3778028693064 7501.79648271309 8846.32488379084 2009aa "" "" ""
OBSERVED "" -6.580000000205473 "" "" "" "" "" "" "" "" "" 86.80216350107042 5188.7951 5594.7746 30.70048714517308 5594.7746 5897.3443 92.82039181406732 5897.3443 6307.1538 192.95314134876637 7731.9122 8532.3812 2009aa "" "" ""
CMFGEN 1.04 -6.580000000205473 "" "" "" "" "" "" "" "" "" 157.97661407988247 5204.1151 5652.2245 -2.9425519453428994 5652.2245 5801.5944 251.46946360730007 5801.5944 6598.2335 461.81275719746077 7502.1124 8896.2308 2009aa "" "" ""
CMFGEN 1.02 -6.580000000205473 "" "" "" "" "" "" "" "" "" 230.63658045302657 5154.3251 5629.2446 -1.7987054519633916 5629.2446 5801.5944 196.4893637699937 5801.5944 6598.2335 453.7198666745015 7502.1124 8896.2308 2009aa "" "" ""
CMFGEN 1.4 -6.580000000205473 "" "" "" "" "" "" "" "" "" 194.000290585373 5150.4951 5587.1146 49.54888819821903 5587.1146 5996.9242 55.426523691964476 5996.9242 6598.2335 339.4158580461848 7502.1124 8896.2308 2009aa "" "" ""
CMFGEN 1.7 -6.580000000205473 "" "" "" "" "" "" "" "" "" 41.79554842229428 5299.8649 5663.7145 -5.14965160621084 5663.7145 5801.5944 219.1561677347025 5801.5944 6582.9135 593.6705648157114 7502.1124 8846.4409 2009aa "" "" ""
OBSERVED "" -7.619999999777065 25.84788470925573 3930.3686 4084.0265 114.47527869269513 3930.3686 4517.7697 112.57491089988085 4517.7697 5198.5326 80.96967689580232 5198.5326 5603.1002 31.460397683281087 5603.1002 5947.3717 84.06127370498626 5947.3717 6309.1486 135.9307625669031 7754.3109 8530.3806 2009aa "" "" ""
CMFGEN 1.04 -7.619999999777065 -4.136446841966607 3998.4449 4148.2127 -66.20325364137412 4148.2127 4451.6384 805.4831767966193 4500.2644 5548.6392 157.40993739000464 5204.3677 5653.6712 -2.5850842209202716 5653.6712 5801.494 251.74212727652372 5801.494 6598.9591 463.4755654296273 7501.4561 8899.9376 2009aa "" "" ""
CMFGEN 1.02 -7.619999999777065 7.1271830441604616 3998.4449 4148.2127 -81.32385644301402 4148.2127 4451.6384 774.1744929214444 4500.2644 5548.6392 231.3585504026404 5153.7967 5628.3857 -1.9818566300376823 5628.3857 5801.494 196.63085078404848 5801.494 6598.9591 454.2517305361393 7501.4561 8899.9376 2009aa "" "" ""
CMFGEN 1.4 -7.619999999777065 17.481017232789526 3998.4449 4148.2127 -99.10401561185924 4148.2127 4451.6384 687.806405077875 4500.2644 5548.6392 190.22893522818305 5155.7418 5587.5399 50.21350939698387 5587.5399 5999.8877 54.63653644409093 5999.8877 6598.9591 339.7265517385896 7501.4561 8899.9376 2009aa "" "" ""
CMFGEN 1.7 -7.619999999777065 11.467237594324539 3998.4449 4148.2127 114.41602340550006 4148.2127 4473.0338 637.2729052354251 4500.2644 5548.6392 41.71978212958793 5299.6745 5663.3964 -5.196296099871517 5663.3964 5801.494 219.25830149518492 5801.494 6583.3988 595.035316850928 7501.4561 8847.4216 2009aa "" "" ""
OBSERVED "" -6.6000000002240995 22.628222372860737 3941.7698 4080.8459 120.62354664639793 3941.7698 4526.9391 104.66028084538522 4526.9391 5104.2362 90.59531960630957 5159.3419 5618.5555 "" "" "" "" "" "" "" "" "" 2009aa 90.93982986889662 3574.3989 3941.7698
CMFGEN 1.04 -6.6000000002240995 -4.2378346902740835 3999.4995 4149.0719 -64.40823652548316 4149.0719 4450.8409 804.3946593725084 4500.6984 5547.7054 157.96585366417884 5203.9512 5652.6685 "" "" "" "" "" "" "" "" "" 2009aa 125.8558901651955 3773.8288 4099.2145
CMFGEN 1.02 -6.6000000002240995 6.833618005127662 3999.4995 4149.0719 -79.53429403599802 4149.0719 4450.8409 771.8172317580381 4500.6984 5547.7054 230.8884151992949 5154.0937 5629.0518 "" "" "" "" "" "" "" "" "" 2009aa 145.25262589893535 3758.0843 4099.2145
CMFGEN 1.4 -6.6000000002240995 17.035077755621476 3999.4995 4149.0719 -97.07391756212085 4149.0719 4450.8409 685.2818118844427 4500.6984 5547.7054 191.13621637332855 5154.0937 5587.0666 "" "" "" "" "" "" "" "" "" 2009aa 144.86705724328493 3760.7084 4099.2145
CMFGEN 1.7 -6.6000000002240995 11.213232926697579 3999.4995 4149.0719 114.16894588239275 4149.0719 4471.8335 634.2451067167434 4500.6984 5547.7054 40.76258900750167 5298.418 5663.1648 "" "" "" "" "" "" "" "" "" 2009aa 84.66581468964738 3794.8214 4099.2145
OBSERVED "" -4.6000000002240995 "" "" "" "" "" "" 130.92436994165203 4529.3685 5196.1695 83.58348850615292 5196.1695 5638.9111 24.299150958510275 5638.9111 5900.6126 97.23508501455986 5900.6126 6393.2947 99.63208727419425 7646.076 8558.5956 2009aa "" "" ""
CMFGEN 1.04 -4.6000000002240995 "" "" "" "" "" "" 805.5331914019266 4500.6889 5549.2873 156.98484760998704 5205.1319 5653.2509 -2.715244631936014 5653.2509 5800.2339 249.59547448518958 5800.2339 6598.225 463.469295734046 7501.0781 8898.8572 2009aa "" "" ""
CMFGEN 1.02 -4.6000000002240995 "" "" "" "" "" "" 775.1476934321533 4500.6889 5549.2873 231.237607653797 5153.1501 5629.9487 -1.703664902202654 5629.9487 5800.2339 196.9906014936888 5800.2339 6598.225 455.0765380949871 7501.0781 8898.8572 2009aa "" "" ""
CMFGEN 1.4 -4.6000000002240995 "" "" "" "" "" "" 688.8385762413436 4500.6889 5549.2873 190.19407488383928 5154.9426 5588.7218 50.11590174587293 5588.7218 5999.1988 54.45613246397121 5999.1988 6598.225 340.6286027526241 7501.0781 8898.8572 2009aa "" "" ""
CMFGEN 1.7 -4.6000000002240995 "" "" "" "" "" "" 638.0275497355003 4500.6889 5549.2873 40.42445550787725 5298.3407 5664.0058 -4.990977633891743 5664.0058 5800.2339 219.54412431284305 5800.2339 6582.7586 595.9164263525923 7501.0781 8846.658 2009aa "" "" ""
OBSERVED "" 28.389999999999418 "" "" "" "" "" "" 403.7322848339227 4628.1399 5495.2935 29.363587404501907 5296.0097 5507.861 60.76586697216682 5552.7447 5861.5448 230.35265481608843 5861.5448 6508.6797 420.5351665539051 7685.1965 8674.3206 2009aa "" "" ""
CMFGEN 1.04 28.389999999999418 "" "" "" "" "" "" 125.29630682851825 4532.9863 5120.0655 65.11608116197306 5150.5865 5504.2703 4.653596252598637 5585.061 5800.5029 150.47468612025204 5800.5029 6245.7495 84.60288859487969 7768.2675 8436.699 2009aa "" "" ""
CMFGEN 1.02 28.389999999999418 "" "" "" "" "" "" 128.60553629102128 4500.6701 5053.6376 83.63187746216188 5150.5865 5583.2656 20.5055122745618 5583.2656 5832.8192 166.2913447501054 5832.8192 6373.4479 84.42457265990437 7723.8342 8438.6309 2009aa "" "" ""
CMFGEN 1.4 28.389999999999418 "" "" "" "" "" "" 149.91892318047408 4500.6701 5050.0469 71.88309993967184 5150.5865 5567.1075 37.86651243570097 5567.1075 5845.3866 155.48889535465355 5845.3866 6373.4479 95.69407726354372 7750.8805 8434.7671 2009aa "" "" ""
CMFGEN 1.7 28.389999999999418 "" "" "" "" "" "" 128.56563650965165 4527.6003 5129.0423 87.65399921104675 5150.5865 5595.8331 7.3475328502569495 5595.8331 5800.5029 140.49147755590076 5800.5029 6373.4479 94.1664226575856 7716.1067 8469.541 2009aa "" "" ""
OBSERVED "" -1.5200000001495937 "" "" "" "" "" "" 135.9367531762605 4520.803 5212.1092 75.15995930367572 5212.1092 5546.9606 25.326232798526185 5676.5806 5916.0173 "" "" "" "" "" "" 2009aa "" "" ""
CMFGEN 1.04 -1.5200000001495937 "" "" "" "" "" "" 804.8776184839476 4501.0 5548.7609 157.1791986092222 5204.9081 5653.177 -2.7140784542153833 5653.177 5800.7996 "" "" "" "" "" "" 2009aa "" "" ""
CMFGEN 1.02 -1.5200000001495937 "" "" "" "" "" "" 773.766163440917 4501.0 5548.7609 231.62121974208236 5152.7001 5629.7734 -1.7193041795300308 5629.7734 5800.7996 "" "" "" "" "" "" 2009aa "" "" ""
CMFGEN 1.4 -1.5200000001495937 "" "" "" "" "" "" 687.3392086852479 4501.0 5548.7609 190.52135986996433 5154.5004 5588.367 50.01734423464352 5588.367 5998.8301 "" "" "" "" "" "" 2009aa "" "" ""
CMFGEN 1.7 -1.5200000001495937 "" "" "" "" "" "" 636.2514434690479 4501.0 5548.7609 40.56343268316828 5298.5225 5663.9786 -5.049960432143068 5663.9786 5800.7996 "" "" "" "" "" "" 2009aa "" "" ""
OBSERVED "" 0.4799999998504063 "" "" "" "" "" "" 148.90086333084957 4528.5313 5209.6201 81.0240337903496 5209.6201 5555.57 24.050925496874324 5555.57 5917.7363 100.46203937266374 5917.7363 6391.3741 163.35907754258076 7944.5067 8769.4874 2009aa "" "" ""
CMFGEN 1.04 0.4799999998504063 "" "" "" "" "" "" 804.1212393806907 4501.5039 5548.3627 156.97646398358182 5204.2147 5654.6703 -2.443629781923065 5654.6703 5800.6179 249.84398495996854 5800.6179 6598.5875 463.6894842527922 7501.0312 8899.2379 2009aa "" "" ""
CMFGEN 1.02 0.4799999998504063 "" "" "" "" "" "" 772.4922366277294 4501.5039 5548.3627 233.58488727954887 5150.16 5629.4447 -1.7933244186031936 5629.4447 5800.6179 196.74801946739174 5800.6179 6598.5875 455.0955591214199 7501.0312 8899.2379 2009aa "" "" ""
CMFGEN 1.4 0.4799999998504063 "" "" "" "" "" "" 685.8170634377868 4501.5039 5548.3627 194.43177276728164 5150.16 5588.0028 50.011982542944466 5588.0028 5998.8183 54.545500173616965 5998.8183 6598.5875 340.6227215626113 7501.0312 8899.2379 2009aa "" "" ""
