results/equivalent_width/fixed_False.ecsv
# %ECSV 0.9
# ---
# datatype:
# - name: model
#   datatype: string
# - name: version
#   datatype: string
# - name: time
#   datatype: float64
# - name: pW2
#   datatype: float64
# - name: pW2_start
#   datatype: float64
# - name: pW2_end
#   datatype: float64
# - name: pW3
#   datatype: float64
# - name: pW3_start
#   datatype: float64
# - name: pW3_end
#   datatype: float64
# - name: pW4
#   datatype: float64
# - name: pW4_start
#   datatype: float64
# - name: pW4_end
#   datatype: float64
# - name: pW5
#   datatype: float64
# - name: pW5_start
#   datatype: float64
# - name: pW5_end
#   datatype: float64
# - name: pW6
#   datatype: float64
# - name: pW6_start
#   datatype: float64
# - name: pW6_end
#   datatype: float64
# - name: pW7
#   datatype: float64
# - name: pW7_start
#   datatype: float64
# - name: pW7_end
#   datatype: float64
# - name: pW8
#   datatype: float64
# - name: pW8_start
#   datatype: float64
# - name: pW8_end
#   datatype: float64
# - name: pW1
#   datatype: float64
# - name: pW1_start
#   datatype: float64
# - name: pW1_end
#   datatype: float64
# - name: obj_id
#   datatype: string
# schema: astropy-2.0
model version time pW2 pW2_start pW2_end pW3 pW3_start pW3_end pW4 pW4_start pW4_end pW5 pW5_start pW5_end pW6 pW6_start pW6_end pW7 pW7_start pW7_end pW8 pW8_start pW8_end pW1 pW1_start pW1_end obj_id
[from data line 1438]
CMFGEN 1.4 2400027.2 0.13266862918786476 3998.2182 4036.4109 388.0467628733103 4036.4109 4681.6674 242.03360191113657 4681.6674 5226.4167 36.780735974786054 5226.4167 5501.8065 173.72558862172374 5550.05 5873.6834 212.22021249344738 5873.6834 6512.9094 580.6050125074444 7855.6862 8898.9514 "" "" "" 2008R
CMFGEN 1.7 2400027.2 -0.004049333323268094 3992.1877 4000.2283 495.6678827235385 3992.1877 4683.6776 120.52404498546329 4683.6776 5051.5341 45.56721646140987 5250.5384 5501.8065 178.0683776397953 5550.05 5885.7442 311.03864941875094 5885.7442 6551.1022 648.9572752238886 7861.7166 8872.8195 "" "" "" 2008R
OBSERVED "" 2400014.8 41.219017083346586 3926.2896 4145.0126 230.56804237830082 3926.2896 4588.4511 262.65218265147405 4588.4511 5226.643 9.470361059039618 5226.643 5505.2902 77.14063468944616 5550.2333 5855.8463 121.95993376169287 5855.8463 6299.2848 302.50998930522354 7896.2626 8714.2269 "" "" "" 2008bc
CMFGEN 1.04 2400014.8 3.3264502263819433e-16 3998.1985 4001.1947 467.7318817812769 4001.1947 4696.3145 110.1223794614066 4696.3145 5052.8631 29.68610533815571 5238.6278 5502.294 153.04375005193452 5550.2333 5936.7439 272.50584381282175 5936.7439 6521.004 490.09028340185705 7863.3043 8899.9916 "" "" "" 2008bc
CMFGEN 1.02 2400014.8 -6.652900452763887e-16 3998.1985 4001.1947 456.339452527004 3998.1985 4687.3259 232.7261784840038 4687.3259 5232.6354 35.907869155154025 5232.6354 5502.294 173.73925987980772 5550.2333 5873.8235 228.24390398964636 5873.8235 6515.0116 592.0125641739737 7854.3157 8899.9916 "" "" "" 2008bc
CMFGEN 1.4 2400014.8 0.10425434412855542 3998.1985 4037.1492 393.3985798297533 4037.1492 4684.3297 239.33457810644018 4684.3297 5226.643 34.69590279248775 5226.643 5502.294 173.5090123943845 5550.2333 5876.8197 211.24312184889163 5876.8197 6512.0154 582.6423785635336 7854.3157 8899.9916 "" "" "" 2008bc
CMFGEN 1.7 2400014.8 -0.0012833761583743173 3995.2023 4001.1947 498.02252900089553 3995.2023 4684.3297 118.2989383829797 4684.3297 5052.8631 43.56680610069486 5250.6127 5502.294 170.55835618160086 5550.2333 5912.7742 312.2146005953564 5912.7742 6550.9661 650.2048618548872 7863.3043 8873.0258 "" "" "" 2008bc
OBSERVED "" 2400019.71 51.5339595062394 3953.2554 4148.0088 299.46533568808167 3953.2554 4603.4322 301.8554363179629 4603.4322 5259.6013 -4.751528039297283 5259.6013 5508.2864 92.55696437518277 5550.2333 5882.8121 181.05918667495797 5882.8121 6473.0647 479.69747929077954 7524.733 8648.3103 "" "" "" 2008bc
CMFGEN 1.04 2400019.71 3.3264502263819433e-16 3998.1985 4001.1947 467.7318817812769 4001.1947 4696.3145 110.1223794614066 4696.3145 5052.8631 29.68610533815571 5238.6278 5502.294 153.04375005193452 5550.2333 5936.7439 272.50584381282175 5936.7439 6521.004 490.09028340185705 7863.3043 8899.9916 "" "" "" 2008bc
CMFGEN 1.02 2400019.71 -6.652900452763887e-16 3998.1985 4001.1947 456.339452527004 3998.1985 4687.3259 232.7261784840038 4687.3259 5232.6354 35.907869155154025 5232.6354 5502.294 173.73925987980772 5550.2333 5873.8235 228.24390398964636 5873.8235 6515.0116 592.0125641739737 7854.3157 8899.9916 "" "" "" 2008bc
CMFGEN 1.4 2400019.71 0.10425434412855542 3998.1985 4037.1492 393.3985798297533 4037.1492 4684.3297 239.33457810644018 4684.3297 5226.643 34.69590279248775 5226.643 5502.294 173.5090123943845 5550.2333 5876.8197 211.24312184889163 5876.8197 6512.0154 582.6423785635336 7854.3157 8899.9916 "" "" "" 2008bc
CMFGEN 1.7 2400019.71 -0.0012833761583743173 3995.2023 4001.1947 498.02252900089553 3995.2023 4684.3297 118.2989383829797 4684.3297 5052.8631 43.56680610069486 5250.6127 5502.294 170.55835618160086 5550.2333 5912.7742 312.2146005953564 5912.7742 6550.9661 650.2048618548872 7863.3043 8873.0258 "" "" "" 2008bc
OBSERVED "" 2399990.69 -0.03268704994017804 3999.9398 4082.5683 84.79713251741066 4082.5683 4479.7182 112.92057436330863 4511.7034 5050.1214 78.69583174734936 5151.4079 5612.5282 "" "" "" "" "" "" "" "" "" -23.617372015544408 3792.0359 4082.5683 2008bc
CMFGEN 1.04 2399990.69 1.4795942249178702e-16 3999.9398 4002.6052 468.5493068512059 3999.9398 4695.6184 110.03823534585945 4695.6184 5050.1214 26.588196854051443 5236.7018 5500.5799 "" "" "" "" "" "" "" "" "" 288.60545598285 3501.5034 3999.9398 2008bc
CMFGEN 1.02 2399990.69 -0.0027649410087582857 3997.2744 4002.6052 456.9356999234093 3997.2744 4687.6221 232.506211443236 4687.6221 5231.371 33.71218116992663 5231.371 5500.5799 "" "" "" "" "" "" "" "" "" 166.66307286858247 3682.753 3997.2744 2008bc
CMFGEN 1.4 2399990.69 0.041688251195718125 3999.9398 4037.2559 393.918034411235 4037.2559 4682.2913 238.89195808712148 4682.2913 5226.0401 33.08109487107829 5226.0401 5500.5799 "" "" "" "" "" "" "" "" "" 164.85683497720936 3688.0839 4037.2559 2008bc
CMFGEN 1.7 2399990.69 -0.0072959706295375425 3994.6089 4002.6052 498.6818332184793 3994.6089 4682.2913 118.48708187329902 4682.2913 5050.1214 41.29750881512676 5250.029 5500.5799 "" "" "" "" "" "" "" "" "" 306.6248186614856 3501.5034 3994.6089 2008bc
OBSERVED "" 2399990.71 "" "" "" "" "" "" "" "" "" 75.62068598975188 5150.2656 5609.482 13.875021186754411 5609.482 5821.4281 118.58419473912963 5821.4281 6319.8938 414.202094022648 7501.2968 8451.1291 "" "" "" 2008bc
CMFGEN 1.04 2399990.71 "" "" "" "" "" "" "" "" "" 29.49346543471625 5236.614 5503.509 151.84204437048675 5550.6081 5939.1759 272.5460484985887 5939.1759 6520.065 489.13857364445346 7866.3149 8898.5707 "" "" "" 2008bc
CMFGEN 1.02 2399990.71 "" "" "" "" "" "" "" "" "" 36.961894652541886 5232.689 5503.509 173.63942823517996 5550.6081 5872.4521 228.1446192308877 5872.4521 6516.1401 590.8509252117321 7854.5402 8898.5707 "" "" "" 2008bc
CMFGEN 1.4 2399990.71 "" "" "" "" "" "" "" "" "" 34.491476081019435 5224.8392 5503.509 173.22994591153088 5550.6081 5876.377 211.24796243875522 5876.377 6512.2152 581.2944120744799 7854.5402 8898.5707 "" "" "" 2008bc
CMFGEN 1.7 2399990.71 "" "" "" "" "" "" "" "" "" 45.76774675408859 5252.3137 5503.509 170.49702894103245 5550.6081 5911.7014 312.1325382555777 5911.7014 6551.4645 650.7259960076676 7862.39 8871.0962 "" "" "" 2008bc
OBSERVED "" 2399995.7199999997 15.117803114931496 3912.4009 4057.872 106.68100213612115 3912.4009 4491.0748 133.3301548095874 4500.4601 5163.3542 79.42523701270443 5163.3542 5611.3758 16.114415205386734 5611.3758 5866.0121 103.21121132460398 5866.0121 6310.823 168.16179188725985 7724.0422 8487.4571 157.62250446766888 3536.2504 3912.4009 2008bc
CMFGEN 1.04 2399995.7199999997 -1.555792632029484e-06 3999.8318 4000.5727 468.1215114158457 4000.5727 4696.0682 110.14720937577044 4696.0682 5050.2374 26.961547516211372 5237.6952 5500.2348 152.81990542679537 5550.1248 5937.8833 272.4908882903969 5937.8833 6518.7801 489.8837668486976 7867.0435 8899.9136 289.3368498611032 3500.1913 4000.5727 2008bc
CMFGEN 1.02 2399995.7199999997 -7.414362746059138e-05 3998.5969 4000.0787 455.8050686850148 3998.5969 4688.6588 232.7143827486965 4688.6588 5231.2737 33.36954946183326 5231.2737 5500.2348 173.9297587881496 5550.1248 5873.4215 228.22611536028583 5873.4215 6515.0754 592.0402347078402 7853.7066 8899.9136 166.4609548326028 3683.4505 3998.5969 2008bc
CMFGEN 1.4 2399995.7199999997 0.06081101659844401 3999.8318 4036.8787 394.08684543875313 4036.8787 4682.7313 239.0449942856931 4682.7313 5226.3341 33.004878749480376 5226.3341 5500.2348 173.71814157456487 5550.1248 5876.1383 211.26274928897078 5876.1383 6512.6056 582.4821478012882 7855.4355 8899.9136 165.0012059824424 3686.9082 4036.8787 2008bc
CMFGEN 1.7 2399995.7199999997 -0.0012008494101161042 3993.6573 4000.0787 498.96838119311616 3993.6573 4683.7192 118.84016793159776 4683.7192 5050.2374 41.773954808866755 5251.0321 5500.2348 170.55230085698054 5550.1248 5913.1853 312.3419006063436 5913.1853 6551.6284 650.7038008074726 7861.61 8872.7458 307.7958820280026 3500.1913 3993.6573 2008bc
OBSERVED "" 2399996.82 14.314463939289679 3920.8375 4064.1738 106.50998822624268 3920.8375 4494.1826 113.15610755695224 4504.0002 5079.3088 83.74281172810473 5161.7763 5650.6905 12.786888858787488 5650.6905 5856.8591 101.96462328292621 5856.8591 6310.4301 156.9654285602685 7733.9753 8460.4743 "" "" "" 2008bc
CMFGEN 1.04 2399996.82 0.0 3999.3779 4001.3414 467.6315204209325 4001.3414 4696.4242 110.1864681364921 4696.4242 5051.8197 28.66073088472626 5238.3532 5501.4636 152.51617765912977 5550.5514 5937.363 272.4613288101184 5937.363 6518.5622 489.16248967645924 7863.5671 8898.3372 "" "" "" 2008bc
CMFGEN 1.02 2399996.82 4.3598458177026343e-16 3999.3779 4001.3414 455.2790237424748 3999.3779 4688.5702 232.4791137963625 4688.5702 5230.4992 33.889973267366194 5230.4992 5501.4636 173.68983538344787 5550.5514 5872.5672 228.12061001160507 5872.5672 6514.6352 590.8052526564413 7853.7495 8898.3372 "" "" "" 2008bc
CMFGEN 1.4 2399996.82 0.08297646144195826 3999.3779 4036.6846 394.23507258444903 4036.6846 4682.6797 239.0865649111597 4682.6797 5226.5721 34.0476686271311 5226.5721 5501.4636 173.27957552418343 5550.5514 5876.4942 211.27780065217038 5876.4942 6512.6717 580.9668023375649 7855.713 8898.3372 "" "" "" 2008bc
CMFGEN 1.7 2399996.82 -0.0038836382092460224 3993.4874 4001.3414 499.22299031622526 3993.4874 4682.6797 118.16714098148063 4682.6797 5051.8197 42.32371722773354 5250.1343 5501.4636 170.53605311528497 5550.5514 5911.8374 312.196251189024 5911.8374 6551.9419 650.6957052577562 7861.6035 8872.8116 "" "" "" 2008bc
OBSERVED "" 2400004.88 "" "" "" "" "" "" "" "" "" "" "" "" "" "" "" 117.00131278604009 5840.5966 6334.4544 211.16363057024637 7832.7122 8563.4882 "" "" "" 2008bc
CMFGEN 1.04 2400004.88 "" "" "" "" "" "" "" "" "" "" "" "" "" "" "" 272.42314350956707 5937.366 6517.9826 488.57133885448684 7862.7441 8897.176 "" "" "" 2008bc
CMFGEN 1.02 2400004.88 "" "" "" "" "" "" "" "" "" "" "" "" "" "" "" 228.22172183167527 5873.9653 6514.6457 590.0995050290662 7852.7334 8897.176 "" "" "" 2008bc
CMFGEN 1.4 2400004.88 "" "" "" "" "" "" "" "" "" "" "" "" "" "" "" 211.18470278696716 5877.3022 6511.3089 579.8041973403767 7856.0703 8897.176 "" "" "" 2008bc
CMFGEN 1.7 2400004.88 "" "" "" "" "" "" "" "" "" "" "" "" "" "" "" 312.26594305279787 5914.0079 6551.3514 650.2221433951538 7862.7441 8873.8178 "" "" "" 2008bc
OBSERVED "" 2400004.87 "" "" "" "" "" "" 156.8368003628463 4503.2427 5115.0092 97.59182948024227 5164.0813 5609.0024 18.177946697812494 5609.0024 5821.6485 112.85428110034886 5821.6485 6282.9269 179.38006398939427 7918.6661 8582.7762 "" "" "" 2008bc
CMFGEN 1.04 2400004.87 "" "" "" "" "" "" 110.10960558117455 4696.2599 5052.8511 26.58574439665512 5236.0539 5501.0436 152.2927142362571 5550.1158 5939.4217 272.5019704539971 5939.4217 6518.4734 488.38037494120715 7863.051 8896.8382 "" "" "" 2008bc
CMFGEN 1.02 2400004.87 "" "" "" "" "" "" 233.23515004308229 4689.717 5232.7824 34.93821730848698 5232.7824 5501.0436 173.81164769858987 5550.1158 5873.9922 228.26042639859605 5873.9922 6515.2019 589.8207605395645 7853.2366 8896.8382 "" "" "" 2008bc
CMFGEN 1.4 2400004.87 "" "" "" "" "" "" 239.09410355134452 4683.174 5226.2394 33.53953774321013 5226.2394 5501.0436 173.54748691500473 5550.1158 5877.2636 211.24398696882957 5877.2636 6511.9304 579.4175135598139 7856.508 8896.8382 "" "" "" 2008bc
CMFGEN 1.7 2400004.87 "" "" "" "" "" "" 118.02636611098295 4683.174 5052.8511 43.27747946840843 5252.4113 5501.0436 170.513382235797 5550.1158 5913.2499 312.2923630825652 5913.2499 6551.1882 650.5793249966096 7863.051 8870.6663 "" "" "" 2008bc
OBSERVED "" 2400007.8 19.600209767701024 3926.2896 4067.1113 132.86793137585195 3926.2896 4519.5384 186.00288969440615 4519.5384 5193.6847 70.19536814294254 5193.6847 5574.2029 22.316860379215342 5574.2029 5831.8766 110.25946669937488 5831.8766 6287.3 221.00638159271605 7899.2588 8642.3179 "" "" "" 2008bc
CMFGEN 1.04 2400007.8 3.3264502263819433e-16 3998.1985 4001.1947 467.7318817812769 4001.1947 4696.3145 110.1223794614066 4696.3145 5052.8631 29.68610533815571 5238.6278 5502.294 153.04375005193452 5550.2333 5936.7439 272.50584381282175 5936.7439 6521.004 490.09028340185705 7863.3043 8899.9916 "" "" "" 2008bc
CMFGEN 1.02 2400007.8 -6.652900452763887e-16 3998.1985 4001.1947 456.339452527004 3998.1985 4687.3259 232.7261784840038 4687.3259 5232.6354 35.907869155154025 5232.6354 5502.294 173.73925987980772 5550.2333 5873.8235 228.24390398964636 5873.8235 6515.0116 592.0125641739737 7854.3157 8899.9916 "" "" "" 2008bc
CMFGEN 1.4 2400007.8 0.10425434412855542 3998.1985 4037.1492 393.3985798297533 4037.1492 4684.3297 239.33457810644018 4684.3297 5226.643 34.69590279248775 5226.643 5502.294 173.5090123943845 5550.2333 5876.8197 211.24312184889163 5876.8197 6512.0154 582.6423785635336 7854.3157 8899.9916 "" "" "" 2008bc
CMFGEN 1.7 2400007.8 -0.0012833761583743173 3995.2023 4001.1947 498.02252900089553 3995.2023 4684.3297 118.2989383829797 4684.3297 5052.8631 43.56680610069486 5250.6127 5502.294 170.55835618160086 5550.2333 5912.7742 312.2146005953564 5912.7742 6550.9661 650.2048618548872 7863.3043 8873.0258 "" "" "" 2008bc
OBSERVED "" 2400004.85 18.939447529895062 3902.0896 4059.4749 106.6902087206572 4059.4749 4515.0638 "" "" "" "" "" "" "" "" "" "" "" "" "" "" "" 150.5775619764384 3566.6105 4059.4749 2008bc
CMFGEN 1.04 2400004.85 0.0 3999.42 4001.4909 467.8143259716388 4001.4909 4695.2286 "" "" "" "" "" "" "" "" "" "" "" "" "" "" "" 289.014573308675 3500.343 4001.4909 2008bc
CMFGEN 1.02 2400004.85 -4.59832172339183e-16 3999.42 4001.4909 455.13343023484083 3999.42 4689.016 "" "" "" "" "" "" "" "" "" "" "" "" "" "" "" 166.45318289034884 3682.5786 3999.42 2008bc
CMFGEN 1.4 2400004.85 0.08073796034516234 3999.42 4036.6955 394.1936548793344 4036.6955 4682.8034 "" "" "" "" "" "" "" "" "" "" "" "" "" "" "" 165.0316097079696 3686.7203 4036.6955 2008bc
CMFGEN 1.7 2400004.85 -0.004960537639941281 3993.2074 4001.4909 499.3498983204646 3993.2074 4682.8034 "" "" "" "" "" "" "" "" "" "" "" "" "" "" "" 307.7554357291989 3500.343 3993.2074 2008bc
OBSERVED "" 2400036.69 1.3282850413752507 3962.2441 4001.1947 285.6061012278366 3962.2441 4621.4094 412.16403068004007 4621.4094 5496.3016 18.602832685368767 5289.5633 5517.275 55.490764399319346 5550.2333 5822.888 234.18736956767793 5822.888 6541.9775 453.0952166761866 7737.4637 8711.2306 "" "" "" 2008bc
CMFGEN 1.04 2400036.69 3.3264502263819433e-16 3998.1985 4001.1947 467.7318817812769 4001.1947 4696.3145 110.1223794614066 4696.3145 5052.8631 29.68610533815571 5238.6278 5502.294 153.04375005193452 5550.2333 5936.7439 272.50584381282175 5936.7439 6521.004 490.09028340185705 7863.3043 8899.9916 "" "" "" 2008bc
CMFGEN 1.02 2400036.69 -6.652900452763887e-16 3998.1985 4001.1947 456.339452527004 3998.1985 4687.3259 232.7261784840038 4687.3259 5232.6354 35.907869155154025 5232.6354 5502.294 173.73925987980772 5550.2333 5873.8235 228.24390398964636 5873.8235 6515.0116 592.0125641739737 7854.3157 8899.9916 "" "" "" 2008bc
CMFGEN 1.4 2400036.69 0.10425434412855542 3998.1985 4037.1492 393.3985798297533 4037.1492 4684.3297 239.33457810644018 4684.3297 5226.643 34.69590279248775 5226.643 5502.294 173.5090123943845 5550.2333 5876.8197 211.24312184889163 5876.8197 6512.0154 582.6423785635336 7854.3157 8899.9916 "" "" "" 2008bc
CMFGEN 1.7 2400036.69 -0.0012833761583743173 3995.2023 4001.1947 498.02252900089553 3995.2023 4684.3297 118.2989383829797 4684.3297 5052.8631 43.56680610069486 5250.6127 5502.294 170.55835618160086 5550.2333 5912.7742 312.2146005953564 5912.7742 6550.9661 650.2048618548872 7863.3043 8873.0258 "" "" "" 2008bc
OBSERVED "" 2400009.22 19.576892909853683 3939.5347 4067.2469 163.50108943852612 3939.5347 4595.9157 184.23971245800152 4595.9157 5178.0455 61.76861136729907 5178.0455 5549.3017 28.94893418177087 5605.7327 5843.3367 98.76996223049296 5843.3367 6268.0538 278.47553139400355 7806.5396 8676.7642 "" "" "" 2008bf
