results/equivalent_width/fixed_True.ecsv
# %ECSV 0.9
# ---
# datatype:
# - name: model
#   datatype: string
# - name: version
#   datatype: string
# - name: phase
#   datatype: float64
# - name: pW2
#   datatype: float64
# - name: pW2_start
#   datatype: float64
# - name: pW2_end
#   datatype: float64
# - name: pW3
#   datatype: float64
# - name: pW3_start
#   datatype: float64
# - name: pW3_end
#   datatype: float64
# - name: pW4
#   datatype: float64
# - name: pW4_start
#   datatype: float64
# - name: pW4_end
#   datatype: float64
# - name: pW5
#   datatype: float64
# - name: pW5_start
#   datatype: float64
# - name: pW5_end
#   datatype: float64
# - name: pW6
#   datatype: float64
# - name: pW6_start
#   datatype: float64
# - name: pW6_end
#   datatype: float64
# - name: pW7
#   datatype: float64
# - name: pW7_start
#   datatype: float64
# - name: pW7_end
#   datatype: float64
# - name: pW8
#   datatype: float64
# - name: pW8_start
#   datatype: float64
# - name: pW8_end
#   datatype: float64
# - name: pW1
#   datatype: float64
# - name: pW1_start
#   datatype: float64
# - name: pW1_end
#   datatype: float64
# - name: obj_id
#   datatype: string
# schema: astropy-2.0
model version phase pW2 pW2_start pW2_end pW3 pW3_start pW3_end pW4 pW4_start pW4_end pW5 pW5_start pW5_end pW6 pW6_start pW6_end pW7 pW7_start pW7_end pW8 pW8_start pW8_end pW1 pW1_start pW1_end obj_id
[from data line 435]
OBSERVED "" 46.56000000005588 "" "" "" "" "" "" 385.4330609818036 4644.6956 5501.6168 31.704177618675075 5289.8302 5501.6168 88.22352372796459 5557.0071 5843.7336 249.17606141771358 5843.7336 6505.1594 522.7562042115097 7733.5217 8746.8392 "" "" "" 2005ki
CMFGEN 1.04 46.56000000005588 "" "" "" "" "" "" 176.31873409816933 4644.6956 5501.6168 10.074966755062686 5289.8302 5501.6168 129.22583228492485 5557.0071 5843.7336 166.39513856430273 5843.7336 6505.1594 366.0312658345913 7733.5217 8746.8392 "" "" "" 2005ki
CMFGEN 1.02 46.56000000005588 "" "" "" "" "" "" 240.5861032714127 4644.6956 5501.6168 -4.709431484254276 5289.8302 5501.6168 108.85209323310447 5557.0071 5843.7336 153.19914354255098 5843.7336 6505.1594 485.40190487970204 7733.5217 8746.8392 "" "" "" 2005ki
CMFGEN 1.4 46.56000000005588 "" "" "" "" "" "" 295.94908979459063 4644.6956 5501.6168 -1.4513831723797794 5289.8302 5501.6168 94.3673658972553 5557.0071 5843.7336 166.71612935819218 5843.7336 6505.1594 489.811460421736 7733.5217 8746.8392 "" "" "" 2005ki
CMFGEN 1.7 46.56000000005588 "" "" "" "" "" "" 144.53710776698392 4644.6956 5501.6168 15.564969124933047 5289.8302 5501.6168 152.29382540028575 5557.0071 5843.7336 142.28684068053627 5843.7336 6505.1594 277.5956503291147 7733.5217 8746.8392 "" "" "" 2005ki
OBSERVED "" 145.39999999990687 21.226184907779206 3993.9746 4032.7679 365.86181045161186 3993.9746 4671.3644 264.48968552885157 4671.3644 5223.4221 133.85343780922798 5223.4221 5572.5613 210.25308687673237 5572.5613 5942.5891 354.1130229181214 5942.5891 6503.5991 677.2878208474191 7834.5058 8613.3548 "" "" "" 2005ki
CMFGEN 1.04 145.39999999990687 -0.7050474952686041 3993.9746 4032.7679 441.94845061323497 3993.9746 4671.3644 225.81931615454215 4671.3644 5223.4221 83.01835135225208 5223.4221 5572.5613 118.03583687589874 5572.5613 5942.5891 250.62240300074728 5942.5891 6503.5991 307.86886194139663 7834.5058 8613.3548 "" "" "" 2005ki
CMFGEN 1.02 145.39999999990687 -0.1353872748088922 3993.9746 4032.7679 420.3105331117675 3993.9746 4671.3644 241.2280789289357 4671.3644 5223.4221 55.03560250830599 5223.4221 5572.5613 118.89207502039561 5572.5613 5942.5891 193.97891041753468 5942.5891 6503.5991 425.87917920182747 7834.5058 8613.3548 "" "" "" 2005ki
CMFGEN 1.4 145.39999999990687 0.08047659269880544 3993.9746 4032.7679 382.241139493893 3993.9746 4671.3644 241.72316691982076 4671.3644 5223.4221 24.572014434187675 5223.4221 5572.5613 121.31785167109135 5572.5613 5942.5891 163.65550265229712 5942.5891 6503.5991 421.5170914144616 7834.5058 8613.3548 "" "" "" 2005ki
CMFGEN 1.7 145.39999999990687 -0.5108701804395428 3993.9746 4032.7679 467.61568110064997 3993.9746 4671.3644 227.4929142056002 4671.3644 5223.4221 83.49203736661559 5223.4221 5572.5613 103.33509580847037 5572.5613 5942.5891 258.987706391915 5942.5891 6503.5991 370.46417261876695 7834.5058 8613.3548 "" "" "" 2005ki
OBSERVED "" 21.56000000005588 9.510174342806494 3952.1973 4044.7043 262.5205571885611 3952.1973 4605.7142 337.9785024172771 4605.7142 5483.0384 6.063189410863972 5298.0245 5506.9112 59.71556092190102 5551.6726 5841.1299 210.21747067463895 5841.1299 6443.9172 429.73329122004924 7676.3487 8753.6073 "" "" "" 2005ki
CMFGEN 1.04 21.56000000005588 1.2782848698599694 3952.1973 4044.7043 164.83671925343486 3952.1973 4605.7142 116.93584503709295 4605.7142 5483.0384 13.779645724387603 5298.0245 5506.9112 89.38214185515055 5551.6726 5841.1299 116.629010316216 5841.1299 6443.9172 216.5058777067631 7676.3487 8753.6073 "" "" "" 2005ki
CMFGEN 1.02 21.56000000005588 3.957641411048467 3952.1973 4044.7043 259.6376739568627 3952.1973 4605.7142 197.76175522700754 4605.7142 5483.0384 -5.323790929982153 5298.0245 5506.9112 71.50326084003109 5551.6726 5841.1299 185.72664061734145 5841.1299 6443.9172 442.5716586413014 7676.3487 8753.6073 "" "" "" 2005ki
CMFGEN 1.4 21.56000000005588 3.7995581712685467 3952.1973 4044.7043 278.6926998470876 3952.1973 4605.7142 286.93703413162154 4605.7142 5483.0384 -1.0615823592595066 5298.0245 5506.9112 61.65353525757425 5551.6726 5841.1299 192.46627455660862 5841.1299 6443.9172 444.7384807100667 7676.3487 8753.6073 "" "" "" 2005ki
CMFGEN 1.7 21.56000000005588 5.25547087102617 3952.1973 4044.7043 192.45833117183503 3952.1973 4605.7142 142.5952957551676 4605.7142 5483.0384 10.241214635160384 5298.0245 5506.9112 101.42853885041718 5551.6726 5841.1299 141.52306115404923 5841.1299 6443.9172 213.6408864421255 7676.3487 8753.6073 "" "" "" 2005ki
OBSERVED "" 11.339999999850988 18.289212671984824 3941.3037 4064.1951 214.92079664755363 3941.3037 4584.4355 "" "" "" "" "" "" "" "" "" "" "" "" "" "" "" 93.21617820627776 3668.8944 3941.3037 2005na
CMFGEN 1.04 11.339999999850988 4.262989456085576 3941.3037 4064.1951 98.25376475702456 3941.3037 4584.4355 "" "" "" "" "" "" "" "" "" "" "" "" "" "" "" 95.18318570300211 3668.8944 3941.3037 2005na
CMFGEN 1.02 11.339999999850988 15.807518214591303 3941.3037 4064.1951 185.24614327779264 3941.3037 4584.4355 "" "" "" "" "" "" "" "" "" "" "" "" "" "" "" 74.07522838179213 3668.8944 3941.3037 2005na
CMFGEN 1.4 11.339999999850988 14.959652578151019 3941.3037 4064.1951 232.67494478587957 3941.3037 4584.4355 "" "" "" "" "" "" "" "" "" "" "" "" "" "" "" 65.29510022296289 3668.8944 3941.3037 2005na
CMFGEN 1.7 11.339999999850988 11.427984681981561 3941.3037 4064.1951 115.6559069397742 3941.3037 4584.4355 "" "" "" "" "" "" "" "" "" "" "" "" "" "" "" 74.09440156102197 3668.8944 3941.3037 2005na
OBSERVED "" 62.299999999813735 21.644269028083723 3954.4329 4016.6645 226.81728839484452 4016.6645 4612.3096 211.96932188672554 4612.3096 5498.3688 21.415984352926536 5293.8936 5516.1492 53.64722180983203 5557.637 5830.2706 247.08169904154994 5830.2706 6565.1959 307.73131002099245 7516.45 8692.9232 "" "" "" 2005na
CMFGEN 1.04 62.299999999813735 -2.990508070841254 3954.4329 4016.6645 286.479440749812 4016.6645 4612.3096 126.96124341038919 4612.3096 5498.3688 26.512386469166998 5293.8936 5516.1492 140.2995655660657 5557.637 5830.2706 139.6031510765447 5830.2706 6565.1959 334.714187470928 7516.45 8692.9232 "" "" "" 2005na
CMFGEN 1.02 62.299999999813735 -3.1621392923181184 3954.4329 4016.6645 261.431631324057 4016.6645 4612.3096 198.32921622334837 4612.3096 5498.3688 10.05475323898808 5293.8936 5516.1492 122.56160145157001 5557.637 5830.2706 89.3554321662483 5830.2706 6565.1959 489.59154693377695 7516.45 8692.9232 "" "" "" 2005na
CMFGEN 1.4 62.299999999813735 -2.7065999153805778 3954.4329 4016.6645 261.5831307868498 4016.6645 4612.3096 246.07404148285542 4612.3096 5498.3688 3.6988616715560454 5293.8936 5516.1492 109.24254094883968 5557.637 5830.2706 78.8208311410596 5830.2706 6565.1959 499.99649528957224 7516.45 8692.9232 "" "" "" 2005na
CMFGEN 1.7 62.299999999813735 -2.600750732380967 3954.4329 4016.6645 295.31382155872916 4016.6645 4612.3096 86.59357315399616 4612.3096 5498.3688 38.002934110001554 5293.8936 5516.1492 154.35995463374203 5557.637 5830.2706 133.03187103535504 5830.2706 6565.1959 269.3747582356407 7516.45 8692.9232 "" "" "" 2005na
OBSERVED "" 69.25 "" "" "" "" "" "" "" "" "" 43.89037462057123 5279.7124 5501.5297 120.5489883875446 5550.6708 5823.6768 244.83209742114983 5823.6768 6439.3053 529.6789991768163 7650.7695 8690.2398 "" "" "" 2005na
CMFGEN 1.04 69.25 "" "" "" "" "" "" "" "" "" 16.752927435056044 5279.7124 5501.5297 145.04548826260663 5550.6708 5823.6768 75.02199900277222 5823.6768 6439.3053 141.9455592150431 7650.7695 8690.2398 "" "" "" 2005na
CMFGEN 1.02 69.25 "" "" "" "" "" "" "" "" "" 2.0233640192696045 5279.7124 5501.5297 128.2408825004918 5550.6708 5823.6768 69.45479522258418 5823.6768 6439.3053 417.4297192985912 7650.7695 8690.2398 "" "" "" 2005na
CMFGEN 1.4 69.25 "" "" "" "" "" "" "" "" "" -6.100045444248764 5279.7124 5501.5297 115.20154477250384 5550.6708 5823.6768 80.64637818329841 5823.6768 6439.3053 453.659156164709 7650.7695 8690.2398 "" "" "" 2005na
CMFGEN 1.7 69.25 "" "" "" "" "" "" "" "" "" 31.94117189029297 5279.7124 5501.5297 157.901475888574 5550.6708 5823.6768 9.8587267306238 5823.6768 6439.3053 131.91358234999927 7650.7695 8690.2398 "" "" "" 2005na
OBSERVED "" 69.23999999975786 70.1136997279375 3923.2992 4052.7259 500.1235604444143 3923.2992 4686.9168 405.2173150280544 4686.9168 5505.5407 82.47619735115373 5236.9803 5505.5407 113.76703173631385 5557.3114 5845.2858 335.7280622834453 5845.2858 6566.8397 420.8965204337604 7819.0431 8712.0874 "" "" "" 2005na
CMFGEN 1.04 69.23999999975786 -26.679779885705916 3923.2992 4052.7259 312.998612350915 3923.2992 4686.9168 236.01045702153718 4686.9168 5505.5407 13.023481853204132 5236.9803 5505.5407 149.06629578123594 5557.3114 5845.2858 173.8599124192743 5845.2858 6566.8397 376.12880163187253 7819.0431 8712.0874 "" "" "" 2005na
CMFGEN 1.02 69.23999999975786 -25.70010578179987 3923.2992 4052.7259 250.76429030994706 3923.2992 4686.9168 204.7211348640568 4686.9168 5505.5407 -13.181690491749654 5236.9803 5505.5407 132.54367958431698 5557.3114 5845.2858 115.73332975569403 5845.2858 6566.8397 465.08671799110135 7819.0431 8712.0874 "" "" "" 2005na
CMFGEN 1.4 69.23999999975786 -24.765255827048634 3923.2992 4052.7259 221.47621478327983 3923.2992 4686.9168 210.84919297159206 4686.9168 5505.5407 -28.829717124972774 5236.9803 5505.5407 119.82153603898199 5557.3114 5845.2858 95.22986323064808 5845.2858 6566.8397 473.0045401320939 7819.0431 8712.0874 "" "" "" 2005na
CMFGEN 1.7 69.23999999975786 -25.196331137140678 3923.2992 4052.7259 333.63442755124686 3923.2992 4686.9168 209.35071365438523 4686.9168 5505.5407 20.199960641416563 5236.9803 5505.5407 164.6713250379023 5557.3114 5845.2858 202.46673005099348 5845.2858 6566.8397 392.7412514241587 7819.0431 8712.0874 "" "" "" 2005na
OBSERVED "" 39.27999999979511 8.795631952731895 3997.7196 4023.6049 408.95767680486017 4023.6049 4599.5538 534.4443484691469 4599.5538 5537.8974 70.98903901538678 5246.6873 5537.8974 66.94328235637626 5579.9611 5803.2222 296.41482317640384 5803.2222 6453.5914 522.7185926914406 7751.0941 8670.0237 "" "" "" 2005na
CMFGEN 1.04 39.27999999979511 0.007583528360987504 3997.7196 4023.6049 189.08074018343848 4023.6049 4599.5538 161.44591323230435 4599.5538 5537.8974 17.04761121509801 5246.6873 5537.8974 89.95126990974936 5579.9611 5803.2222 20.51867488024223 5803.2222 6453.5914 342.80816383286424 7751.0941 8670.0237 "" "" "" 2005na
CMFGEN 1.02 39.27999999979511 0.07263776948115476 3997.7196 4023.6049 187.79729930489407 4023.6049 4599.5538 198.0204937549399 4599.5538 5537.8974 -23.97907730205673 5246.6873 5537.8974 74.26522165560374 5579.9611 5803.2222 101.98890319224886 5803.2222 6453.5914 475.3288437269617 7751.0941 8670.0237 "" "" "" 2005na
CMFGEN 1.4 39.27999999979511 0.05173115518311191 3997.7196 4023.6049 206.05672758485352 4023.6049 4599.5538 258.7571120152543 4599.5538 5537.8974 -21.217488205592954 5246.6873 5537.8974 62.47082730315309 5579.9611 5803.2222 152.36369376491234 5803.2222 6453.5914 481.290020963435 7751.0941 8670.0237 "" "" "" 2005na
CMFGEN 1.7 39.27999999979511 0.13579484066008057 3997.7196 4023.6049 185.54416209145415 4023.6049 4599.5538 71.19861281808971 4599.5538 5537.8974 12.434439192169872 5246.6873 5537.8974 108.09871401765348 5579.9611 5803.2222 -83.92254443790934 5803.2222 6453.5914 256.14895123280087 7751.0941 8670.0237 "" "" "" 2005na
OBSERVED "" 11.359999999869615 "" "" "" "" "" "" "" "" "" "" "" "" "" "" "" 159.76995244840265 5869.0733 6466.4367 308.46367089831085 7878.9867 8657.8695 "" "" "" 2005na
CMFGEN 1.04 11.359999999869615 "" "" "" "" "" "" "" "" "" "" "" "" "" "" "" 153.51809500143952 5869.0733 6466.4367 186.48499156765382 7878.9867 8657.8695 "" "" "" 2005na
CMFGEN 1.02 11.359999999869615 "" "" "" "" "" "" "" "" "" "" "" "" "" "" "" 163.5391082768417 5869.0733 6466.4367 303.1715071502024 7878.9867 8657.8695 "" "" "" 2005na
CMFGEN 1.4 11.359999999869615 "" "" "" "" "" "" "" "" "" "" "" "" "" "" "" 157.6043472298482 5869.0733 6466.4367 316.37073132239516 7878.9867 8657.8695 "" "" "" 2005na
CMFGEN 1.7 11.359999999869615 "" "" "" "" "" "" "" "" "" "" "" "" "" "" "" 169.92175003266306 5869.0733 6466.4367 240.04980787997306 7878.9867 8657.8695 "" "" "" 2005na
OBSERVED "" 77.14999999990687 1.447615360916466e-14 3998.8841 4001.8475 271.43305922495676 3998.8841 4677.5046 275.4827185147873 4677.5046 5433.1738 15.217094594527174 5299.8204 5510.2224 94.91778997417124 5563.5638 5833.234 278.3875054881868 5833.234 6565.1959 608.0302349293121 7756.4861 8772.9353 "" "" "" 2005na
CMFGEN 1.04 77.14999999990687 2.6320279289390293e-15 3998.8841 4001.8475 356.04574865582896 3998.8841 4677.5046 205.9843649355098 4677.5046 5433.1738 28.93008793582438 5299.8204 5510.2224 145.3778920953832 5563.5638 5833.234 140.89212113073188 5833.234 6565.1959 306.04146946549326 7756.4861 8772.9353 "" "" "" 2005na
CMFGEN 1.02 77.14999999990687 4.112543638967233e-15 3998.8841 4001.8475 305.1409893963996 3998.8841 4677.5046 214.22249496099016 4677.5046 5433.1738 16.256113133687705 5299.8204 5510.2224 130.04821341405747 5563.5638 5833.234 80.07237200156929 5833.234 6565.1959 464.0636548229723 7756.4861 8772.9353 "" "" "" 2005na
CMFGEN 1.4 77.14999999990687 -3.619038402291165e-15 3998.8841 4001.8475 277.3765209477373 3998.8841 4677.5046 237.63551550217824 4677.5046 5433.1738 7.565948654310897 5299.8204 5510.2224 118.15792487508193 5563.5638 5833.234 60.01352179789153 5833.234 6565.1959 476.2579110039544 7756.4861 8772.9353 "" "" "" 2005na
CMFGEN 1.7 77.14999999990687 -4.2770453845259226e-15 3998.8841 4001.8475 372.50336461638415 3998.8841 4677.5046 187.4065670176218 4677.5046 5433.1738 46.33350728211998 5299.8204 5510.2224 155.44138135854047 5563.5638 5833.234 162.00275518182403 5833.234 6565.1959 378.4027613971354 7756.4861 8772.9353 "" "" "" 2005na
OBSERVED "" 11.350000000093132 20.247753003311534 3952.4202 4049.4903 224.24237297788972 3952.4202 4609.2608 228.81319972635106 4609.2608 5220.802 37.52337409837261 5220.802 5528.1904 56.87209419264767 5554.0757 5854.9928 119.65381284204432 5854.9928 6330.636 281.77747079465786 7864.3425 8657.081 "" "" "" 2005na
CMFGEN 1.04 11.350000000093132 3.0252062336208647 3952.4202 4049.4903 86.21879327478656 3952.4202 4609.2608 203.72851742082935 4609.2608 5220.802 32.09123925117327 5220.802 5528.1904 37.20064453342969 5554.0757 5854.9928 128.64878254990361 5854.9928 6330.636 183.93074457168603 7864.3425 8657.081 "" "" "" 2005na
CMFGEN 1.02 11.350000000093132 10.312068745568904 3952.4202 4049.4903 173.18399662263658 3952.4202 4609.2608 254.91441276686746 4609.2608 5220.802 10.074700420349599 5220.802 5528.1904 34.82170236415609 5554.0757 5854.9928 171.12959473664716 5854.9928 6330.636 305.027790041957 7864.3425 8657.081 "" "" "" 2005na
CMFGEN 1.4 11.350000000093132 10.112017436544877 3952.4202 4049.4903 222.46471908390308 3952.4202 4609.2608 270.7006301805419 4609.2608 5220.802 -8.987610131426935 5220.802 5528.1904 25.8596018632507 5554.0757 5854.9928 168.43592120519298 5854.9928 6330.636 318.6738458439794 7864.3425 8657.081 "" "" "" 2005na
CMFGEN 1.7 11.350000000093132 7.183595637246873 3952.4202 4049.4903 96.36121091604535 3952.4202 4609.2608 223.5260720765594 4609.2608 5220.802 27.987417482269695 5220.802 5528.1904 43.92173036622503 5554.0757 5854.9928 146.44872394583984 5854.9928 6330.636 240.85548400670672 7864.3425 8657.081 "" "" "" 2005na
OBSERVED "" 19.350000000093132 "" "" "" "" "" "" "" "" "" 9.205298618868289 5285.164 5503.3464 85.31632824560171 5553.9593 5854.2166 219.95568138574737 5854.2166 6564.1644 363.12671108424934 7613.3551 8691.272 "" "" "" 2005na
CMFGEN 1.04 19.350000000093132 "" "" "" "" "" "" "" "" "" 13.896709871229259 5285.164 5503.3464 80.76170718090339 5553.9593 5854.2166 149.31578106073707 5854.2166 6564.1644 215.1390131529114 7613.3551 8691.272 "" "" "" 2005na
CMFGEN 1.02 19.350000000093132 "" "" "" "" "" "" "" "" "" -7.593726804744449 5285.164 5503.3464 69.63063597039095 5553.9593 5854.2166 118.63442955932062 5854.2166 6564.1644 462.1977256899295 7613.3551 8691.272 "" "" "" 2005na
