results/equivalent_width/fixed_False.ecsv
# %ECSV 0.9
# ---
# datatype:
# - name: model
#   datatype: string
# - name: version
#   datatype: string
# - name: time
#   datatype: float64
# - name: pW2
#   datatype: float64
# - name: pW2_start
#   datatype: float64
# - name: pW2_end
#   datatype: float64
# - name: pW3
#   datatype: float64
# - name: pW3_start
#   datatype: float64
# - name: pW3_end
#   datatype: float64
# - name: pW4
#   datatype: float64
# - name: pW4_start
#   datatype: float64
# - name: pW4_end
#   datatype: float64
# - name: pW5
#   datatype: float64
# - name: pW5_start
#   datatype: float64
# - name: pW5_end
#   datatype: float64
# - name: pW6
#   datatype: float64
# - name: pW6_start
#   datatype: float64
# - name: pW6_end
#   datatype: float64
# - name: pW7
#   datatype: float64
# - name: pW7_start
#   datatype: float64
# - name: pW7_end
#   datatype: float64
# - name: pW8
#   datatype: float64
# - name: pW8_start
#   datatype: float64
# - name: pW8_end
#   datatype: float64
# - name: obj_id
#   datatype: string
# - name: pW1
#   datatype: float64
# - name: pW1_start
#   datatype: float64
# - name: pW1_end
#   datatype: float64
# schema: astropy-2.0
model version time pW2 pW2_start pW2_end pW3 pW3_start pW3_end pW4 pW4_start pW4_end pW5 pW5_start pW5_end pW6 pW6_start pW6_end pW7 pW7_start pW7_end pW8 pW8_start pW8_end obj_id pW1 pW1_start pW1_end
[from data line 2071]
CMFGEN 1.04 54563.299999999814 0.0 3997.089 4000.1138 464.31155176719955 3997.089 4695.8276 112.33992892232939 4695.8276 5052.7591 28.027819643864404 5234.2496 5500.4358 149.88293006146827 5551.8581 5936.0131 273.15268328792865 5936.0131 6519.8078 488.78474168653406 7859.8131 8897.3342 2007sr "" "" ""
CMFGEN 1.02 54563.299999999814 8.881784197001252e-16 3997.089 4000.1138 450.0483364647469 3997.089 4686.7531 236.48871704236228 4686.7531 5231.2248 36.555154080326616 5231.2248 5500.4358 171.90223780266624 5551.8581 5872.4914 229.52917640898033 5872.4914 6513.7581 589.414825192494 7850.7386 8897.3342 2007sr "" "" ""
CMFGEN 1.4 54563.299999999814 0.17398804225950926 3997.089 4036.4119 387.41646517556774 4036.4119 4680.7034 241.95346944990087 4680.7034 5225.1751 35.350254789533324 5225.1751 5500.4358 172.2087366160191 5551.8581 5872.4914 212.12888787881286 5872.4914 6510.7333 578.8239980366297 7856.7883 8897.3342 2007sr "" "" ""
CMFGEN 1.7 54563.299999999814 -0.0006110150528195746 3994.0641 4000.1138 494.2139045116298 3994.0641 4683.7283 120.53285171312763 4683.7283 5052.7591 43.41164349728851 5249.3738 5500.4358 176.55446101111696 5551.8581 5884.5908 310.9253245157104 5884.5908 6550.0562 648.3947707230393 7862.838 8873.1354 2007sr "" "" ""
OBSERVED "" 54568.12000000011 0.04947367836639316 3991.0393 4000.1138 292.74487274175567 3991.0393 4662.5543 269.0584080622541 4662.5543 5328.0197 2.088492987409211 5294.7465 5548.8333 144.44577340796647 5551.8581 5914.8392 239.83651953913756 5914.8392 6525.8575 627.1242310565781 7505.9065 8800.5392 2007sr "" "" ""
CMFGEN 1.04 54568.12000000011 0.0 3997.089 4000.1138 464.31155176719955 3997.089 4695.8276 112.33992892232939 4695.8276 5052.7591 28.027819643864404 5234.2496 5500.4358 149.88293006146827 5551.8581 5936.0131 273.15268328792865 5936.0131 6519.8078 488.78474168653406 7859.8131 8897.3342 2007sr "" "" ""
CMFGEN 1.02 54568.12000000011 8.881784197001252e-16 3997.089 4000.1138 450.0483364647469 3997.089 4686.7531 236.48871704236228 4686.7531 5231.2248 36.555154080326616 5231.2248 5500.4358 171.90223780266624 5551.8581 5872.4914 229.52917640898033 5872.4914 6513.7581 589.414825192494 7850.7386 8897.3342 2007sr "" "" ""
CMFGEN 1.4 54568.12000000011 0.17398804225950926 3997.089 4036.4119 387.41646517556774 4036.4119 4680.7034 241.95346944990087 4680.7034 5225.1751 35.350254789533324 5225.1751 5500.4358 172.2087366160191 5551.8581 5872.4914 212.12888787881286 5872.4914 6510.7333 578.8239980366297 7856.7883 8897.3342 2007sr "" "" ""
CMFGEN 1.7 54568.12000000011 -0.0006110150528195746 3994.0641 4000.1138 494.2139045116298 3994.0641 4683.7283 120.53285171312763 4683.7283 5052.7591 43.41164349728851 5249.3738 5500.4358 176.55446101111696 5551.8581 5884.5908 310.9253245157104 5884.5908 6550.0562 648.3947707230393 7862.838 8873.1354 2007sr "" "" ""
OBSERVED "" 54582.14000000013 0.5622765448085367 3983.3068 4003.1269 293.95700357470747 3983.3068 4667.0992 259.80926737209336 4667.0992 5307.2875 -12.000514262777841 5299.3595 5503.5062 149.79037235506382 5551.0744 5905.8536 244.36818892843496 5905.8536 6522.2578 596.5209115617397 7501.3692 8781.7458 2007sr "" "" ""
CMFGEN 1.04 54582.14000000013 0.0 3999.1629 4001.1449 463.52454685882196 3999.1629 4694.8473 112.11197114578403 4694.8473 5051.6086 30.39813951587206 5235.9352 5501.5242 150.2759931625963 5551.0744 5937.5657 273.1828910848884 5937.5657 6518.2938 489.46966337788217 7860.1125 8898.6842 2007sr "" "" ""
CMFGEN 1.02 54582.14000000013 -0.0008443629380709972 3997.1809 4001.1449 449.4694241794667 3997.1809 4688.9013 236.57115920069424 4688.9013 5229.9892 36.70366716029861 5229.9892 5501.5242 172.66881615064526 5551.0744 5872.1595 229.5393320138706 5872.1595 6514.3298 590.2068607305464 7852.1845 8898.6842 2007sr "" "" ""
CMFGEN 1.4 54582.14000000013 0.1632542871335687 3999.1629 4034.839 387.88422018718137 4034.839 4682.9553 242.6094540016158 4682.9553 5226.0252 36.68856287084884 5226.0252 5501.5242 172.43473259749308 5551.0744 5876.1235 212.51364568377738 5876.1235 6512.3477 580.1863831871983 7856.1485 8898.6842 2007sr "" "" ""
CMFGEN 1.7 54582.14000000013 -0.0036902875021427306 3993.2169 4001.1449 494.788147013599 3993.2169 4682.9553 120.60404435940893 4682.9553 5051.6086 46.35728438040988 5251.7913 5501.5242 176.87822092858545 5551.0744 5886.0335 311.3914948139279 5886.0335 6551.9879 648.9100724510677 7862.0945 8870.9361 2007sr "" "" ""
OBSERVED "" 54461.33999999985 47.56129176275229 3923.1831 4138.7687 256.61449961536414 3923.1831 4577.0082 291.36344560408156 4577.0082 5242.6139 6.39114039386692 5242.6139 5501.7878 70.43361419954493 5550.0884 5884.6584 155.79397698887124 5884.6584 6386.5133 282.2106052847812 7917.5311 8737.8073 2007sr "" "" ""
CMFGEN 1.04 54461.33999999985 -5.167779511339177e-05 3998.5792 4000.9353 463.82514828807746 3998.5792 4694.8145 112.11052369210489 4694.8145 5050.5896 29.184592589152857 5235.5455 5500.6098 151.7105365614716 5550.0884 5936.4932 273.14578251265596 5936.4932 6518.4564 489.5070540708663 7859.9679 8898.7227 2007sr "" "" ""
CMFGEN 1.02 54461.33999999985 -0.0007386455948745763 3997.4011 4000.9353 449.6360649995024 3997.4011 4687.7462 236.61876974380334 4687.7462 5230.8333 36.475998363325175 5230.8333 5500.6098 173.44340603401125 5550.0884 5872.8777 229.56131755631975 5872.8777 6513.7441 590.3707419685184 7850.8101 8898.7227 2007sr "" "" ""
CMFGEN 1.4 54461.33999999985 0.13353571701790656 3999.7572 4035.0991 388.026653438091 4035.0991 4681.8558 242.44286203799845 4681.8558 5226.121 36.05332368202872 5226.121 5500.6098 173.7537014982791 5550.0884 5872.8777 212.32214486567773 5872.8777 6512.5661 580.3778822595566 7854.7348 8898.7227 2007sr "" "" ""
CMFGEN 1.7 54461.33999999985 -0.004743457327361256 3992.6889 4000.9353 495.0311841252671 3992.6889 4683.0339 120.84806033396154 4683.0339 5050.5896 44.88550524557425 5250.8604 5500.6098 177.86949518219632 5550.0884 5885.8364 311.32076595683856 5885.8364 6551.4422 649.0498845850417 7861.2761 8871.2494 2007sr "" "" ""
OBSERVED "" 54468.35000000009 -1.5907818971000296 3941.2231 4001.399 315.92358808481794 3941.2231 4605.8928 342.72511187399823 4605.8928 5407.3259 -6.103658894200009 5284.2389 5500.3249 88.70337937408542 5555.0303 5880.527 "" "" "" "" "" "" 2007sr 91.12117908699122 3664.9612 3941.2231
CMFGEN 1.04 54468.35000000009 -4.440892098500626e-16 3998.6637 4001.399 464.056871048256 3998.6637 4693.4214 111.71412302372909 4693.4214 5051.7413 28.476161258811857 5235.0041 5500.3249 148.7786001523255 5552.295 5937.9676 "" "" "" "" "" "" 2007sr 286.43514596193415 3500.8452 3998.6637
CMFGEN 1.02 54468.35000000009 -0.0019926538519943193 3995.9284 4001.399 450.55560710363727 3995.9284 4687.9508 236.25951260881948 4687.9508 5229.5336 35.36458809298452 5229.5336 5500.3249 171.5397683256522 5552.295 5872.3212 "" "" "" "" "" "" 2007sr 227.345180272316 3500.8452 3995.9284
CMFGEN 1.4 54468.35000000009 0.20528141025196334 3998.6637 4034.2222 388.443935889465 4034.2222 4682.4803 242.01952648537087 4682.4803 5224.063 34.609490590243894 5224.063 5500.3249 171.84424921738204 5552.295 5872.3212 "" "" "" "" "" "" 2007sr 164.83007843835819 3686.8433 4034.2222
CMFGEN 1.7 54468.35000000009 -0.00449342309404166 3993.1932 4001.399 494.87673687580445 3993.1932 4682.4803 120.44841547467962 4682.4803 5051.7413 44.91236078450606 5251.4157 5500.3249 175.73636568471693 5552.295 5885.9975 "" "" "" "" "" "" 2007sr 305.39265562520654 3500.8452 3993.1932
OBSERVED "" 54468.35999999987 "" "" "" "" "" "" "" "" "" "" "" "" 88.26069234149764 5553.9411 5880.4777 187.81835396585484 5880.4777 6497.7115 608.1550971086759 7552.9822 8787.4498 2007sr "" "" ""
CMFGEN 1.04 54468.35999999987 "" "" "" "" "" "" "" "" "" "" "" "" 147.49549071689663 5553.9411 5936.2278 273.06584254426247 5936.2278 6517.6223 489.65273629591627 7859.608 8898.9501 2007sr "" "" ""
CMFGEN 1.02 54468.35999999987 "" "" "" "" "" "" "" "" "" "" "" "" 170.0037479244216 5553.9411 5872.5134 229.51843599719535 5872.5134 6513.6401 590.4442383566752 7851.6437 8898.9501 2007sr "" "" ""
CMFGEN 1.4 54468.35999999987 "" "" "" "" "" "" "" "" "" "" "" "" 170.3298245174667 5553.9411 5872.5134 212.31481922196076 5872.5134 6513.6401 580.4928809535882 7855.6258 8898.9501 2007sr "" "" ""
CMFGEN 1.7 54468.35999999987 "" "" "" "" "" "" "" "" "" "" "" "" 174.62694772471477 5553.9411 5884.4598 310.76337194723936 5884.4598 6549.4795 648.4853402476476 7863.5901 8871.075 2007sr "" "" ""
OBSERVED "" 54470.31999999983 "" "" "" "" "" "" 360.59194651096635 4610.4048 5412.1763 -3.6796910844112176 5294.6234 5508.63 89.95369461493601 5550.8285 5882.3882 210.1094527661836 5882.3882 6518.3799 485.09786018563864 7672.8103 8757.9146 2007sr "" "" ""
CMFGEN 1.04 54470.31999999983 "" "" "" "" "" "" 112.1072759054014 4694.8018 5050.4749 30.337284417254835 5234.3398 5502.6017 150.83896707536525 5550.8285 5936.6434 273.1496371326747 5936.6434 6518.3799 489.98964884018517 7859.6894 8899.581 2007sr "" "" ""
CMFGEN 1.02 54470.31999999983 "" "" "" "" "" "" 236.95828628142425 4688.7734 5231.3256 38.4762674114385 5231.3256 5502.6017 172.67082528470993 5550.8285 5873.3457 229.7226670048596 5873.3457 6515.3657 591.0527392105057 7850.6469 8899.581 2007sr "" "" ""
CMFGEN 1.4 54470.31999999983 "" "" "" "" "" "" 242.38528648816015 4682.7451 5225.2973 37.05958951500773 5225.2973 5502.6017 173.01762043324476 5550.8285 5873.3457 212.33595433384636 5873.3457 6512.3515 580.9284729345275 7856.6752 8899.581 2007sr "" "" ""
CMFGEN 1.7 54470.31999999983 "" "" "" "" "" "" 120.79610775749882 4682.7451 5050.4749 45.723620098716054 5249.4107 5502.6017 177.29170418160209 5550.8285 5885.4024 311.2907801630491 5885.4024 6551.5359 648.5316547276536 7862.7036 8872.4534 2007sr "" "" ""
OBSERVED "" 54482.37000000011 "" "" "" "" "" "" 446.8872685229704 4605.7326 5547.0152 18.881161924958832 5299.3092 5550.3179 49.90834464878634 5550.3179 5831.0513 244.30908393535998 5831.0513 6531.2335 451.9177727594857 7756.5522 8658.2019 2007sr "" "" ""
CMFGEN 1.04 54482.37000000011 "" "" "" "" "" "" 112.12897739644907 4694.9067 5051.6033 30.032657072417635 5236.557 5500.7767 151.37135557172078 5550.3179 5936.7392 273.1314865484811 5936.7392 6518.0225 489.8516813823951 7858.9374 8899.3023 2007sr "" "" ""
CMFGEN 1.02 54482.37000000011 "" "" "" "" "" "" 236.45622758762244 4688.3012 5229.9516 36.0232853497873 5229.9516 5500.7767 173.00607699638476 5550.3179 5873.987 229.71088684434744 5873.987 6514.7197 590.6674074332086 7852.3319 8899.3023 2007sr "" "" ""
CMFGEN 1.4 54482.37000000011 "" "" "" "" "" "" 242.52989558720935 4681.6957 5226.6488 36.45390810200814 5226.6488 5500.7767 173.38630148065715 5550.3179 5873.987 212.27950973355587 5873.987 6511.417 580.8213127336994 7855.6346 8899.3023 2007sr "" "" ""
CMFGEN 1.7 54482.37000000011 "" "" "" "" "" "" 120.23457435952446 4681.6957 5051.6033 44.13780095348616 5249.768 5500.7767 177.2108566041383 5550.3179 5887.198 311.3882027146825 5887.198 6551.05 648.6018582744103 7862.2401 8872.8804 2007sr "" "" ""
OBSERVED "" 54482.35000000009 -1.226338814122613 3954.019 4000.0133 293.7674091480278 3954.019 4618.8461 "" "" "" "" "" "" "" "" "" "" "" "" "" "" "" 2007sr 94.74321636762036 3675.9624 3954.019
CMFGEN 1.04 54482.35000000009 -4.440892098500626e-16 3997.9227 4000.0133 464.29157477693013 3997.9227 4694.1096 "" "" "" "" "" "" "" "" "" "" "" "" "" "" "" 2007sr 286.9203977080752 3500.3477 3997.9227
CMFGEN 1.02 54482.35000000009 0.0 3997.9227 4000.0133 449.2649517550568 3997.9227 4687.8376 "" "" "" "" "" "" "" "" "" "" "" "" "" "" "" 2007sr 227.69232367543844 3500.3477 3997.9227
CMFGEN 1.4 54482.35000000009 0.17841330915152298 3997.9227 4035.5544 387.7892021416281 4035.5544 4681.5657 "" "" "" "" "" "" "" "" "" "" "" "" "" "" "" 2007sr 164.76018170216486 3686.4156 4035.5544
CMFGEN 1.7 54482.35000000009 -0.001086034612829856 3993.7414 4000.0133 494.3939590613386 3993.7414 4683.6563 "" "" "" "" "" "" "" "" "" "" "" "" "" "" "" 2007sr 305.67128602925146 3500.3477 3993.7414
OBSERVED "" 54492.35999999987 -0.32769418476075174 3963.1052 4001.399 302.2504278589091 3963.1052 4616.8339 428.17071956696293 4616.8339 5549.5597 12.946195159626114 5297.9152 5557.7655 71.17561245026056 5557.7655 5847.7038 "" "" "" "" "" "" 2007sr 94.80361206529832 3695.0491 3963.1052
CMFGEN 1.04 54492.35999999987 -4.440892098500626e-16 3998.6637 4001.399 464.056871048256 3998.6637 4693.4214 111.71412302372909 4693.4214 5051.7413 28.476161258811857 5235.0041 5500.3249 148.7786001523255 5552.295 5937.9676 "" "" "" "" "" "" 2007sr 286.43514596193415 3500.8452 3998.6637
CMFGEN 1.02 54492.35999999987 -0.0019926538519943193 3995.9284 4001.399 450.55560710363727 3995.9284 4687.9508 236.25951260881948 4687.9508 5229.5336 35.36458809298452 5229.5336 5500.3249 171.5397683256522 5552.295 5872.3212 "" "" "" "" "" "" 2007sr 227.345180272316 3500.8452 3995.9284
CMFGEN 1.4 54492.35999999987 0.20528141025196334 3998.6637 4034.2222 388.443935889465 4034.2222 4682.4803 242.01952648537087 4682.4803 5224.063 34.609490590243894 5224.063 5500.3249 171.84424921738204 5552.295 5872.3212 "" "" "" "" "" "" 2007sr 164.83007843835819 3686.8433 4034.2222
CMFGEN 1.7 54492.35999999987 -0.00449342309404166 3993.1932 4001.399 494.87673687580445 3993.1932 4682.4803 120.44841547467962 4682.4803 5051.7413 44.91236078450606 5251.4157 5500.3249 175.73636568471693 5552.295 5885.9975 "" "" "" "" "" "" 2007sr 305.39265562520654 3500.8452 3993.1932
OBSERVED "" 54492.37999999989 "" "" "" "" "" "" "" "" "" "" "" "" 70.14648110418989 5551.0728 5845.0227 237.32011841715178 5845.0227 6524.2855 476.59301204067856 7751.7251 8752.7439 2007sr "" "" ""
CMFGEN 1.04 54492.37999999989 "" "" "" "" "" "" "" "" "" "" "" "" 150.63884101586655 5551.0728 5936.3855 273.19919987494717 5936.3855 6520.3132 489.951569527228 7862.9495 8899.7189 2007sr "" "" ""
CMFGEN 1.02 54492.37999999989 "" "" "" "" "" "" "" "" "" "" "" "" 172.53569616279623 5551.0728 5872.8288 229.38065882711828 5872.8288 6512.3686 591.1237460817096 7851.0326 8899.7189 2007sr "" "" ""
CMFGEN 1.4 54492.37999999989 "" "" "" "" "" "" "" "" "" "" "" "" 172.8579339519649 5551.0728 5872.8288 212.30452909841222 5872.8288 6512.3686 581.2662946202154 7855.0049 8899.7189 2007sr "" "" ""
CMFGEN 1.7 54492.37999999989 "" "" "" "" "" "" "" "" "" "" "" "" 177.23525202102994 5551.0728 5884.7457 311.2555408121999 5884.7457 6552.0915 648.5319001442678 7862.9495 8871.9128 2007sr "" "" ""
OBSERVED "" 54497.330000000075 "" "" "" "" "" "" "" "" "" 11.869464591574427 5298.7437 5556.1644 79.22466002541469 5556.1644 5874.1547 243.80244802237223 5874.1547 6525.2777 511.45283325239757 7763.9257 8787.5517 2007sr "" "" ""
CMFGEN 1.04 54497.330000000075 "" "" "" "" "" "" "" "" "" 29.946201224102936 5235.1456 5501.6518 151.27907682072635 5550.1074 5937.7528 273.229755735838 5937.7528 6519.2208 489.83800852377306 7863.8655 8899.6054 2007sr "" "" ""
CMFGEN 1.02 54497.330000000075 "" "" "" "" "" "" "" "" "" 36.213968802413035 5229.0886 5501.6518 173.16425478360082 5550.1074 5874.1547 229.5633676249588 5874.1547 6513.1638 590.9541050078303 7851.7516 8899.6054 2007sr "" "" ""
CMFGEN 1.4 54497.330000000075 "" "" "" "" "" "" "" "" "" 36.79971646751579 5226.0602 5501.6518 173.55029060884186 5550.1074 5874.1547 212.4046888197255 5874.1547 6513.1638 581.1840747412571 7854.7801 8899.6054 2007sr "" "" ""
CMFGEN 1.7 54497.330000000075 "" "" "" "" "" "" "" "" "" 45.5191723105857 5250.288 5501.6518 177.70055173837358 5550.1074 5886.2686 311.42419949558996 5886.2686 6552.534 648.9620575011178 7860.837 8872.3491 2007sr "" "" ""
OBSERVED "" 54497.310000000056 0.06827769218070046 3964.0595 4000.2261 309.3091346308108 3964.0595 4633.1414 432.35863506655977 4633.1414 5546.3477 12.55425287242565 5299.2094 5561.4172 77.81798447901247 5561.4172 5865.8193 242.740356454299 5865.8193 6519.8317 510.72635744416857 7749.4957 8804.3545 2007sr 100.97709801899663 3713.9073 3964.0595
