results/equivalent_width/fixed_True.ecsv
# %ECSV 0.9
# ---
# datatype:
# - name: model
#   datatype: string
# - name: version
#   datatype: string
# - name: time
#   datatype: float64
# - name: pW2
#   datatype: float64
# - name: pW2_start
#   datatype: float64
# - name: pW2_end
#   datatype: float64
# - name: pW3
#   datatype: float64
# - name: pW3_start
#   datatype: float64
# - name: pW3_end
#   datatype: float64
# - name: pW4
#   datatype: float64
# - name: pW4_start
#   datatype: float64
# - name: pW4_end
#   datatype: float64
# - name: pW5
#   datatype: float64
# - name: pW5_start
#   datatype: float64
# - name: pW5_end
#   datatype: float64
# - name: pW6
#   datatype: float64
# - name: pW6_start
#   datatype: float64
# - name: pW6_end
#   datatype: float64
# - name: pW7
#   datatype: float64
# - name: pW7_start
#   datatype: float64
# - name: pW7_end
#   datatype: float64
# - name: pW8
#   datatype: float64
# - name: pW8_start
#   datatype: float64
# - name: pW8_end
#   datatype: float64
# - name: pW1
#   datatype: float64
# - name: pW1_start
#   datatype: float64
# - name: pW1_end
#   datatype: float64
# - name: obj_id
#   datatype: string
# schema: astropy-2.0
model version time pW2 pW2_start pW2_end pW3 pW3_start pW3_end pW4 pW4_start pW4_end pW5 pW5_start pW5_end pW6 pW6_start pW6_end pW7 pW7_start pW7_end pW8 pW8_start pW8_end pW1 pW1_start pW1_end obj_id
[from data line 444]
CMFGEN 1.7 2400145.9 -0.5515195251317426 3993.9746 4032.7679 492.39526536354447 3993.9746 4671.3644 203.82947816381676 4671.3644 5223.4221 82.2060695210842 5223.4221 5572.5613 105.71013750834643 5572.5613 5942.5891 271.5506644121598 5942.5891 6503.5991 355.83972839165403 7834.5058 8613.3548 "" "" "" 2005ki
OBSERVED "" 2400022.06 9.510174342806494 3952.1973 4044.7043 262.5205571885611 3952.1973 4605.7142 337.9785024172771 4605.7142 5483.0384 6.063189410863972 5298.0245 5506.9112 59.71556092190102 5551.6726 5841.1299 210.21747067463895 5841.1299 6443.9172 429.73329122004924 7676.3487 8753.6073 "" "" "" 2005ki
CMFGEN 1.04 2400022.06 -9.273988825686992 3952.1973 4044.7043 438.67093170554034 3952.1973 4605.7142 -150.30055932771907 4605.7142 5483.0384 60.879161985503664 5298.0245 5506.9112 167.92123476587602 5551.6726 5841.1299 158.74314715216957 5841.1299 6443.9172 72.90335467907579 7676.3487 8753.6073 "" "" "" 2005ki
CMFGEN 1.02 2400022.06 -8.647470326770987 3952.1973 4044.7043 420.4092976540885 3952.1973 4605.7142 -126.62954141771874 4605.7142 5483.0384 58.493714712871814 5298.0245 5506.9112 169.9962842636583 5551.6726 5841.1299 123.74498569299975 5841.1299 6443.9172 326.3432588505903 7676.3487 8753.6073 "" "" "" 2005ki
CMFGEN 1.4 2400022.06 -5.043331067464887 3952.1973 4044.7043 375.33791271535006 3952.1973 4605.7142 -98.87487926079886 4605.7142 5483.0384 51.2965656567719 5298.0245 5506.9112 167.5779554585056 5551.6726 5841.1299 116.22305613443477 5841.1299 6443.9172 315.24592900020616 7676.3487 8753.6073 "" "" "" 2005ki
CMFGEN 1.7 2400022.06 -9.71160789504885 3952.1973 4044.7043 456.71987770849995 3952.1973 4605.7142 -219.57297890227403 4605.7142 5483.0384 72.74929045232318 5298.0245 5506.9112 169.02783286172564 5551.6726 5841.1299 156.5774312535488 5841.1299 6443.9172 428.50646768521756 7676.3487 8753.6073 "" "" "" 2005ki
OBSERVED "" 2400011.84 18.289212671984824 3941.3037 4064.1951 214.92079664755363 3941.3037 4584.4355 "" "" "" "" "" "" "" "" "" "" "" "" "" "" "" 93.21617820627776 3668.8944 3941.3037 2005na
CMFGEN 1.04 2400011.84 -20.908601645032675 3941.3037 4064.1951 400.06306791904683 3941.3037 4584.4355 "" "" "" "" "" "" "" "" "" "" "" "" "" "" "" 176.18456524588714 3668.8944 3941.3037 2005na
CMFGEN 1.02 2400011.84 -20.50120434074494 3941.3037 4064.1951 371.87488398539364 3941.3037 4584.4355 "" "" "" "" "" "" "" "" "" "" "" "" "" "" "" 149.4265206001092 3668.8944 3941.3037 2005na
CMFGEN 1.4 2400011.84 -14.430957394074925 3941.3037 4064.1951 313.89596040247216 3941.3037 4584.4355 "" "" "" "" "" "" "" "" "" "" "" "" "" "" "" 133.71145703549442 3668.8944 3941.3037 2005na
CMFGEN 1.7 2400011.84 -24.926248872885857 3941.3037 4064.1951 419.4619840061431 3941.3037 4584.4355 "" "" "" "" "" "" "" "" "" "" "" "" "" "" "" 181.92089219192474 3668.8944 3941.3037 2005na
OBSERVED "" 2400062.8 21.644269028083723 3954.4329 4016.6645 226.81728839484452 4016.6645 4612.3096 211.96932188672554 4612.3096 5498.3688 21.415984352926536 5293.8936 5516.1492 53.64722180983203 5557.637 5830.2706 247.08169904154994 5830.2706 6565.1959 307.73131002099245 7516.45 8692.9232 "" "" "" 2005na
CMFGEN 1.04 2400062.8 -2.593202065875155 3954.4329 4016.6645 427.632254957078 4016.6645 4612.3096 -63.57587020302812 4612.3096 5498.3688 68.93838850137152 5293.8936 5516.1492 158.367347451869 5557.637 5830.2706 215.20126254050257 5830.2706 6565.1959 -66.16485262138468 7516.45 8692.9232 "" "" "" 2005na
CMFGEN 1.02 2400062.8 -3.972702005535531 3954.4329 4016.6645 404.8606654253698 4016.6645 4612.3096 -39.41445579307922 4612.3096 5498.3688 65.86541521568174 5293.8936 5516.1492 159.08169477645063 5557.637 5830.2706 152.62006638386316 5830.2706 6565.1959 60.21887061764136 7516.45 8692.9232 "" "" "" 2005na
CMFGEN 1.4 2400062.8 -2.6633312895471657 3954.4329 4016.6645 364.86310240371654 4016.6645 4612.3096 -15.314142933424044 4612.3096 5498.3688 57.40973514545641 5293.8936 5516.1492 155.68219516258668 5557.637 5830.2706 111.14503371461596 5830.2706 6565.1959 117.98876188670917 7516.45 8692.9232 "" "" "" 2005na
CMFGEN 1.7 2400062.8 -3.0287334334144416 3954.4329 4016.6645 445.71249762301807 4016.6645 4612.3096 -123.07209592053533 4612.3096 5498.3688 81.29926137105232 5293.8936 5516.1492 157.42153104636543 5557.637 5830.2706 224.01557426327193 5830.2706 6565.1959 246.00028984834353 7516.45 8692.9232 "" "" "" 2005na
OBSERVED "" 2400069.75 "" "" "" "" "" "" "" "" "" 43.89037462057123 5279.7124 5501.5297 120.5489883875446 5550.6708 5823.6768 244.83209742114983 5823.6768 6439.3053 529.6789991768163 7650.7695 8690.2398 "" "" "" 2005na
CMFGEN 1.04 2400069.75 "" "" "" "" "" "" "" "" "" 52.35122417253039 5279.7124 5501.5297 159.18538652743212 5550.6708 5823.6768 94.3020414816733 5823.6768 6439.3053 -114.45302391199857 7650.7695 8690.2398 "" "" "" 2005na
CMFGEN 1.02 2400069.75 "" "" "" "" "" "" "" "" "" 55.4098615019949 5279.7124 5501.5297 159.7188961207396 5550.6708 5823.6768 54.149632464100996 5823.6768 6439.3053 275.8472578447209 7650.7695 8690.2398 "" "" "" 2005na
CMFGEN 1.4 2400069.75 "" "" "" "" "" "" "" "" "" 49.61646064916235 5279.7124 5501.5297 155.90288066904395 5550.6708 5823.6768 47.38297914661079 5823.6768 6439.3053 304.6229107993954 7650.7695 8690.2398 "" "" "" 2005na
CMFGEN 1.7 2400069.75 "" "" "" "" "" "" "" "" "" 59.98471078081569 5279.7124 5501.5297 159.02644026561464 5550.6708 5823.6768 80.74153039625352 5823.6768 6439.3053 185.3700197731458 7650.7695 8690.2398 "" "" "" 2005na
OBSERVED "" 2400069.7399999998 70.1136997279375 3923.2992 4052.7259 500.1235604444143 3923.2992 4686.9168 405.2173150280544 4686.9168 5505.5407 82.47619735115373 5236.9803 5505.5407 113.76703173631385 5557.3114 5845.2858 335.7280622834453 5845.2858 6566.8397 420.8965204337604 7819.0431 8712.0874 "" "" "" 2005na
CMFGEN 1.04 2400069.7399999998 -26.390377370249816 3923.2992 4052.7259 489.0642402873722 3923.2992 4686.9168 233.44345975924875 4686.9168 5505.5407 34.75795126521924 5236.9803 5505.5407 164.35012517007615 5557.3114 5845.2858 245.06014610689127 5845.2858 6566.8397 304.5581415667696 7819.0431 8712.0874 "" "" "" 2005na
CMFGEN 1.02 2400069.7399999998 -28.22477367479661 3923.2992 4052.7259 482.18191765598135 3923.2992 4686.9168 237.79391686408712 4686.9168 5505.5407 43.64750080595051 5236.9803 5505.5407 166.7636387719143 5557.3114 5845.2858 192.2478863615162 5845.2858 6566.8397 384.00590993265394 7819.0431 8712.0874 "" "" "" 2005na
CMFGEN 1.4 2400069.7399999998 -22.009922780376353 3923.2992 4052.7259 437.049824529049 3923.2992 4686.9168 227.93041822738445 4686.9168 5505.5407 43.65344209307582 5236.9803 5505.5407 164.6897862414639 5557.3114 5845.2858 156.29801364243326 5845.2858 6566.8397 368.3347602695021 7819.0431 8712.0874 "" "" "" 2005na
CMFGEN 1.7 2400069.7399999998 -31.57569428875302 3923.2992 4052.7259 513.2195859680278 3923.2992 4686.9168 263.1260418248879 4686.9168 5505.5407 30.875542382283413 5236.9803 5505.5407 166.51644871181992 5557.3114 5845.2858 265.798218903327 5845.2858 6566.8397 459.02874267827497 7819.0431 8712.0874 "" "" "" 2005na
OBSERVED "" 2400039.78 8.795631952731895 3997.7196 4023.6049 408.95767680486017 4023.6049 4599.5538 534.4443484691469 4599.5538 5537.8974 70.98903901538678 5246.6873 5537.8974 66.94328235637626 5579.9611 5803.2222 296.41482317640384 5803.2222 6453.5914 522.7185926914406 7751.0941 8670.0237 "" "" "" 2005na
CMFGEN 1.04 2400039.78 -0.21084424989939432 3997.7196 4023.6049 406.8290666507185 4023.6049 4599.5538 -176.76986509709246 4599.5538 5537.8974 71.51324154044025 5246.6873 5537.8974 115.94243163828365 5579.9611 5803.2222 9.252104521794976 5803.2222 6453.5914 -75.00821708226448 7751.0941 8670.0237 "" "" "" 2005na
CMFGEN 1.02 2400039.78 0.09155094505925063 3997.7196 4023.6049 377.9568661958714 4023.6049 4599.5538 -182.32686533519754 4599.5538 5537.8974 71.86191908747426 5246.6873 5537.8974 115.04453822885914 5579.9611 5803.2222 -37.4922639830707 5803.2222 6453.5914 267.38607196470906 7751.0941 8670.0237 "" "" "" 2005na
CMFGEN 1.4 2400039.78 0.3852900316184854 3997.7196 4023.6049 334.7217064427263 4023.6049 4599.5538 -168.16839069762068 4599.5538 5537.8974 64.13097460593221 5246.6873 5537.8974 110.01352026439052 5579.9611 5803.2222 -46.14696095384806 5803.2222 6453.5914 294.19202758939286 7751.0941 8670.0237 "" "" "" 2005na
CMFGEN 1.7 2400039.78 -0.1471630262465737 3997.7196 4023.6049 427.4581896234557 4023.6049 4599.5538 -240.25368098232335 4599.5538 5537.8974 80.47553915020697 5246.6873 5537.8974 119.00743069614308 5579.9611 5803.2222 1.109167858058214 5803.2222 6453.5914 249.69994022503226 7751.0941 8670.0237 "" "" "" 2005na
OBSERVED "" 2400011.86 "" "" "" "" "" "" "" "" "" "" "" "" "" "" "" 159.76995244840265 5869.0733 6466.4367 308.46367089831085 7878.9867 8657.8695 "" "" "" 2005na
CMFGEN 1.04 2400011.86 "" "" "" "" "" "" "" "" "" "" "" "" "" "" "" 218.9980758767315 5869.0733 6466.4367 340.03551776933136 7878.9867 8657.8695 "" "" "" 2005na
CMFGEN 1.02 2400011.86 "" "" "" "" "" "" "" "" "" "" "" "" "" "" "" 185.82912127591868 5869.0733 6466.4367 416.6913016202376 7878.9867 8657.8695 "" "" "" 2005na
CMFGEN 1.4 2400011.86 "" "" "" "" "" "" "" "" "" "" "" "" "" "" "" 173.6713470951534 5869.0733 6466.4367 410.5381784396459 7878.9867 8657.8695 "" "" "" 2005na
CMFGEN 1.7 2400011.86 "" "" "" "" "" "" "" "" "" "" "" "" "" "" "" 244.22001318260703 5869.0733 6466.4367 414.84015895428524 7878.9867 8657.8695 "" "" "" 2005na
OBSERVED "" 2400077.65 1.447615360916466e-14 3998.8841 4001.8475 271.43305922495676 3998.8841 4677.5046 275.4827185147873 4677.5046 5433.1738 15.217094594527174 5299.8204 5510.2224 94.91778997417124 5563.5638 5833.234 278.3875054881868 5833.234 6565.1959 608.0302349293121 7756.4861 8772.9353 "" "" "" 2005na
CMFGEN 1.04 2400077.65 0.0 3998.8841 4001.8475 464.9752108075703 3998.8841 4677.5046 141.0191875097251 4677.5046 5433.1738 63.490766732780806 5299.8204 5510.2224 155.1794856787674 5563.5638 5833.234 223.54694382725305 5833.234 6565.1959 109.96101584220892 7756.4861 8772.9353 "" "" "" 2005na
CMFGEN 1.02 2400077.65 0.0 3998.8841 4001.8475 450.7582035795202 3998.8841 4677.5046 149.13518868894914 4677.5046 5433.1738 60.310949195444174 5299.8204 5510.2224 155.91644707724382 5563.5638 5833.234 163.20156280025225 5833.234 6565.1959 308.12293368608573 7756.4861 8772.9353 "" "" "" 2005na
CMFGEN 1.4 2400077.65 0.0 3998.8841 4001.8475 411.4524382040961 3998.8841 4677.5046 154.705526264284 4677.5046 5433.1738 52.85705658672702 5299.8204 5510.2224 152.63352917781756 5563.5638 5833.234 123.04148649971316 5833.234 6565.1959 280.15616802831954 7756.4861 8772.9353 "" "" "" 2005na
CMFGEN 1.7 2400077.65 -1.3160139644695146e-15 3998.8841 4001.8475 492.6686823941367 3998.8841 4677.5046 158.3366820379228 4677.5046 5433.1738 75.56574033284606 5299.8204 5510.2224 154.14682471320762 5563.5638 5833.234 233.37413375883196 5833.234 6565.1959 529.1873714681176 7756.4861 8772.9353 "" "" "" 2005na
OBSERVED "" 2400011.85 20.247753003311534 3952.4202 4049.4903 224.24237297788972 3952.4202 4609.2608 228.81319972635106 4609.2608 5220.802 37.52337409837261 5220.802 5528.1904 56.87209419264767 5554.0757 5854.9928 119.65381284204432 5854.9928 6330.636 281.77747079465786 7864.3425 8657.081 "" "" "" 2005na
CMFGEN 1.04 2400011.85 -10.6037961060505 3952.4202 4049.4903 445.3707464100826 3952.4202 4609.2608 73.8549371245645 4609.2608 5220.802 41.296587917920135 5220.802 5528.1904 167.75439868294595 5554.0757 5854.9928 25.212216841807574 5854.9928 6330.636 340.8234146626254 7864.3425 8657.081 "" "" "" 2005na
CMFGEN 1.02 2400011.85 -9.672257108323084 3952.4202 4049.4903 429.55616644505426 3952.4202 4609.2608 114.73926729121726 4609.2608 5220.802 48.90158509240025 5220.802 5528.1904 171.26754627159664 5554.0757 5854.9928 40.95495716036337 5854.9928 6330.636 425.14737172171465 7864.3425 8657.081 "" "" "" 2005na
CMFGEN 1.4 2400011.85 -5.675248127654778 3952.4202 4049.4903 386.8192657552361 3952.4202 4609.2608 138.68371060253543 4609.2608 5220.802 49.54869879313252 5220.802 5528.1904 170.12641117340124 5554.0757 5854.9928 37.2613812986612 5854.9928 6330.636 417.96530765868977 7864.3425 8657.081 "" "" "" 2005na
CMFGEN 1.7 2400011.85 -11.049661160404408 3952.4202 4049.4903 462.6129428552585 3952.4202 4609.2608 36.28371957420954 4609.2608 5220.802 21.725616977030665 5220.802 5528.1904 173.9588760457693 5554.0757 5854.9928 28.026862699233277 5854.9928 6330.636 413.32937789503654 7864.3425 8657.081 "" "" "" 2005na
OBSERVED "" 2400019.85 "" "" "" "" "" "" "" "" "" 9.205298618868289 5285.164 5503.3464 85.31632824560171 5553.9593 5854.2166 219.95568138574737 5854.2166 6564.1644 363.12671108424934 7613.3551 8691.272 "" "" "" 2005na
CMFGEN 1.04 2400019.85 "" "" "" "" "" "" "" "" "" 55.73472020643187 5285.164 5503.3464 167.8905088323926 5553.9593 5854.2166 254.39522044864898 5854.2166 6564.1644 -191.8513451326319 7613.3551 8691.272 "" "" "" 2005na
CMFGEN 1.02 2400019.85 "" "" "" "" "" "" "" "" "" 57.0572879625759 5285.164 5503.3464 171.31510696382222 5553.9593 5854.2166 205.8493500687573 5854.2166 6564.1644 157.57934542195363 7613.3551 8691.272 "" "" "" 2005na
CMFGEN 1.4 2400019.85 "" "" "" "" "" "" "" "" "" 50.490459452667444 5285.164 5503.3464 170.11379556129816 5553.9593 5854.2166 173.99524759255198 5854.2166 6564.1644 198.09012571981378 7613.3551 8691.272 "" "" "" 2005na
CMFGEN 1.7 2400019.85 "" "" "" "" "" "" "" "" "" 64.59114107363915 5285.164 5503.3464 173.7607636837203 5553.9593 5854.2166 285.30657461859846 5854.2166 6564.1644 225.60160114569982 7613.3551 8691.272 "" "" "" 2005na
OBSERVED "" 2400067.53 6.864862511638105 3981.99 4012.147 358.10498185738317 3981.99 4624.3338 357.71180878429266 4624.3338 5441.5882 15.308329216954796 5281.7561 5501.9021 139.00176345640088 5556.1847 5833.629 272.0384844549507 5833.629 6460.8943 1042.7035761196319 7634.001 8810.1235 "" "" "" 2006D
CMFGEN 1.04 2400067.53 -0.20896598871418368 3981.99 4012.147 452.7089972518008 3981.99 4624.3338 -14.23355604395941 4624.3338 5441.5882 53.62231648506556 5281.7561 5501.9021 161.34800294732227 5556.1847 5833.629 170.7552017093947 5833.629 6460.8943 89.65576451137031 7634.001 8810.1235 "" "" "" 2006D
CMFGEN 1.02 2400067.53 -0.31248025438615723 3981.99 4012.147 439.45486143859466 3981.99 4624.3338 8.843256718944033 4624.3338 5441.5882 56.08501103278967 5281.7561 5501.9021 162.43532556926425 5556.1847 5833.629 128.42282147403697 5833.629 6460.8943 368.8761899278132 7634.001 8810.1235 "" "" "" 2006D
CMFGEN 1.4 2400067.53 0.07028952586375677 3981.99 4012.147 401.7053265125052 3981.99 4624.3338 36.220416338432656 4624.3338 5441.5882 50.001284196595314 5281.7561 5501.9021 159.33897718763828 5556.1847 5833.629 112.34644783818341 5833.629 6460.8943 333.4696243530673 7634.001 8810.1235 "" "" "" 2006D
CMFGEN 1.7 2400067.53 -0.3426781464854698 3981.99 4012.147 473.454105070681 3981.99 4624.3338 -52.773788201814554 4624.3338 5441.5882 61.663499440775 5281.7561 5501.9021 160.71223888638457 5556.1847 5833.629 158.73594880383123 5833.629 6460.8943 604.6052429285483 7634.001 8810.1235 "" "" "" 2006D
OBSERVED "" 2400036.53 0.20750587451276697 3960.8801 4000.0842 278.3999193756056 3960.8801 4624.3338 369.6201813501185 4624.3338 5498.8864 26.14220767233503 5275.7247 5501.9021 58.53231126974016 5550.1533 5800.4563 227.0187979681997 5800.4563 6488.0356 527.0519774837526 7549.5615 8704.574 "" "" "" 2006D
CMFGEN 1.04 2400036.53 -0.6882447199331528 3960.8801 4000.0842 458.67749661272205 3960.8801 4624.3338 37.425323215232865 4624.3338 5498.8864 51.54647122410433 5275.7247 5501.9021 139.30823786396803 5550.1533 5800.4563 79.41412011080406 5800.4563 6488.0356 -127.13903809325734 7549.5615 8704.574 "" "" "" 2006D
