results/equivalent_width/fixed_False.ecsv
# %ECSV 0.9
# ---
# datatype:
# - name: model
#   datatype: string
# - name: version
#   datatype: string
# - name: phase
#   datatype: float64
# - name: pW2
#   datatype: float64
# - name: pW2_start
#   datatype: float64
# - name: pW2_end
#   datatype: float64
# - name: pW3
#   datatype: float64
# - name: pW3_start
#   datatype: float64
# - name: pW3_end
#   datatype: float64
# - name: pW4
#   datatype: float64
# - name: pW4_start
#   datatype: float64
# - name: pW4_end
#   datatype: float64
# - name: pW5
#   datatype: float64
# - name: pW5_start
#   datatype: float64
# - name: pW5_end
#   datatype: float64
# - name: pW6
#   datatype: float64
# - name: pW6_start
#   datatype: float64
# - name: pW6_end
#   datatype: float64
# - name: pW7
#   datatype: float64
# - name: pW7_start
#   datatype: float64
# - name: pW7_end
#   datatype: float64
# - name: pW8
#   datatype: float64
# - name: pW8_start
#   datatype: float64
# - name: pW8_end
#   datatype: float64
# - name: pW1
#   datatype: float64
# - name: pW1_start
#   datatype: float64
# - name: pW1_end
#   datatype: float64
# - name: obj_id
#   datatype: string
# schema: astropy-2.0
model version phase pW2 pW2_start pW2_end pW3 pW3_start pW3_end pW4 pW4_start pW4_end pW5 pW5_start pW5_end pW6 pW6_start pW6_end pW7 pW7_start pW7_end pW8 pW8_start pW8_end pW1 pW1_start pW1_end obj_id
[from data line 1352]
CMFGEN 1.02 41.09999999962747 -1.370825025001762 3955.7455 4000.4778 285.26825541798394 3955.7455 4634.9703 290.05001963992436 4634.9703 5314.195 3.1460236952559204 5298.8919 5522.5534 103.43179447219612 5550.8054 5853.337 161.63724237020517 5853.337 6477.235 505.3674376194599 7705.0092 8703.4853 "" "" "" 2007on
CMFGEN 1.4 41.09999999962747 -1.3873236534289126 3953.3912 4000.4778 301.3228251987932 3953.3912 4636.1474 299.15501411487423 4636.1474 5315.3722 4.993101204165617 5298.8919 5519.0219 88.80632256392602 5550.8054 5848.6284 183.14681950442164 5848.6284 6473.7035 509.0540120294036 7702.3954 8699.5646 "" "" "" 2007on
CMFGEN 1.7 41.09999999962747 -1.1648369964427794 3956.9227 4000.4778 273.4473249881784 3956.9227 4631.4388 273.9419733430612 4631.4388 5248.2737 -2.581412665358278 5248.2737 5500.1872 152.12610350160412 5550.8054 5882.7662 58.88778430114416 5882.7662 6200.601 360.78298747786846 7861.8379 8783.2066 "" "" "" 2007on
OBSERVED "" 47.95999999996275 -0.053918903731793526 3975.4943 4000.0868 281.563439340307 3975.4943 4636.7597 327.89433268862985 4636.7597 5505.6952 16.229974167049125 5298.0251 5505.6952 92.32664239440237 5552.1477 5833.5954 "" "" "" "" "" "" 115.334402520695 3707.7092 3975.4943 2007on
CMFGEN 1.04 47.95999999996275 -0.5564858616958298 3964.5643 4000.0868 283.5210429829501 3964.5643 4653.1547 228.8468338888876 4653.1547 5202.3875 10.933035776194602 5202.3875 5535.7527 130.98142880560144 5552.1477 5860.9204 "" "" "" "" "" "" 133.56225804567106 3655.7916 3964.5643 2007on
CMFGEN 1.02 47.95999999996275 -0.9790228211607029 3959.0993 4000.0868 293.1187572249571 3959.0993 4636.7597 288.8898877540651 4636.7597 5311.6876 7.78983830429573 5298.0251 5530.2877 112.50403112562532 5552.1477 5855.4554 "" "" "" "" "" "" 103.20137870627896 3713.1742 3959.0993 2007on
CMFGEN 1.4 47.95999999996275 -1.021691359991274 3956.3668 4000.0868 307.35213580090465 3956.3668 4639.4922 302.898202033134 4639.4922 5317.1526 4.7389083906180485 5298.0251 5522.0902 98.5359863192381 5552.1477 5852.7229 "" "" "" "" "" "" 101.21783748627624 3710.4417 3956.3668 2007on
CMFGEN 1.7 47.95999999996275 -0.9047074631065177 3959.0993 4000.0868 296.24352368147737 3959.0993 4639.4922 269.74331252279956 4639.4922 5243.375 -1.0786808845024842 5243.375 5500.2302 157.33964870375164 5552.1477 5882.7804 "" "" "" "" "" "" 119.4117135215429 3685.8492 3959.0993 2007on
OBSERVED "" 47.96999999973923 "" "" "" "" "" "" "" "" "" "" "" "" 91.89317122382378 5556.2834 5822.818 194.7244438900056 5822.818 6491.1435 558.5878768082384 7545.3476 8659.2235 "" "" "" 2007on
CMFGEN 1.04 47.96999999973923 "" "" "" "" "" "" "" "" "" "" "" "" 130.42417186337948 5552.3053 5862.5993 43.315978266072236 5862.5993 6200.7402 396.85638477323687 7855.6416 8718.8954 "" "" "" 2007on
CMFGEN 1.02 47.96999999973923 "" "" "" "" "" "" "" "" "" "" "" "" 112.54018873047222 5552.3053 5854.643 64.7626933703788 5854.643 6220.6308 510.12176290051013 7704.4727 8706.961 "" "" "" 2007on
CMFGEN 1.4 47.96999999973923 "" "" "" "" "" "" "" "" "" "" "" "" 98.62453819267589 5552.3053 5850.6649 169.97700858498075 5850.6649 6479.2092 517.3373090386183 7704.4727 8699.0048 "" "" "" 2007on
CMFGEN 1.7 47.96999999973923 "" "" "" "" "" "" "" "" "" "" "" "" 157.30421938967686 5552.3053 5882.4899 58.684608923981486 5882.4899 6200.7402 396.9118045669917 7863.5978 8798.458 "" "" "" 2007on
OBSERVED "" 49.89999999990687 "" "" "" "" "" "" 321.8332861259298 4648.1227 5503.6577 20.041752882595446 5298.8113 5503.6577 98.2665382172505 5551.8568 5832.0144 206.31063354400158 5832.0144 6476.6781 497.8802886228109 7663.5823 8708.9014 "" "" "" 2007on
CMFGEN 1.04 49.89999999990687 "" "" "" "" "" "" 228.6730524566221 4654.1476 5202.413 13.631482956122227 5202.413 5536.7946 132.27816066137552 5551.8568 5865.1513 45.23290356939993 5865.1513 6202.5454 402.7093686816665 7859.3913 8717.9388 "" "" "" 2007on
CMFGEN 1.02 49.89999999990687 "" "" "" "" "" "" 288.2073037299085 4639.0853 5310.8611 9.157260710444081 5298.8113 5530.7697 115.1618652475333 5551.8568 5856.114 64.36063410529772 5856.114 6217.6076 511.03449010933105 7705.7565 8705.889 "" "" "" 2007on
CMFGEN 1.4 49.89999999990687 "" "" "" "" "" "" 303.46591079775385 4639.0853 5316.8859 4.986916546606371 5298.8113 5521.7324 101.36767961722721 5551.8568 5853.1015 167.493999034478 5853.1015 6482.703 519.2101040599425 7702.7441 8699.8641 "" "" "" 2007on
CMFGEN 1.7 49.89999999990687 "" "" "" "" "" "" 268.1900122793909 4639.0853 5241.5748 0.05627408532164669 5241.5748 5500.6452 158.9971403674956 5551.8568 5883.226 59.483369050884875 5883.226 6202.5454 407.27400838222195 7862.4038 8802.2873 "" "" "" 2007on
OBSERVED "" 54.89999999990687 0.36068100314045654 3981.0194 4008.1189 283.01348912358844 3981.0194 4643.4528 314.21883320155314 4643.4528 5495.583 10.22099144986007 5296.8529 5507.6272 101.99568794315817 5558.8152 5832.8218 195.65261490008385 5832.8218 6477.1888 473.05044565463186 7657.5246 8651.1746 122.99777244360848 3694.9686 3981.0194 2007on
CMFGEN 1.04 54.89999999990687 -0.5791775318822899 3965.9641 4002.0968 306.50203717780715 3965.9641 4658.5081 229.34665881728236 4658.5081 5203.5101 18.498204191808437 5203.5101 5534.7267 137.12637704990973 5552.7931 5865.9434 45.96736785046416 5865.9434 6200.1712 417.26784904889445 7862.2767 8720.429 139.55195105397468 3655.8248 3965.9641 2007on
CMFGEN 1.02 54.89999999990687 -0.9985171359264544 3959.942 4002.0968 302.0584716757787 3959.942 4640.4417 281.88289123624656 4640.4417 5293.8419 11.122760584642958 5293.8419 5531.7157 120.178242162414 5552.7931 5859.9213 65.62090121864368 5859.9213 6218.2375 512.6664296317067 7705.7016 8705.3737 105.18570769321627 3716.046 3959.942 2007on
CMFGEN 1.4 54.89999999990687 -0.8320422875628636 3959.942 4002.0968 312.6527137123 3959.942 4640.4417 304.66441739069586 4640.4417 5317.9304 5.868287012827322 5299.864 5522.6825 107.07844642728412 5552.7931 5856.9102 162.04022740480525 5856.9102 6486.2219 522.9966227423382 7702.6905 8702.3627 102.2064992189772 3716.046 3959.942 2007on
CMFGEN 1.7 54.89999999990687 -0.6720891057350367 3962.953 4002.0968 319.4271968499255 3962.953 4640.4417 265.46448964259514 4640.4417 5239.6428 5.218207322535452 5239.6428 5501.6051 161.65766929131814 5552.7931 5884.0098 60.64455762219634 5884.0098 6200.1712 433.1390257090046 7862.2767 8807.7498 129.2433844791847 3664.858 3962.953 2007on
OBSERVED "" 71.93999999994412 "" "" "" "" "" "" "" "" "" "" "" "" 119.47259377487227 5553.3983 5843.0828 176.05317248471812 5843.0828 6474.0396 400.2097878695747 7549.4439 8628.8164 "" "" "" 2007on
CMFGEN 1.04 71.93999999994412 "" "" "" "" "" "" "" "" "" "" "" "" 151.445368836022 5553.3983 5870.8608 49.357061405532754 5870.8608 6200.2281 458.0774858382739 7866.9064 8735.96 "" "" "" 2007on
CMFGEN 1.02 71.93999999994412 "" "" "" "" "" "" "" "" "" "" "" "" 136.8038605295646 5553.3983 5866.8925 72.41003687458344 5866.8925 6228.0061 513.0508515555068 7704.2068 8712.1503 "" "" "" 2007on
CMFGEN 1.4 71.93999999994412 "" "" "" "" "" "" "" "" "" "" "" "" 125.15392980644789 5553.3983 5862.9242 76.08377103305568 5862.9242 6224.0378 529.6746340205182 7704.2068 8700.2455 "" "" "" 2007on
CMFGEN 1.7 71.93999999994412 "" "" "" "" "" "" "" "" "" "" "" "" 170.3558186832062 5553.3983 5882.7656 64.4731737307227 5882.7656 6200.2281 501.01908974332594 7866.9064 8823.2622 "" "" "" 2007on
OBSERVED "" 71.92999999970198 -0.026929332971098414 3989.1568 4000.0868 274.4974152712799 3989.1568 4639.4922 251.82891106991445 4639.4922 5339.0126 -0.06592016600967682 5292.5601 5502.9627 123.22974679491786 5552.1477 5841.7929 "" "" "" "" "" "" 122.24885451828204 3713.1742 3989.1568 2007on
CMFGEN 1.04 71.92999999970198 -0.2616145430094413 3972.7618 4000.0868 353.3598461799255 3972.7618 4672.2822 235.53746696487258 4672.2822 5210.585 32.97961618021543 5210.585 5530.2877 152.00243886016676 5552.1477 5871.8504 "" "" "" "" "" "" 163.12827890095727 3617.5366 3972.7618 2007on
CMFGEN 1.02 71.92999999970198 -0.4172159558020249 3967.2968 4000.0868 328.3975995628817 3967.2968 4650.4222 265.4332407309375 4650.4222 5281.6301 18.719552032390315 5281.6301 5530.2877 137.1345627981032 5552.1477 5869.1179 "" "" "" "" "" "" 110.36890667696434 3715.9067 3967.2968 2007on
CMFGEN 1.4 71.92999999970198 -0.40999410367105965 3964.5643 4000.0868 324.85113397286796 3964.5643 4647.6897 299.49742999155796 4647.6897 5317.1526 9.409148108381588 5298.0251 5522.0902 125.76368681242688 5552.1477 5863.6529 "" "" "" "" "" "" 106.05566431866248 3721.3717 3964.5643 2007on
CMFGEN 1.7 71.92999999970198 -0.39907595940582175 3964.5643 4000.0868 371.06180933053054 3964.5643 4677.7472 269.5808445571756 4677.7472 5240.6425 21.792410319703883 5240.6425 5500.2302 170.4346836694932 5552.1477 5885.5129 "" "" "" "" "" "" 154.8288151171165 3639.3966 3964.5643 2007on
OBSERVED "" 76.97999999998137 0.9574543214588733 3975.1303 4008.2511 279.94466675268643 3975.1303 4622.4913 259.20926635328817 4622.4913 5336.0939 5.285886039631414 5296.9511 5510.7308 124.20431442778577 5555.8955 5820.8618 191.51940289414847 5820.8618 6450.1569 559.209163915112 7699.7141 8780.6564 132.05045837611814 3728.2299 3975.1303 2007on
CMFGEN 1.04 76.97999999998137 -0.25802384169614756 3975.1303 4002.2292 364.6544189411177 3975.1303 4673.678 236.8811072496922 4673.678 5212.6436 31.675469150767825 5212.6436 5522.7747 155.46100005406183 5552.8845 5872.0485 57.0125954488846 5872.0485 6218.3114 467.075815015137 7868.3291 8741.5136 167.30036941208385 3616.8236 3975.1303 2007on
CMFGEN 1.02 76.97999999998137 -0.5675248445202401 3966.0974 4002.2292 337.5200971563629 3966.0974 4652.6011 239.36208645825133 4652.6011 5203.6107 -2.3856446676088554 5203.6107 5522.7747 141.60844445234994 5552.8845 5869.0375 74.23477915488239 5869.0375 6230.3553 512.277579516081 7705.7361 8714.4148 112.37624791164738 3716.186 3966.0974 2007on
CMFGEN 1.4 76.97999999998137 -0.38862007914370683 3966.0974 4002.2292 328.9204227076144 3966.0974 4649.5901 294.97251625169247 4649.5901 5315.017 12.062956394932602 5299.9621 5522.7747 130.23456536267147 5552.8845 5866.0266 78.04959612367419 5866.0266 6227.3443 530.2407058410869 7702.7251 8702.3709 107.38899802545114 3722.2079 3966.0974 2007on
CMFGEN 1.7 76.97999999998137 -0.3914347793636855 3966.0974 4002.2292 385.21665562466285 3966.0974 4676.689 270.03810708436055 4676.689 5242.7534 27.505329845887804 5242.7534 5501.6978 172.04399406198513 5552.8845 5884.0924 65.9532174549062 5884.0924 6200.2455 515.2850862531657 7868.3291 8825.8211 161.35836496856354 3634.8895 3966.0974 2007on
OBSERVED "" 88.92999999970198 "" "" "" "" "" "" 262.9170151365354 4647.2688 5326.9467 5.175636251003167 5297.252 5501.8153 129.34272866632483 5551.3064 5864.7501 218.4918214978539 5864.7501 6498.2364 391.1699623028069 7854.2929 8672.546 "" "" "" 2007on
CMFGEN 1.04 88.92999999970198 "" "" "" "" "" "" 238.47142316712504 4676.9634 5214.7669 36.88159790458648 5214.7669 5521.6118 164.94750678472025 5551.3064 5871.349 57.807067989195566 5871.349 6221.0862 480.6682004163466 7867.4905 8748.4323 "" "" "" 2007on
CMFGEN 1.02 88.92999999970198 "" "" "" "" "" "" 237.1944848954613 4660.4664 5201.5692 9.670471885748452 5201.5692 5521.6118 152.98473090408058 5551.3064 5871.349 75.92150211070695 5871.349 6230.9844 510.1446503777827 7864.1911 8722.0371 "" "" "" 2007on
CMFGEN 1.4 88.92999999970198 "" "" "" "" "" "" 278.15039041186014 4653.8676 5293.9526 15.641942567399843 5293.9526 5521.6118 142.7348936191346 5551.3064 5868.0495 80.42177349636901 5868.0495 6230.9844 528.7273535307072 7702.5202 8702.2406 "" "" "" 2007on
CMFGEN 1.7 88.92999999970198 "" "" "" "" "" "" 271.0111220644676 4680.2628 5247.7609 36.00483264430187 5247.7609 5501.8153 176.05706464628076 5551.3064 5884.5466 68.1069577475932 5884.5466 6201.2897 542.4127211025288 7867.4905 8834.2169 "" "" "" 2007on
OBSERVED "" 100.89999999990687 1.5823688511749907 3985.5595 4017.9445 232.29025389830826 3985.5595 4627.187 247.32203601375352 4627.187 5303.2235 0.8004427300382524 5293.1032 5501.5815 132.2916844405933 5556.2312 5841.6239 216.07581445750952 5841.6239 6499.4438 454.0853178801573 7857.5891 8865.5717 "" "" "" 2007on
CMFGEN 1.04 100.89999999990687 -0.18231921236007712 3977.4632 4001.752 405.6545820779894 3977.4632 4677.7885 238.83312719956137 4677.7885 5218.2129 40.478821723365414 5218.2129 5519.7981 171.73366089505507 5550.159 5871.9848 58.52070923612456 5871.9848 6222.1474 487.2815459662713 7869.7335 8754.2483 "" "" "" 2007on
CMFGEN 1.02 100.89999999990687 -0.2991570470603285 3973.4151 4001.752 375.87349360597295 3973.4151 4663.6201 236.5004905075969 4663.6201 5206.0686 19.091127050405913 5206.0686 5519.7981 163.47380771409078 5550.159 5869.9607 76.03925605274821 5869.9607 6230.2437 549.3909353735884 7865.6853 8899.9808 "" "" "" 2007on
CMFGEN 1.4 100.89999999990687 -0.2911797307874991 3969.367 4001.752 351.8842434707293 3969.367 4659.5719 267.7138508425287 4659.5719 5291.0791 20.643788808507164 5291.0791 5521.8221 154.18820899193895 5550.159 5869.9607 81.38282031311205 5869.9607 6232.2677 559.8533698316994 7701.7364 8899.9808 "" "" "" 2007on
CMFGEN 1.7 100.89999999990687 -0.22913452404191126 3969.367 4001.752 433.4218562728785 3969.367 4679.8126 268.60249503659884 4679.8126 5248.5738 39.19601212672833 5248.5738 5501.5815 178.87696241305156 5550.159 5884.1291 69.4074035208869 5884.1291 6201.9068 564.2254053643646 7861.6372 8839.2589 "" "" "" 2007on
OBSERVED "" 1.6899999999441206 0.021527714437488042 3995.51712372354 4000.03902860094 171.25631878163023 3995.51712372354 4608.98888542365 162.3102198519452 4608.98888542365 5302.34763329109 78.76557682388194 5299.33303003949 5662.59272185699 55.747109518364184 5662.59272185699 5986.4113544661 134.60470945482112 5986.4113544661 6450.15782133686 274.4106218416947 7964.99595526463 8778.68761625834 96.25354064387778 3716.41510601314 3995.51712372354 2008R
CMFGEN 1.04 1.6899999999441206 0.20561334032457335 3901.56198904875 4000.03902860094 52.062174667198626 3901.56198904875 4504.48263936826 134.67306782652656 4504.48263936826 5139.30784076719 78.73318295526254 5150.11016908541 5605.06404313901 11.760696114623137 5605.06404313901 5820.10574175297 149.96677621743015 5820.10574175297 6281.59125618503 134.8008322186676 7868.52865121351 8508.62940830272 130.58766892766525 3594.32367432344 3901.56198904875 2008R
CMFGEN 1.02 1.6899999999441206 28.609318511958996 3900.55712129822 4113.08665053585 92.25170312757 3900.55712129822 4529.60433313158 170.36312148267962 4529.60433313158 5127.50064469843 86.03934743444222 5177.99524916269 5577.43017999936 17.57115100972876 5577.43017999936 5856.53219770977 158.79089761780438 5856.53219770977 6348.16374465781 210.98205500833762 7823.56081937718 8600.32359053882 127.02703093532227 3611.15520914485 3900.55712129822 2008R
CMFGEN 1.4 1.6899999999441206 40.01628647987647 3903.82294148745 4121.37680947774 130.1297374336138 3903.82294148745 4535.88475657241 211.07333339739233 4535.88475657241 5194.82678398411 84.2861843138184 5194.82678398411 5582.95695262729 27.2318245246528 5582.95695262729 5874.61981721936 160.56656869049294 5874.61981721936 6356.95633747497 244.85380284238173 7823.81203631481 8622.1794641129 124.18271480426685 3595.83097594923 3903.82294148745 2008R
CMFGEN 1.7 1.6899999999441206 13.651801815090568 3900.05468742295 4089.2210414607 62.596816111656324 3900.05468742295 4513.77766606069 146.76225654518257 4513.77766606069 5153.37598927464 90.27296041480261 5153.37598927464 5620.89071020989 14.377995645728333 5620.89071020989 5830.40563619593 139.22081979230762 5830.40563619593 6309.72755319994 163.1528521906758 7856.97267208239 8549.82898607456 117.97798105581111 3619.44536808675 3900.05468742295 2008R
OBSERVED "" 2.790000000037253 "" "" "" "" "" "" "" "" "" 78.52498978871611 5238.7724 5611.3419 53.62042523647629 5611.3419 5956.8701 124.9605042213426 5956.8701 6368.4993 299.46523919554477 7891.8279 8561.8521 "" "" "" 2008R
